# entry-subent-pointer  : F1436-053-0 
# EXFOR reaction        : (90-TH-232(P,F)ELEM/MASS,CUM,SIG) 
# incident energy       : 1.0630e+02 MeV 
# target                : Th-232 
# product               : - 
# level energy          : - 
# MF-MT number          : 3 - 18 
# first author          : Libanova 
# institute             : (4RUSJIA): Institute Yadernych Issledovaniy Rossiiskoi A.N., Moskva 
# reference             : (J,JRN,324,1435,2020) 
# year                  : 2020 
# facility              : (LINAC): Linear accelerator 
# git                   : https://github.com/IAEA-NDS/exfor_master/blob/main/exforall/F14/F1436.x4 
# nds                   : https://nds.iaea.org/EXFOR/F1436
#
#       E_in(MeV)         dE_in(MeV)        XS(B)             dXS(B)
        1.0630E+02        2.8000E+00        3.3900E-02        5.1000E-03
        1.0630E+02        2.8000E+00        1.8500E-02        8.1000E-03
        1.0630E+02        2.8000E+00        3.6600E-02        5.2000E-03
        1.0630E+02        2.8000E+00        3.1100E-02        4.5000E-03
        1.0630E+02        2.8000E+00        3.7200E-02        5.4000E-03
        1.0630E+02        2.8000E+00        5.1500E-02        7.3000E-03
        1.0630E+02        2.8000E+00        5.2200E-02        7.5000E-03
        1.0630E+02        2.8000E+00        5.7000E-02        8.2000E-03
        1.0630E+02        2.8000E+00        1.4200E-02        2.2000E-03
        1.0630E+02        2.8000E+00        7.2700E-03        1.2100E-03
        1.0630E+02        2.8000E+00        2.3400E-02        3.3000E-03
        1.0630E+02        2.8000E+00        1.4900E-02        2.2000E-03
        1.0630E+02        2.8000E+00        1.5700E-03        3.9000E-04
        1.0630E+02        2.8000E+00        3.2300E-02        4.7000E-03
        1.0630E+02        2.8000E+00        1.5000E-02        2.1000E-03
        1.0630E+02        2.8000E+00        1.5300E-02        2.2000E-03
        1.0630E+02        2.8000E+00        1.1600E-02        1.7000E-03
        1.0630E+02        2.8000E+00        1.1000E-02        2.8000E-03
        1.0630E+02        2.8000E+00        4.8200E-03        7.9000E-04
        1.0630E+02        2.8000E+00        3.3900E-02        5.1000E-03
        1.0630E+02        2.8000E+00        1.8500E-02        8.1000E-03
        1.0630E+02        2.8000E+00        3.6600E-02        5.2000E-03
        1.0630E+02        2.8000E+00        3.1100E-02        4.5000E-03
        1.0630E+02        2.8000E+00        3.7200E-02        5.4000E-03
        1.0630E+02        2.8000E+00        5.1500E-02        7.3000E-03
        1.0630E+02        2.8000E+00        5.2200E-02        7.5000E-03
        1.0630E+02        2.8000E+00        5.7000E-02        8.2000E-03
        1.0630E+02        2.8000E+00        1.4200E-02        2.2000E-03
        1.0630E+02        2.8000E+00        7.2700E-03        1.2100E-03
        1.0630E+02        2.8000E+00        2.3400E-02        3.3000E-03
        1.0630E+02        2.8000E+00        1.4900E-02        2.2000E-03
        1.0630E+02        2.8000E+00        1.5700E-03        3.9000E-04
        1.0630E+02        2.8000E+00        3.2300E-02        4.7000E-03
        1.0630E+02        2.8000E+00        1.5000E-02        2.1000E-03
        1.0630E+02        2.8000E+00        1.5300E-02        2.2000E-03
        1.0630E+02        2.8000E+00        1.1600E-02        1.7000E-03
        1.0630E+02        2.8000E+00        1.1000E-02        2.8000E-03
        1.0630E+02        2.8000E+00        4.8200E-03        7.9000E-04
        1.0630E+02        2.8000E+00        3.3900E-02        5.1000E-03
        1.0630E+02        2.8000E+00        1.8500E-02        8.1000E-03
        1.0630E+02        2.8000E+00        3.6600E-02        5.2000E-03
        1.0630E+02        2.8000E+00        3.1100E-02        4.5000E-03
        1.0630E+02        2.8000E+00        3.7200E-02        5.4000E-03
        1.0630E+02        2.8000E+00        5.1500E-02        7.3000E-03
        1.0630E+02        2.8000E+00        5.2200E-02        7.5000E-03
        1.0630E+02        2.8000E+00        5.7000E-02        8.2000E-03
        1.0630E+02        2.8000E+00        1.4200E-02        2.2000E-03
        1.0630E+02        2.8000E+00        7.2700E-03        1.2100E-03
        1.0630E+02        2.8000E+00        2.3400E-02        3.3000E-03
        1.0630E+02        2.8000E+00        1.4900E-02        2.2000E-03
        1.0630E+02        2.8000E+00        1.5700E-03        3.9000E-04
        1.0630E+02        2.8000E+00        3.2300E-02        4.7000E-03
        1.0630E+02        2.8000E+00        1.5000E-02        2.1000E-03
        1.0630E+02        2.8000E+00        1.5300E-02        2.2000E-03
        1.0630E+02        2.8000E+00        1.1600E-02        1.7000E-03
        1.0630E+02        2.8000E+00        1.1000E-02        2.8000E-03
        1.0630E+02        2.8000E+00        4.8200E-03        7.9000E-04
        1.0630E+02        2.8000E+00        3.3900E-02        5.1000E-03
        1.0630E+02        2.8000E+00        1.8500E-02        8.1000E-03
        1.0630E+02        2.8000E+00        3.6600E-02        5.2000E-03
        1.0630E+02        2.8000E+00        3.1100E-02        4.5000E-03
        1.0630E+02        2.8000E+00        3.7200E-02        5.4000E-03
        1.0630E+02        2.8000E+00        5.1500E-02        7.3000E-03
        1.0630E+02        2.8000E+00        5.2200E-02        7.5000E-03
        1.0630E+02        2.8000E+00        5.7000E-02        8.2000E-03
        1.0630E+02        2.8000E+00        1.4200E-02        2.2000E-03
        1.0630E+02        2.8000E+00        7.2700E-03        1.2100E-03
        1.0630E+02        2.8000E+00        2.3400E-02        3.3000E-03
        1.0630E+02        2.8000E+00        1.4900E-02        2.2000E-03
        1.0630E+02        2.8000E+00        1.5700E-03        3.9000E-04
        1.0630E+02        2.8000E+00        3.2300E-02        4.7000E-03
        1.0630E+02        2.8000E+00        1.5000E-02        2.1000E-03
        1.0630E+02        2.8000E+00        1.5300E-02        2.2000E-03
        1.0630E+02        2.8000E+00        1.1600E-02        1.7000E-03
        1.0630E+02        2.8000E+00        1.1000E-02        2.8000E-03
        1.0630E+02        2.8000E+00        4.8200E-03        7.9000E-04
        1.0630E+02        2.8000E+00        3.3900E-02        5.1000E-03
        1.0630E+02        2.8000E+00        1.8500E-02        8.1000E-03
        1.0630E+02        2.8000E+00        3.6600E-02        5.2000E-03
        1.0630E+02        2.8000E+00        3.1100E-02        4.5000E-03
        1.0630E+02        2.8000E+00        3.7200E-02        5.4000E-03
        1.0630E+02        2.8000E+00        5.1500E-02        7.3000E-03
        1.0630E+02        2.8000E+00        5.2200E-02        7.5000E-03
        1.0630E+02        2.8000E+00        5.7000E-02        8.2000E-03
        1.0630E+02        2.8000E+00        1.4200E-02        2.2000E-03
        1.0630E+02        2.8000E+00        7.2700E-03        1.2100E-03
        1.0630E+02        2.8000E+00        2.3400E-02        3.3000E-03
        1.0630E+02        2.8000E+00        1.4900E-02        2.2000E-03
        1.0630E+02        2.8000E+00        1.5700E-03        3.9000E-04
        1.0630E+02        2.8000E+00        3.2300E-02        4.7000E-03
        1.0630E+02        2.8000E+00        1.5000E-02        2.1000E-03
        1.0630E+02        2.8000E+00        1.5300E-02        2.2000E-03
        1.0630E+02        2.8000E+00        1.1600E-02        1.7000E-03
        1.0630E+02        2.8000E+00        1.1000E-02        2.8000E-03
        1.0630E+02        2.8000E+00        4.8200E-03        7.9000E-04
        1.0630E+02        2.8000E+00        3.3900E-02        5.1000E-03
        1.0630E+02        2.8000E+00        1.8500E-02        8.1000E-03
        1.0630E+02        2.8000E+00        3.6600E-02        5.2000E-03
        1.0630E+02        2.8000E+00        3.1100E-02        4.5000E-03
        1.0630E+02        2.8000E+00        3.7200E-02        5.4000E-03
        1.0630E+02        2.8000E+00        5.1500E-02        7.3000E-03
        1.0630E+02        2.8000E+00        5.2200E-02        7.5000E-03
        1.0630E+02        2.8000E+00        5.7000E-02        8.2000E-03
        1.0630E+02        2.8000E+00        1.4200E-02        2.2000E-03
        1.0630E+02        2.8000E+00        7.2700E-03        1.2100E-03
        1.0630E+02        2.8000E+00        2.3400E-02        3.3000E-03
        1.0630E+02        2.8000E+00        1.4900E-02        2.2000E-03
        1.0630E+02        2.8000E+00        1.5700E-03        3.9000E-04
        1.0630E+02        2.8000E+00        3.2300E-02        4.7000E-03
        1.0630E+02        2.8000E+00        1.5000E-02        2.1000E-03
        1.0630E+02        2.8000E+00        1.5300E-02        2.2000E-03
        1.0630E+02        2.8000E+00        1.1600E-02        1.7000E-03
        1.0630E+02        2.8000E+00        1.1000E-02        2.8000E-03
        1.0630E+02        2.8000E+00        4.8200E-03        7.9000E-04
        1.0630E+02        2.8000E+00        3.3900E-02        5.1000E-03
        1.0630E+02        2.8000E+00        1.8500E-02        8.1000E-03
        1.0630E+02        2.8000E+00        3.6600E-02        5.2000E-03
        1.0630E+02        2.8000E+00        3.1100E-02        4.5000E-03
        1.0630E+02        2.8000E+00        3.7200E-02        5.4000E-03
        1.0630E+02        2.8000E+00        5.1500E-02        7.3000E-03
        1.0630E+02        2.8000E+00        5.2200E-02        7.5000E-03
        1.0630E+02        2.8000E+00        5.7000E-02        8.2000E-03
        1.0630E+02        2.8000E+00        1.4200E-02        2.2000E-03
        1.0630E+02        2.8000E+00        7.2700E-03        1.2100E-03
        1.0630E+02        2.8000E+00        2.3400E-02        3.3000E-03
        1.0630E+02        2.8000E+00        1.4900E-02        2.2000E-03
        1.0630E+02        2.8000E+00        1.5700E-03        3.9000E-04
        1.0630E+02        2.8000E+00        3.2300E-02        4.7000E-03
        1.0630E+02        2.8000E+00        1.5000E-02        2.1000E-03
        1.0630E+02        2.8000E+00        1.5300E-02        2.2000E-03
        1.0630E+02        2.8000E+00        1.1600E-02        1.7000E-03
        1.0630E+02        2.8000E+00        1.1000E-02        2.8000E-03
        1.0630E+02        2.8000E+00        4.8200E-03        7.9000E-04
        1.0630E+02        2.8000E+00        3.3900E-02        5.1000E-03
        1.0630E+02        2.8000E+00        1.8500E-02        8.1000E-03
        1.0630E+02        2.8000E+00        3.6600E-02        5.2000E-03
        1.0630E+02        2.8000E+00        3.1100E-02        4.5000E-03
        1.0630E+02        2.8000E+00        3.7200E-02        5.4000E-03
        1.0630E+02        2.8000E+00        5.1500E-02        7.3000E-03
        1.0630E+02        2.8000E+00        5.2200E-02        7.5000E-03
        1.0630E+02        2.8000E+00        5.7000E-02        8.2000E-03
        1.0630E+02        2.8000E+00        1.4200E-02        2.2000E-03
        1.0630E+02        2.8000E+00        7.2700E-03        1.2100E-03
        1.0630E+02        2.8000E+00        2.3400E-02        3.3000E-03
        1.0630E+02        2.8000E+00        1.4900E-02        2.2000E-03
        1.0630E+02        2.8000E+00        1.5700E-03        3.9000E-04
        1.0630E+02        2.8000E+00        3.2300E-02        4.7000E-03
        1.0630E+02        2.8000E+00        1.5000E-02        2.1000E-03
        1.0630E+02        2.8000E+00        1.5300E-02        2.2000E-03
        1.0630E+02        2.8000E+00        1.1600E-02        1.7000E-03
        1.0630E+02        2.8000E+00        1.1000E-02        2.8000E-03
        1.0630E+02        2.8000E+00        4.8200E-03        7.9000E-04
        1.0630E+02        2.8000E+00        3.3900E-02        5.1000E-03
        1.0630E+02        2.8000E+00        1.8500E-02        8.1000E-03
        1.0630E+02        2.8000E+00        3.6600E-02        5.2000E-03
        1.0630E+02        2.8000E+00        3.1100E-02        4.5000E-03
        1.0630E+02        2.8000E+00        3.7200E-02        5.4000E-03
        1.0630E+02        2.8000E+00        5.1500E-02        7.3000E-03
        1.0630E+02        2.8000E+00        5.2200E-02        7.5000E-03
        1.0630E+02        2.8000E+00        5.7000E-02        8.2000E-03
        1.0630E+02        2.8000E+00        1.4200E-02        2.2000E-03
        1.0630E+02        2.8000E+00        7.2700E-03        1.2100E-03
        1.0630E+02        2.8000E+00        2.3400E-02        3.3000E-03
        1.0630E+02        2.8000E+00        1.4900E-02        2.2000E-03
        1.0630E+02        2.8000E+00        1.5700E-03        3.9000E-04
        1.0630E+02        2.8000E+00        3.2300E-02        4.7000E-03
        1.0630E+02        2.8000E+00        1.5000E-02        2.1000E-03
        1.0630E+02        2.8000E+00        1.5300E-02        2.2000E-03
        1.0630E+02        2.8000E+00        1.1600E-02        1.7000E-03
        1.0630E+02        2.8000E+00        1.1000E-02        2.8000E-03
        1.0630E+02        2.8000E+00        4.8200E-03        7.9000E-04
        1.0630E+02        2.8000E+00        3.3900E-02        5.1000E-03
        1.0630E+02        2.8000E+00        1.8500E-02        8.1000E-03
        1.0630E+02        2.8000E+00        3.6600E-02        5.2000E-03
        1.0630E+02        2.8000E+00        3.1100E-02        4.5000E-03
        1.0630E+02        2.8000E+00        3.7200E-02        5.4000E-03
        1.0630E+02        2.8000E+00        5.1500E-02        7.3000E-03
        1.0630E+02        2.8000E+00        5.2200E-02        7.5000E-03
        1.0630E+02        2.8000E+00        5.7000E-02        8.2000E-03
        1.0630E+02        2.8000E+00        1.4200E-02        2.2000E-03
        1.0630E+02        2.8000E+00        7.2700E-03        1.2100E-03
        1.0630E+02        2.8000E+00        2.3400E-02        3.3000E-03
        1.0630E+02        2.8000E+00        1.4900E-02        2.2000E-03
        1.0630E+02        2.8000E+00        1.5700E-03        3.9000E-04
        1.0630E+02        2.8000E+00        3.2300E-02        4.7000E-03
        1.0630E+02        2.8000E+00        1.5000E-02        2.1000E-03
        1.0630E+02        2.8000E+00        1.5300E-02        2.2000E-03
        1.0630E+02        2.8000E+00        1.1600E-02        1.7000E-03
        1.0630E+02        2.8000E+00        1.1000E-02        2.8000E-03
        1.0630E+02        2.8000E+00        4.8200E-03        7.9000E-04
        1.0630E+02        2.8000E+00        3.3900E-02        5.1000E-03
        1.0630E+02        2.8000E+00        1.8500E-02        8.1000E-03
        1.0630E+02        2.8000E+00        3.6600E-02        5.2000E-03
        1.0630E+02        2.8000E+00        3.1100E-02        4.5000E-03
        1.0630E+02        2.8000E+00        3.7200E-02        5.4000E-03
        1.0630E+02        2.8000E+00        5.1500E-02        7.3000E-03
        1.0630E+02        2.8000E+00        5.2200E-02        7.5000E-03
        1.0630E+02        2.8000E+00        5.7000E-02        8.2000E-03
        1.0630E+02        2.8000E+00        1.4200E-02        2.2000E-03
        1.0630E+02        2.8000E+00        7.2700E-03        1.2100E-03
        1.0630E+02        2.8000E+00        2.3400E-02        3.3000E-03
        1.0630E+02        2.8000E+00        1.4900E-02        2.2000E-03
        1.0630E+02        2.8000E+00        1.5700E-03        3.9000E-04
        1.0630E+02        2.8000E+00        3.2300E-02        4.7000E-03
        1.0630E+02        2.8000E+00        1.5000E-02        2.1000E-03
        1.0630E+02        2.8000E+00        1.5300E-02        2.2000E-03
        1.0630E+02        2.8000E+00        1.1600E-02        1.7000E-03
        1.0630E+02        2.8000E+00        1.1000E-02        2.8000E-03
        1.0630E+02        2.8000E+00        4.8200E-03        7.9000E-04
        1.0630E+02        2.8000E+00        3.3900E-02        5.1000E-03
        1.0630E+02        2.8000E+00        1.8500E-02        8.1000E-03
        1.0630E+02        2.8000E+00        3.6600E-02        5.2000E-03
        1.0630E+02        2.8000E+00        3.1100E-02        4.5000E-03
        1.0630E+02        2.8000E+00        3.7200E-02        5.4000E-03
        1.0630E+02        2.8000E+00        5.1500E-02        7.3000E-03
        1.0630E+02        2.8000E+00        5.2200E-02        7.5000E-03
        1.0630E+02        2.8000E+00        5.7000E-02        8.2000E-03
        1.0630E+02        2.8000E+00        1.4200E-02        2.2000E-03
        1.0630E+02        2.8000E+00        7.2700E-03        1.2100E-03
        1.0630E+02        2.8000E+00        2.3400E-02        3.3000E-03
        1.0630E+02        2.8000E+00        1.4900E-02        2.2000E-03
        1.0630E+02        2.8000E+00        1.5700E-03        3.9000E-04
        1.0630E+02        2.8000E+00        3.2300E-02        4.7000E-03
        1.0630E+02        2.8000E+00        1.5000E-02        2.1000E-03
        1.0630E+02        2.8000E+00        1.5300E-02        2.2000E-03
        1.0630E+02        2.8000E+00        1.1600E-02        1.7000E-03
        1.0630E+02        2.8000E+00        1.1000E-02        2.8000E-03
        1.0630E+02        2.8000E+00        4.8200E-03        7.9000E-04
        1.0630E+02        2.8000E+00        3.3900E-02        5.1000E-03
        1.0630E+02        2.8000E+00        1.8500E-02        8.1000E-03
        1.0630E+02        2.8000E+00        3.6600E-02        5.2000E-03
        1.0630E+02        2.8000E+00        3.1100E-02        4.5000E-03
        1.0630E+02        2.8000E+00        3.7200E-02        5.4000E-03
        1.0630E+02        2.8000E+00        5.1500E-02        7.3000E-03
        1.0630E+02        2.8000E+00        5.2200E-02        7.5000E-03
        1.0630E+02        2.8000E+00        5.7000E-02        8.2000E-03
        1.0630E+02        2.8000E+00        1.4200E-02        2.2000E-03
        1.0630E+02        2.8000E+00        7.2700E-03        1.2100E-03
        1.0630E+02        2.8000E+00        2.3400E-02        3.3000E-03
        1.0630E+02        2.8000E+00        1.4900E-02        2.2000E-03
        1.0630E+02        2.8000E+00        1.5700E-03        3.9000E-04
        1.0630E+02        2.8000E+00        3.2300E-02        4.7000E-03
        1.0630E+02        2.8000E+00        1.5000E-02        2.1000E-03
        1.0630E+02        2.8000E+00        1.5300E-02        2.2000E-03
        1.0630E+02        2.8000E+00        1.1600E-02        1.7000E-03
        1.0630E+02        2.8000E+00        1.1000E-02        2.8000E-03
        1.0630E+02        2.8000E+00        4.8200E-03        7.9000E-04
        1.0630E+02        2.8000E+00        3.3900E-02        5.1000E-03
        1.0630E+02        2.8000E+00        1.8500E-02        8.1000E-03
        1.0630E+02        2.8000E+00        3.6600E-02        5.2000E-03
        1.0630E+02        2.8000E+00        3.1100E-02        4.5000E-03
        1.0630E+02        2.8000E+00        3.7200E-02        5.4000E-03
        1.0630E+02        2.8000E+00        5.1500E-02        7.3000E-03
        1.0630E+02        2.8000E+00        5.2200E-02        7.5000E-03
        1.0630E+02        2.8000E+00        5.7000E-02        8.2000E-03
        1.0630E+02        2.8000E+00        1.4200E-02        2.2000E-03
        1.0630E+02        2.8000E+00        7.2700E-03        1.2100E-03
        1.0630E+02        2.8000E+00        2.3400E-02        3.3000E-03
        1.0630E+02        2.8000E+00        1.4900E-02        2.2000E-03
        1.0630E+02        2.8000E+00        1.5700E-03        3.9000E-04
        1.0630E+02        2.8000E+00        3.2300E-02        4.7000E-03
        1.0630E+02        2.8000E+00        1.5000E-02        2.1000E-03
        1.0630E+02        2.8000E+00        1.5300E-02        2.2000E-03
        1.0630E+02        2.8000E+00        1.1600E-02        1.7000E-03
        1.0630E+02        2.8000E+00        1.1000E-02        2.8000E-03
        1.0630E+02        2.8000E+00        4.8200E-03        7.9000E-04
        1.0630E+02        2.8000E+00        3.3900E-02        5.1000E-03
        1.0630E+02        2.8000E+00        1.8500E-02        8.1000E-03
        1.0630E+02        2.8000E+00        3.6600E-02        5.2000E-03
        1.0630E+02        2.8000E+00        3.1100E-02        4.5000E-03
        1.0630E+02        2.8000E+00        3.7200E-02        5.4000E-03
        1.0630E+02        2.8000E+00        5.1500E-02        7.3000E-03
        1.0630E+02        2.8000E+00        5.2200E-02        7.5000E-03
        1.0630E+02        2.8000E+00        5.7000E-02        8.2000E-03
        1.0630E+02        2.8000E+00        1.4200E-02        2.2000E-03
        1.0630E+02        2.8000E+00        7.2700E-03        1.2100E-03
        1.0630E+02        2.8000E+00        2.3400E-02        3.3000E-03
        1.0630E+02        2.8000E+00        1.4900E-02        2.2000E-03
        1.0630E+02        2.8000E+00        1.5700E-03        3.9000E-04
        1.0630E+02        2.8000E+00        3.2300E-02        4.7000E-03
        1.0630E+02        2.8000E+00        1.5000E-02        2.1000E-03
        1.0630E+02        2.8000E+00        1.5300E-02        2.2000E-03
        1.0630E+02        2.8000E+00        1.1600E-02        1.7000E-03
        1.0630E+02        2.8000E+00        1.1000E-02        2.8000E-03
        1.0630E+02        2.8000E+00        4.8200E-03        7.9000E-04
        1.0630E+02        2.8000E+00        3.3900E-02        5.1000E-03
        1.0630E+02        2.8000E+00        1.8500E-02        8.1000E-03
        1.0630E+02        2.8000E+00        3.6600E-02        5.2000E-03
        1.0630E+02        2.8000E+00        3.1100E-02        4.5000E-03
        1.0630E+02        2.8000E+00        3.7200E-02        5.4000E-03
        1.0630E+02        2.8000E+00        5.1500E-02        7.3000E-03
        1.0630E+02        2.8000E+00        5.2200E-02        7.5000E-03
        1.0630E+02        2.8000E+00        5.7000E-02        8.2000E-03
        1.0630E+02        2.8000E+00        1.4200E-02        2.2000E-03
        1.0630E+02        2.8000E+00        7.2700E-03        1.2100E-03
        1.0630E+02        2.8000E+00        2.3400E-02        3.3000E-03
        1.0630E+02        2.8000E+00        1.4900E-02        2.2000E-03
        1.0630E+02        2.8000E+00        1.5700E-03        3.9000E-04
        1.0630E+02        2.8000E+00        3.2300E-02        4.7000E-03
        1.0630E+02        2.8000E+00        1.5000E-02        2.1000E-03
        1.0630E+02        2.8000E+00        1.5300E-02        2.2000E-03
        1.0630E+02        2.8000E+00        1.1600E-02        1.7000E-03
        1.0630E+02        2.8000E+00        1.1000E-02        2.8000E-03
        1.0630E+02        2.8000E+00        4.8200E-03        7.9000E-04
        1.0630E+02        2.8000E+00        3.3900E-02        5.1000E-03
        1.0630E+02        2.8000E+00        1.8500E-02        8.1000E-03
        1.0630E+02        2.8000E+00        3.6600E-02        5.2000E-03
        1.0630E+02        2.8000E+00        3.1100E-02        4.5000E-03
        1.0630E+02        2.8000E+00        3.7200E-02        5.4000E-03
        1.0630E+02        2.8000E+00        5.1500E-02        7.3000E-03
        1.0630E+02        2.8000E+00        5.2200E-02        7.5000E-03
        1.0630E+02        2.8000E+00        5.7000E-02        8.2000E-03
        1.0630E+02        2.8000E+00        1.4200E-02        2.2000E-03
        1.0630E+02        2.8000E+00        7.2700E-03        1.2100E-03
        1.0630E+02        2.8000E+00        2.3400E-02        3.3000E-03
        1.0630E+02        2.8000E+00        1.4900E-02        2.2000E-03
        1.0630E+02        2.8000E+00        1.5700E-03        3.9000E-04
        1.0630E+02        2.8000E+00        3.2300E-02        4.7000E-03
        1.0630E+02        2.8000E+00        1.5000E-02        2.1000E-03
        1.0630E+02        2.8000E+00        1.5300E-02        2.2000E-03
        1.0630E+02        2.8000E+00        1.1600E-02        1.7000E-03
        1.0630E+02        2.8000E+00        1.1000E-02        2.8000E-03
        1.0630E+02        2.8000E+00        4.8200E-03        7.9000E-04
        1.0630E+02        2.8000E+00        3.3900E-02        5.1000E-03
        1.0630E+02        2.8000E+00        1.8500E-02        8.1000E-03
        1.0630E+02        2.8000E+00        3.6600E-02        5.2000E-03
        1.0630E+02        2.8000E+00        3.1100E-02        4.5000E-03
        1.0630E+02        2.8000E+00        3.7200E-02        5.4000E-03
        1.0630E+02        2.8000E+00        5.1500E-02        7.3000E-03
        1.0630E+02        2.8000E+00        5.2200E-02        7.5000E-03
        1.0630E+02        2.8000E+00        5.7000E-02        8.2000E-03
        1.0630E+02        2.8000E+00        1.4200E-02        2.2000E-03
        1.0630E+02        2.8000E+00        7.2700E-03        1.2100E-03
        1.0630E+02        2.8000E+00        2.3400E-02        3.3000E-03
        1.0630E+02        2.8000E+00        1.4900E-02        2.2000E-03
        1.0630E+02        2.8000E+00        1.5700E-03        3.9000E-04
        1.0630E+02        2.8000E+00        3.2300E-02        4.7000E-03
        1.0630E+02        2.8000E+00        1.5000E-02        2.1000E-03
        1.0630E+02        2.8000E+00        1.5300E-02        2.2000E-03
        1.0630E+02        2.8000E+00        1.1600E-02        1.7000E-03
        1.0630E+02        2.8000E+00        1.1000E-02        2.8000E-03
        1.0630E+02        2.8000E+00        4.8200E-03        7.9000E-04
        1.0630E+02        2.8000E+00        3.3900E-02        5.1000E-03
        1.0630E+02        2.8000E+00        1.8500E-02        8.1000E-03
        1.0630E+02        2.8000E+00        3.6600E-02        5.2000E-03
        1.0630E+02        2.8000E+00        3.1100E-02        4.5000E-03
        1.0630E+02        2.8000E+00        3.7200E-02        5.4000E-03
        1.0630E+02        2.8000E+00        5.1500E-02        7.3000E-03
        1.0630E+02        2.8000E+00        5.2200E-02        7.5000E-03
        1.0630E+02        2.8000E+00        5.7000E-02        8.2000E-03
        1.0630E+02        2.8000E+00        1.4200E-02        2.2000E-03
        1.0630E+02        2.8000E+00        7.2700E-03        1.2100E-03
        1.0630E+02        2.8000E+00        2.3400E-02        3.3000E-03
        1.0630E+02        2.8000E+00        1.4900E-02        2.2000E-03
        1.0630E+02        2.8000E+00        1.5700E-03        3.9000E-04
        1.0630E+02        2.8000E+00        3.2300E-02        4.7000E-03
        1.0630E+02        2.8000E+00        1.5000E-02        2.1000E-03
        1.0630E+02        2.8000E+00        1.5300E-02        2.2000E-03
        1.0630E+02        2.8000E+00        1.1600E-02        1.7000E-03
        1.0630E+02        2.8000E+00        1.1000E-02        2.8000E-03
        1.0630E+02        2.8000E+00        4.8200E-03        7.9000E-04
