# entry-subent-pointer  : L0127-002-0 
# EXFOR reaction        : (8-O-16(G,TOT),,SIG) 
# incident energy       : 1.2541e+01 MeV - 2.6562e+01 MeV 
# target                : O-16 
# product               : - 
# level energy          : - 
# MF-MT number          : 3 - 1 
# first author          : Burgov 
# institute             : (4RUSLEB): Fiz.Institute Lebedev (FIAN), Moskva 
# reference             : (J,IZV,27,866,1963) 
# year                  : 1963 
# facility              : (SYNCH): Synchrotron 
# git                   : https://github.com/IAEA-NDS/exfor_master/blob/main/exforall/L01/L0127.x4 
# nds                   : https://nds.iaea.org/EXFOR/L0127
#
#       E_in(MeV)         dE_in(MeV)        XS(B)             dXS(B)
        1.2541E+01        0.0000E+00       -7.4370E-03        7.0300E-03
        1.2727E+01        0.0000E+00        1.7080E-02        7.5200E-03
        1.2935E+01        0.0000E+00        1.2180E-03        5.5580E-03
        1.3081E+01        0.0000E+00       -4.3440E-03        8.0110E-03
        1.3229E+01        0.0000E+00        4.1530E-03        7.1940E-03
        1.3424E+01        0.0000E+00       -7.5500E-04        6.3760E-03
        1.3619E+01        0.0000E+00       -3.3750E-03        5.8850E-03
        1.3753E+01        0.0000E+00        8.2280E-03        8.3380E-03
        1.3962E+01        0.0000E+00       -3.5470E-03        6.8660E-03
        1.4129E+01        0.0000E+00        1.2633E-02        4.5760E-03
        1.4290E+01        0.0000E+00        2.8210E-03        4.5770E-03
        1.4453E+01        0.0000E+00        4.6150E-03        6.5400E-03
        1.4664E+01        0.0000E+00        3.3000E-05        4.7410E-03
        1.4827E+01        0.0000E+00       -1.2780E-03        4.7410E-03
        1.5023E+01        0.0000E+00       -3.0810E-03        4.2510E-03
        1.5188E+01        0.0000E+00        4.5980E-03        3.2690E-03
        1.5365E+01        0.0000E+00       -5.2140E-03        2.9420E-03
        1.5530E+01        0.0000E+00        3.7730E-03        4.0870E-03
        1.5708E+01        0.0000E+00       -2.2800E-03        4.7410E-03
        1.5886E+01        0.0000E+00       -7.1880E-03        7.8480E-03
        1.6066E+01        0.0000E+00       -6.0480E-03        4.4150E-03
        1.6249E+01        0.0000E+00        6.2080E-03        6.2120E-03
        1.6410E+01        0.0000E+00       -2.4600E-03        4.7410E-03
        1.6590E+01        0.0000E+00        3.1500E-04        3.5960E-03
        1.6788E+01        0.0000E+00        1.0282E-02        4.9050E-03
        1.6951E+01        0.0000E+00        9.2980E-03        3.9240E-03
        1.7130E+01        0.0000E+00        9.6200E-03        5.0680E-03
        1.7292E+01        0.0000E+00        3.2410E-03        4.9040E-03
        1.7457E+01        0.0000E+00        1.0921E-02        5.3960E-03
        1.7635E+01        0.0000E+00        2.4160E-03        3.9230E-03
        1.7848E+01        0.0000E+00        7.8060E-03        4.7410E-03
        1.7996E+01        0.0000E+00        1.0908E-02        4.4140E-03
        1.8205E+01        0.0000E+00        4.4100E-04        4.4140E-03
        1.8337E+01        0.0000E+00        6.9770E-03        3.9240E-03
        1.8531E+01        0.0000E+00       -8.7500E-04        4.0880E-03
        1.8713E+01        0.0000E+00        9.0930E-03        4.7400E-03
        1.8859E+01        0.0000E+00        2.8780E-03        3.7590E-03
        1.9103E+01        0.0000E+00       -7.0000E-05        3.4330E-03
        1.9122E+01        0.0000E+00        1.2353E-02        4.0870E-03
        1.9251E+01        0.0000E+00        6.4650E-03        4.0860E-03
        1.9315E+01        0.0000E+00        9.0500E-04        3.5960E-03
        1.9463E+01        0.0000E+00        7.4410E-03        3.1060E-03
        1.9627E+01        0.0000E+00        8.5810E-03        3.4340E-03
        1.9820E+01        0.0000E+00       -3.0300E-03        2.4520E-03
        1.9903E+01        0.0000E+00        1.8720E-03        3.1060E-03
        2.0019E+01        0.0000E+00        1.0207E-02        3.1070E-03
        2.0082E+01        0.0000E+00        2.5220E-03        4.2510E-03
        2.0164E+01        0.0000E+00        3.1740E-03        2.7790E-03
        2.0295E+01        0.0000E+00        5.1330E-03        3.2690E-03
        2.0425E+01        0.0000E+00        5.1300E-03        2.7790E-03
        2.0507E+01        0.0000E+00        5.9450E-03        2.6160E-03
        2.0588E+01        0.0000E+00        3.1640E-03        2.4520E-03
        2.0655E+01        0.0000E+00        9.7020E-03        3.9230E-03
        2.0753E+01        0.0000E+00        9.5360E-03        2.7790E-03
        2.0786E+01        0.0000E+00        1.3458E-02        2.7790E-03
        2.0883E+01        0.0000E+00        7.7350E-03        2.6160E-03
        2.0951E+01        0.0000E+00        1.8359E-02        2.6150E-03
        2.1064E+01        0.0000E+00        1.2471E-02        2.6150E-03
        2.1160E+01        0.0000E+00        7.7280E-03        2.6160E-03
        2.1293E+01        0.0000E+00        1.9005E-02        2.1250E-03
        2.1391E+01        0.0000E+00        1.9166E-02        2.4520E-03
        2.1507E+01        0.0000E+00        2.6029E-02        2.1260E-03
        2.1623E+01        0.0000E+00        3.2565E-02        2.1260E-03
        2.1755E+01        0.0000E+00        3.6812E-02        2.1250E-03
        2.1919E+01        0.0000E+00        4.1549E-02        2.2890E-03
        2.2017E+01        0.0000E+00        4.2855E-02        2.6160E-03
        2.2082E+01        0.0000E+00        4.1546E-02        2.1250E-03
        2.2212E+01        0.0000E+00        4.1542E-02        2.1240E-03
        2.2276E+01        0.0000E+00        3.5329E-02        2.4520E-03
        2.2391E+01        0.0000E+00        3.7615E-02        2.6160E-03
        2.2438E+01        0.0000E+00        2.9113E-02        3.1060E-03
        2.2552E+01        0.0000E+00        2.8784E-02        2.2890E-03
        2.2568E+01        0.0000E+00        2.5187E-02        2.2900E-03
        2.2683E+01        0.0000E+00        2.7963E-02        2.9430E-03
        2.2733E+01        0.0000E+00        3.3684E-02        1.6350E-03
        2.2783E+01        0.0000E+00        3.9241E-02        2.7790E-03
        2.2863E+01        0.0000E+00        3.2373E-02        2.6160E-03
        2.2960E+01        0.0000E+00        2.6976E-02        1.9620E-03
        2.3057E+01        0.0000E+00        2.3541E-02        2.9420E-03
        2.3172E+01        0.0000E+00        2.8933E-02        2.2880E-03
        2.3253E+01        0.0000E+00        2.6642E-02        1.9620E-03
        2.3464E+01        0.0000E+00        2.0916E-02        2.2890E-03
        2.3611E+01        0.0000E+00        2.0585E-02        2.1250E-03
        2.3725E+01        0.0000E+00        2.1727E-02        2.9430E-03
        2.3808E+01        0.0000E+00        2.5975E-02        3.2690E-03
        2.3889E+01        0.0000E+00        2.2540E-02        2.7790E-03
        2.3920E+01        0.0000E+00        1.8616E-02        1.7980E-03
        2.3988E+01        0.0000E+00        3.0221E-02        2.6160E-03
        2.4003E+01        0.0000E+00        2.0740E-02        2.7790E-03
        2.4086E+01        0.0000E+00        3.0383E-02        2.1250E-03
        2.4119E+01        0.0000E+00        3.2180E-02        3.1060E-03
        2.4199E+01        0.0000E+00        2.4331E-02        2.9430E-03
        2.4312E+01        0.0000E+00        1.8607E-02        2.2890E-03
        2.4394E+01        0.0000E+00        2.1548E-02        3.2700E-03
        2.4557E+01        0.0000E+00        2.0727E-02        2.4520E-03
        2.4704E+01        0.0000E+00        2.2031E-02        2.2890E-03
        2.4836E+01        0.0000E+00        2.5297E-02        2.6160E-03
        2.4918E+01        0.0000E+00        3.0036E-02        2.6160E-03
        2.5048E+01        0.0000E+00        2.4475E-02        2.1250E-03
        2.5161E+01        0.0000E+00        2.0222E-02        3.1070E-03
        2.5291E+01        0.0000E+00        1.6623E-02        1.9620E-03
        2.5373E+01        0.0000E+00        2.1035E-02        2.1250E-03
        2.5504E+01        0.0000E+00        2.0541E-02        2.2890E-03
        2.5667E+01        0.0000E+00        1.9229E-02        2.2890E-03
        2.5878E+01        0.0000E+00        1.8571E-02        2.4520E-03
        2.6171E+01        0.0000E+00        1.4640E-02        2.4520E-03
        2.6415E+01        0.0000E+00        8.7500E-03        4.4150E-03
        2.6562E+01        0.0000E+00        9.8910E-03        2.1260E-03
