# entry-subent-pointer  : 11936-006-0 
# EXFOR reaction        : (74-W-0(N,TOT),,SIG) 
# incident energy       : 3.0000e-02 MeV - 6.5000e-01 MeV 
# target                : W-0 
# product               : - 
# level energy          : - 
# MF-MT number          : 3 - 1 
# first author          : Tabony 
# institute             : (1USADKE): Duke University, Durham, NC 
# reference             : (W,SETH,6510) 
# year                  : 1965 
# facility              : None 
# git                   : https://github.com/IAEA-NDS/exfor_master/blob/main/exforall/119/11936.x4 
# nds                   : https://nds.iaea.org/EXFOR/11936
#
#       E_in(MeV)         dE_in(MeV)        XS(B)             dXS(B)
        3.0000E-02        0.0000E+00        1.1600E+01        1.7000E-01
        4.0000E-02        0.0000E+00        1.0800E+01        1.7000E-01
        5.0000E-02        0.0000E+00        1.0800E+01        1.7000E-01
        6.0000E-02        0.0000E+00        1.0300E+01        1.6000E-01
        8.0000E-02        0.0000E+00        9.6500E+00        1.6000E-01
        1.0000E-01        0.0000E+00        9.1000E+00        1.5000E-01
        1.2000E-01        0.0000E+00        8.4100E+00        1.5000E-01
        1.4000E-01        0.0000E+00        7.9800E+00        1.4000E-01
        1.6000E-01        0.0000E+00        8.0300E+00        1.4000E-01
        1.8000E-01        0.0000E+00        7.3800E+00        1.4000E-01
        1.9000E-01        0.0000E+00        7.5300E+00        1.4000E-01
        2.0000E-01        0.0000E+00        7.2300E+00        1.4000E-01
        2.0500E-01        0.0000E+00        7.3100E+00        1.4000E-01
        2.1000E-01        0.0000E+00        7.4900E+00        1.4000E-01
        2.1500E-01        0.0000E+00        7.5900E+00        1.4000E-01
        2.2000E-01        0.0000E+00        7.1800E+00        1.4000E-01
        2.2500E-01        0.0000E+00        7.1800E+00        1.4000E-01
        2.3000E-01        0.0000E+00        7.2100E+00        1.4000E-01
        2.3500E-01        0.0000E+00        7.2300E+00        1.4000E-01
        2.4000E-01        0.0000E+00        7.0900E+00        1.4000E-01
        2.4500E-01        0.0000E+00        7.1600E+00        1.4000E-01
        2.5000E-01        0.0000E+00        7.0500E+00        1.4000E-01
        2.5500E-01        0.0000E+00        6.9800E+00        1.4000E-01
        2.6000E-01        0.0000E+00        6.7700E+00        1.4000E-01
        2.6500E-01        0.0000E+00        6.9700E+00        1.4000E-01
        2.7000E-01        0.0000E+00        6.8500E+00        1.4000E-01
        2.7500E-01        0.0000E+00        6.9000E+00        1.4000E-01
        2.8000E-01        0.0000E+00        6.6200E+00        1.4000E-01
        2.8500E-01        0.0000E+00        6.9300E+00        1.4000E-01
        2.9000E-01        0.0000E+00        6.8300E+00        1.4000E-01
        2.9500E-01        0.0000E+00        6.9500E+00        1.4000E-01
        3.0000E-01        0.0000E+00        6.7700E+00        1.3000E-01
        3.0500E-01        0.0000E+00        6.7300E+00        1.3000E-01
        3.1000E-01        0.0000E+00        6.4700E+00        1.3000E-01
        3.1500E-01        0.0000E+00        6.7000E+00        1.3000E-01
        3.2000E-01        0.0000E+00        6.4900E+00        1.3000E-01
        3.2500E-01        0.0000E+00        6.6500E+00        1.3000E-01
        3.3000E-01        0.0000E+00        6.6100E+00        1.3000E-01
        3.3500E-01        0.0000E+00        6.7500E+00        1.3000E-01
        3.4000E-01        0.0000E+00        6.7100E+00        1.3000E-01
        3.4500E-01        0.0000E+00        6.6300E+00        1.3000E-01
        3.5000E-01        0.0000E+00        6.5600E+00        1.3000E-01
        3.5500E-01        0.0000E+00        6.5400E+00        1.3000E-01
        3.6000E-01        0.0000E+00        6.5800E+00        1.3000E-01
        3.6500E-01        0.0000E+00        6.4600E+00        1.3000E-01
        3.7000E-01        0.0000E+00        6.4600E+00        1.3000E-01
        3.7500E-01        0.0000E+00        6.5500E+00        1.3000E-01
        3.8000E-01        0.0000E+00        6.4600E+00        1.3000E-01
        3.8500E-01        0.0000E+00        6.6700E+00        1.3000E-01
        3.9000E-01        0.0000E+00        6.7800E+00        1.3000E-01
        3.9500E-01        0.0000E+00        6.6400E+00        1.3000E-01
        4.0000E-01        0.0000E+00        6.6300E+00        1.3000E-01
        4.0500E-01        0.0000E+00        6.5100E+00        1.3000E-01
        4.1000E-01        0.0000E+00        6.5000E+00        1.3000E-01
        4.1500E-01        0.0000E+00        6.4700E+00        1.3000E-01
        4.2000E-01        0.0000E+00        6.4500E+00        1.3000E-01
        4.2500E-01        0.0000E+00        6.5600E+00        1.3000E-01
        4.3000E-01        0.0000E+00        6.4200E+00        1.3000E-01
        4.3500E-01        0.0000E+00        6.5800E+00        1.3000E-01
        4.4000E-01        0.0000E+00        6.5800E+00        1.3000E-01
        4.4500E-01        0.0000E+00        6.3300E+00        1.3000E-01
        4.5000E-01        0.0000E+00        6.4500E+00        1.3000E-01
        4.5500E-01        0.0000E+00        6.6100E+00        1.3000E-01
        4.6000E-01        0.0000E+00        6.4200E+00        1.3000E-01
        4.6500E-01        0.0000E+00        6.2200E+00        1.3000E-01
        4.7000E-01        0.0000E+00        6.3100E+00        1.3000E-01
        4.7500E-01        0.0000E+00        6.2900E+00        1.3000E-01
        4.8000E-01        0.0000E+00        6.2700E+00        1.3000E-01
        4.8500E-01        0.0000E+00        6.3800E+00        1.3000E-01
        4.9000E-01        0.0000E+00        6.5700E+00        1.3000E-01
        4.9500E-01        0.0000E+00        6.1600E+00        1.3000E-01
        5.0000E-01        0.0000E+00        6.4100E+00        1.3000E-01
        5.0500E-01        0.0000E+00        6.2100E+00        1.3000E-01
        5.1000E-01        0.0000E+00        6.1100E+00        1.3000E-01
        5.2000E-01        0.0000E+00        6.0900E+00        1.3000E-01
        5.2500E-01        0.0000E+00        6.2900E+00        1.3000E-01
        5.3000E-01        0.0000E+00        6.1200E+00        1.3000E-01
        5.3500E-01        0.0000E+00        6.4100E+00        1.3000E-01
        5.4000E-01        0.0000E+00        6.0500E+00        1.3000E-01
        5.4500E-01        0.0000E+00        6.1100E+00        1.3000E-01
        5.5000E-01        0.0000E+00        6.4300E+00        1.3000E-01
        5.5500E-01        0.0000E+00        6.3100E+00        1.3000E-01
        5.6000E-01        0.0000E+00        6.3100E+00        1.3000E-01
        5.6500E-01        0.0000E+00        6.2200E+00        1.3000E-01
        5.7000E-01        0.0000E+00        6.0800E+00        1.3000E-01
        5.7500E-01        0.0000E+00        6.4700E+00        1.3000E-01
        5.8000E-01        0.0000E+00        6.1900E+00        1.3000E-01
        5.8500E-01        0.0000E+00        6.3000E+00        1.3000E-01
        5.9000E-01        0.0000E+00        6.1500E+00        1.3000E-01
        5.9500E-01        0.0000E+00        6.2300E+00        1.3000E-01
        6.0000E-01        0.0000E+00        6.3000E+00        1.3000E-01
        6.0500E-01        0.0000E+00        6.3400E+00        1.3000E-01
        6.1000E-01        0.0000E+00        6.3300E+00        1.3000E-01
        6.1500E-01        0.0000E+00        6.2000E+00        1.3000E-01
        6.2000E-01        0.0000E+00        6.2800E+00        1.3000E-01
        6.2500E-01        0.0000E+00        6.4100E+00        1.3000E-01
        6.3000E-01        0.0000E+00        6.4900E+00        1.3000E-01
        6.3500E-01        0.0000E+00        6.0500E+00        1.3000E-01
        6.4000E-01        0.0000E+00        5.9000E+00        1.3000E-01
        6.4500E-01        0.0000E+00        6.1700E+00        1.3000E-01
        6.5000E-01        0.0000E+00        6.0800E+00        1.3000E-01
