# entry-subent-pointer  : 20807-004-0 
# EXFOR reaction        : (94-PU-241(N,F),,SIG) 
# incident energy       : 2.9855e-06 MeV - 3.0007e-05 MeV 
# target                : Pu-241 
# product               : - 
# level energy          : - 
# MF-MT number          : 3 - 18 
# first author          : Wagemans 
# institute             : (2ZZZGEL): EC Joint Research Centre (EC-JRC), Geel 
# reference             : (J,NSE,60,44,7605) 
# year                  : 1976 
# facility              : (LINAC): Linear accelerator 
# git                   : https://github.com/IAEA-NDS/exfor_master/blob/main/exforall/208/20807.x4 
# nds                   : https://nds.iaea.org/EXFOR/20807
#
#       E_in(MeV)         dE_in(MeV)        XS(B)             dXS(B)
        2.9855E-06        0.0000E+00        3.7486E+01        0.0000E+00
        3.0080E-06        0.0000E+00        3.7313E+01        0.0000E+00
        3.0307E-06        0.0000E+00        3.7241E+01        0.0000E+00
        3.0536E-06        0.0000E+00        3.9073E+01        0.0000E+00
        3.0769E-06        0.0000E+00        3.8210E+01        0.0000E+00
        3.1004E-06        0.0000E+00        3.8797E+01        0.0000E+00
        3.1241E-06        0.0000E+00        3.8346E+01        0.0000E+00
        3.1482E-06        0.0000E+00        4.1524E+01        0.0000E+00
        3.1725E-06        0.0000E+00        4.1681E+01        0.0000E+00
        3.1971E-06        0.0000E+00        3.9948E+01        0.0000E+00
        3.2220E-06        0.0000E+00        4.2779E+01        0.0000E+00
        3.2472E-06        0.0000E+00        4.2276E+01        0.0000E+00
        3.2726E-06        0.0000E+00        4.5208E+01        0.0000E+00
        3.2984E-06        0.0000E+00        4.5513E+01        0.0000E+00
        3.3245E-06        0.0000E+00        4.3371E+01        0.0000E+00
        3.3509E-06        0.0000E+00        4.4594E+01        0.0000E+00
        3.3776E-06        0.0000E+00        4.7205E+01        0.0000E+00
        3.4046E-06        0.0000E+00        4.8987E+01        0.0000E+00
        3.4320E-06        0.0000E+00        4.9430E+01        0.0000E+00
        3.4597E-06        0.0000E+00        4.9590E+01        0.0000E+00
        3.4877E-06        0.0000E+00        5.4522E+01        0.0000E+00
        3.5161E-06        0.0000E+00        5.3148E+01        0.0000E+00
        3.5448E-06        0.0000E+00        5.2635E+01        0.0000E+00
        3.5739E-06        0.0000E+00        5.5610E+01        0.0000E+00
        3.6033E-06        0.0000E+00        5.5490E+01        0.0000E+00
        3.6331E-06        0.0000E+00        5.8918E+01        0.0000E+00
        3.6632E-06        0.0000E+00        6.3308E+01        0.0000E+00
        3.6938E-06        0.0000E+00        6.0624E+01        0.0000E+00
        3.7247E-06        0.0000E+00        6.6044E+01        0.0000E+00
        3.7560E-06        0.0000E+00        6.4286E+01        0.0000E+00
        3.7877E-06        0.0000E+00        7.1682E+01        0.0000E+00
        3.8198E-06        0.0000E+00        7.1368E+01        0.0000E+00
        3.8524E-06        0.0000E+00        7.4866E+01        0.0000E+00
        3.8853E-06        0.0000E+00        7.7167E+01        0.0000E+00
        3.9187E-06        0.0000E+00        8.4203E+01        0.0000E+00
        3.9525E-06        0.0000E+00        9.0239E+01        0.0000E+00
        3.9867E-06        0.0000E+00        9.5828E+01        0.0000E+00
        4.0214E-06        0.0000E+00        1.0154E+02        0.0000E+00
        4.0565E-06        0.0000E+00        1.1126E+02        0.0000E+00
        4.0787E-06        0.0000E+00        1.2114E+02        0.0000E+00
        4.0876E-06        0.0000E+00        1.2235E+02        0.0000E+00
        4.0966E-06        0.0000E+00        1.3798E+02        0.0000E+00
        4.1056E-06        0.0000E+00        1.3245E+02        0.0000E+00
        4.1146E-06        0.0000E+00        1.3476E+02        0.0000E+00
        4.1236E-06        0.0000E+00        1.4721E+02        0.0000E+00
        4.1327E-06        0.0000E+00        1.5679E+02        0.0000E+00
        4.1418E-06        0.0000E+00        1.6906E+02        0.0000E+00
        4.1510E-06        0.0000E+00        1.7562E+02        0.0000E+00
        4.1601E-06        0.0000E+00        2.0434E+02        0.0000E+00
        4.1693E-06        0.0000E+00        2.2338E+02        0.0000E+00
        4.1786E-06        0.0000E+00        2.4238E+02        0.0000E+00
        4.1878E-06        0.0000E+00        2.8096E+02        0.0000E+00
        4.1971E-06        0.0000E+00        3.2531E+02        0.0000E+00
        4.2064E-06        0.0000E+00        3.7592E+02        0.0000E+00
        4.2158E-06        0.0000E+00        4.5474E+02        0.0000E+00
        4.2251E-06        0.0000E+00        5.2273E+02        0.0000E+00
        4.2346E-06        0.0000E+00        6.3539E+02        0.0000E+00
        4.2440E-06        0.0000E+00        7.3838E+02        0.0000E+00
        4.2535E-06        0.0000E+00        8.3330E+02        0.0000E+00
        4.2630E-06        0.0000E+00        9.3694E+02        0.0000E+00
        4.2725E-06        0.0000E+00        1.0425E+03        0.0000E+00
        4.2821E-06        0.0000E+00        1.0902E+03        0.0000E+00
        4.2917E-06        0.0000E+00        1.0748E+03        0.0000E+00
        4.3013E-06        0.0000E+00        1.0513E+03        0.0000E+00
        4.3110E-06        0.0000E+00        1.0053E+03        0.0000E+00
        4.3207E-06        0.0000E+00        9.0606E+02        0.0000E+00
        4.3304E-06        0.0000E+00        8.2508E+02        0.0000E+00
        4.3402E-06        0.0000E+00        7.3424E+02        0.0000E+00
        4.3500E-06        0.0000E+00        6.5096E+02        0.0000E+00
        4.3598E-06        0.0000E+00        5.6623E+02        0.0000E+00
        4.3697E-06        0.0000E+00        5.0003E+02        0.0000E+00
        4.3796E-06        0.0000E+00        4.5444E+02        0.0000E+00
        4.3895E-06        0.0000E+00        4.1696E+02        0.0000E+00
        4.3995E-06        0.0000E+00        3.8946E+02        0.0000E+00
        4.4095E-06        0.0000E+00        3.8571E+02        0.0000E+00
        4.4196E-06        0.0000E+00        3.6024E+02        0.0000E+00
        4.4296E-06        0.0000E+00        3.4882E+02        0.0000E+00
        4.4397E-06        0.0000E+00        3.4479E+02        0.0000E+00
        4.4499E-06        0.0000E+00        3.4869E+02        0.0000E+00
        4.4600E-06        0.0000E+00        3.5777E+02        0.0000E+00
        4.4703E-06        0.0000E+00        3.6022E+02        0.0000E+00
        4.4805E-06        0.0000E+00        3.7515E+02        0.0000E+00
        4.4908E-06        0.0000E+00        4.0428E+02        0.0000E+00
        4.5011E-06        0.0000E+00        4.1652E+02        0.0000E+00
        4.5114E-06        0.0000E+00        4.2649E+02        0.0000E+00
        4.5218E-06        0.0000E+00        4.4288E+02        0.0000E+00
        4.5323E-06        0.0000E+00        4.5736E+02        0.0000E+00
        4.5427E-06        0.0000E+00        4.7097E+02        0.0000E+00
        4.5532E-06        0.0000E+00        4.8641E+02        0.0000E+00
        4.5638E-06        0.0000E+00        4.8165E+02        0.0000E+00
        4.5743E-06        0.0000E+00        4.9284E+02        0.0000E+00
        4.5849E-06        0.0000E+00        4.7903E+02        0.0000E+00
        4.5956E-06        0.0000E+00        4.6188E+02        0.0000E+00
        4.6062E-06        0.0000E+00        4.3656E+02        0.0000E+00
        4.6169E-06        0.0000E+00        4.0969E+02        0.0000E+00
        4.6277E-06        0.0000E+00        3.7954E+02        0.0000E+00
        4.6385E-06        0.0000E+00        3.3032E+02        0.0000E+00
        4.6493E-06        0.0000E+00        2.9288E+02        0.0000E+00
        4.6602E-06        0.0000E+00        2.5807E+02        0.0000E+00
        4.6711E-06        0.0000E+00        2.2049E+02        0.0000E+00
        4.6820E-06        0.0000E+00        1.8152E+02        0.0000E+00
        4.6930E-06        0.0000E+00        1.4713E+02        0.0000E+00
        4.7040E-06        0.0000E+00        1.2850E+02        0.0000E+00
        4.7151E-06        0.0000E+00        1.0822E+02        0.0000E+00
        4.7262E-06        0.0000E+00        9.0956E+01        0.0000E+00
        4.7373E-06        0.0000E+00        7.7158E+01        0.0000E+00
        4.7485E-06        0.0000E+00        6.8518E+01        0.0000E+00
        4.7597E-06        0.0000E+00        6.1832E+01        0.0000E+00
        4.7710E-06        0.0000E+00        5.1422E+01        0.0000E+00
        4.7823E-06        0.0000E+00        4.5005E+01        0.0000E+00
        4.7936E-06        0.0000E+00        4.8446E+01        0.0000E+00
        4.8050E-06        0.0000E+00        4.4761E+01        0.0000E+00
        4.8164E-06        0.0000E+00        4.2779E+01        0.0000E+00
        4.8279E-06        0.0000E+00        4.3280E+01        0.0000E+00
        4.8394E-06        0.0000E+00        4.0405E+01        0.0000E+00
        4.8509E-06        0.0000E+00        4.4950E+01        0.0000E+00
        4.8625E-06        0.0000E+00        4.6566E+01        0.0000E+00
        4.8741E-06        0.0000E+00        4.6946E+01        0.0000E+00
        4.8858E-06        0.0000E+00        5.5374E+01        0.0000E+00
        4.8975E-06        0.0000E+00        5.5070E+01        0.0000E+00
        4.9092E-06        0.0000E+00        5.7219E+01        0.0000E+00
        4.9210E-06        0.0000E+00        5.5688E+01        0.0000E+00
        4.9329E-06        0.0000E+00        6.1610E+01        0.0000E+00
        4.9447E-06        0.0000E+00        6.6626E+01        0.0000E+00
        4.9567E-06        0.0000E+00        6.8856E+01        0.0000E+00
        4.9686E-06        0.0000E+00        6.7648E+01        0.0000E+00
        4.9806E-06        0.0000E+00        6.9207E+01        0.0000E+00
        4.9927E-06        0.0000E+00        7.7272E+01        0.0000E+00
        5.0048E-06        0.0000E+00        8.1016E+01        0.0000E+00
        5.0169E-06        0.0000E+00        7.8256E+01        0.0000E+00
        5.0291E-06        0.0000E+00        8.0559E+01        0.0000E+00
        5.0413E-06        0.0000E+00        8.5488E+01        0.0000E+00
        5.0536E-06        0.0000E+00        8.7773E+01        0.0000E+00
        5.0659E-06        0.0000E+00        9.0816E+01        0.0000E+00
        5.0783E-06        0.0000E+00        9.1556E+01        0.0000E+00
        5.0907E-06        0.0000E+00        9.6985E+01        0.0000E+00
        5.1031E-06        0.0000E+00        1.0142E+02        0.0000E+00
        5.1156E-06        0.0000E+00        1.0605E+02        0.0000E+00
        5.1282E-06        0.0000E+00        1.1209E+02        0.0000E+00
        5.1407E-06        0.0000E+00        1.0552E+02        0.0000E+00
        5.1534E-06        0.0000E+00        1.1620E+02        0.0000E+00
        5.1661E-06        0.0000E+00        1.1851E+02        0.0000E+00
        5.1788E-06        0.0000E+00        1.2190E+02        0.0000E+00
        5.1916E-06        0.0000E+00        1.1956E+02        0.0000E+00
        5.2044E-06        0.0000E+00        1.2735E+02        0.0000E+00
        5.2173E-06        0.0000E+00        1.2789E+02        0.0000E+00
        5.2302E-06        0.0000E+00        1.4046E+02        0.0000E+00
        5.2431E-06        0.0000E+00        1.3809E+02        0.0000E+00
        5.2562E-06        0.0000E+00        1.4514E+02        0.0000E+00
        5.2692E-06        0.0000E+00        1.5324E+02        0.0000E+00
        5.2823E-06        0.0000E+00        1.6099E+02        0.0000E+00
        5.2955E-06        0.0000E+00        1.5828E+02        0.0000E+00
        5.3087E-06        0.0000E+00        1.6037E+02        0.0000E+00
        5.3220E-06        0.0000E+00        1.5788E+02        0.0000E+00
        5.3353E-06        0.0000E+00        1.6462E+02        0.0000E+00
        5.3486E-06        0.0000E+00        1.7070E+02        0.0000E+00
        5.3621E-06        0.0000E+00        1.8436E+02        0.0000E+00
        5.3755E-06        0.0000E+00        1.8638E+02        0.0000E+00
        5.3890E-06        0.0000E+00        1.8945E+02        0.0000E+00
        5.4026E-06        0.0000E+00        1.9923E+02        0.0000E+00
        5.4162E-06        0.0000E+00        2.0499E+02        0.0000E+00
        5.4299E-06        0.0000E+00        2.0749E+02        0.0000E+00
        5.4436E-06        0.0000E+00        2.1406E+02        0.0000E+00
        5.4574E-06        0.0000E+00        2.1945E+02        0.0000E+00
        5.4712E-06        0.0000E+00        2.2035E+02        0.0000E+00
        5.4851E-06        0.0000E+00        2.1978E+02        0.0000E+00
        5.4990E-06        0.0000E+00        2.3480E+02        0.0000E+00
        5.5130E-06        0.0000E+00        2.3338E+02        0.0000E+00
        5.5270E-06        0.0000E+00        2.4418E+02        0.0000E+00
        5.5411E-06        0.0000E+00        2.4730E+02        0.0000E+00
        5.5552E-06        0.0000E+00        2.5660E+02        0.0000E+00
        5.5694E-06        0.0000E+00        2.6814E+02        0.0000E+00
        5.5837E-06        0.0000E+00        2.6955E+02        0.0000E+00
        5.5980E-06        0.0000E+00        2.7045E+02        0.0000E+00
        5.6123E-06        0.0000E+00        2.7534E+02        0.0000E+00
        5.6267E-06        0.0000E+00        2.8420E+02        0.0000E+00
        5.6412E-06        0.0000E+00        2.9017E+02        0.0000E+00
        5.6557E-06        0.0000E+00        3.0787E+02        0.0000E+00
        5.6703E-06        0.0000E+00        3.1368E+02        0.0000E+00
        5.6850E-06        0.0000E+00        3.2343E+02        0.0000E+00
        5.6997E-06        0.0000E+00        3.1589E+02        0.0000E+00
        5.7144E-06        0.0000E+00        3.3312E+02        0.0000E+00
        5.7292E-06        0.0000E+00        3.4421E+02        0.0000E+00
        5.7441E-06        0.0000E+00        3.3363E+02        0.0000E+00
        5.7590E-06        0.0000E+00        3.5346E+02        0.0000E+00
        5.7740E-06        0.0000E+00        3.6094E+02        0.0000E+00
        5.7891E-06        0.0000E+00        3.5903E+02        0.0000E+00
        5.8042E-06        0.0000E+00        3.6566E+02        0.0000E+00
        5.8193E-06        0.0000E+00        3.8009E+02        0.0000E+00
        5.8346E-06        0.0000E+00        3.8706E+02        0.0000E+00
        5.8498E-06        0.0000E+00        3.9081E+02        0.0000E+00
        5.8652E-06        0.0000E+00        3.9186E+02        0.0000E+00
        5.8806E-06        0.0000E+00        4.1172E+02        0.0000E+00
        5.8960E-06        0.0000E+00        4.0596E+02        0.0000E+00
        5.9116E-06        0.0000E+00        4.1024E+02        0.0000E+00
        5.9271E-06        0.0000E+00        4.2293E+02        0.0000E+00
        5.9428E-06        0.0000E+00        4.2697E+02        0.0000E+00
        5.9585E-06        0.0000E+00        4.2201E+02        0.0000E+00
        5.9743E-06        0.0000E+00        4.1904E+02        0.0000E+00
        5.9901E-06        0.0000E+00        4.3536E+02        0.0000E+00
        6.0060E-06        0.0000E+00        4.3453E+02        0.0000E+00
        6.0220E-06        0.0000E+00        4.4292E+02        0.0000E+00
        6.0380E-06        0.0000E+00        4.3660E+02        0.0000E+00
        6.0541E-06        0.0000E+00        4.3528E+02        0.0000E+00
        6.0702E-06        0.0000E+00        4.4518E+02        0.0000E+00
        6.0864E-06        0.0000E+00        4.3099E+02        0.0000E+00
        6.1027E-06        0.0000E+00        4.2783E+02        0.0000E+00
        6.1191E-06        0.0000E+00        4.3807E+02        0.0000E+00
        6.1355E-06        0.0000E+00        4.5148E+02        0.0000E+00
        6.1520E-06        0.0000E+00        4.2701E+02        0.0000E+00
        6.1685E-06        0.0000E+00        4.3353E+02        0.0000E+00
        6.1851E-06        0.0000E+00        4.1969E+02        0.0000E+00
        6.2018E-06        0.0000E+00        4.2735E+02        0.0000E+00
        6.2186E-06        0.0000E+00        4.2999E+02        0.0000E+00
        6.2354E-06        0.0000E+00        4.2100E+02        0.0000E+00
        6.2523E-06        0.0000E+00        4.1406E+02        0.0000E+00
        6.2692E-06        0.0000E+00        4.0886E+02        0.0000E+00
        6.2862E-06        0.0000E+00        3.9146E+02        0.0000E+00
        6.3033E-06        0.0000E+00        3.9698E+02        0.0000E+00
        6.3205E-06        0.0000E+00        4.0591E+02        0.0000E+00
        6.3377E-06        0.0000E+00        3.9904E+02        0.0000E+00
        6.3550E-06        0.0000E+00        3.8585E+02        0.0000E+00
        6.3724E-06        0.0000E+00        3.8566E+02        0.0000E+00
        6.3898E-06        0.0000E+00        3.7546E+02        0.0000E+00
        6.4073E-06        0.0000E+00        3.7764E+02        0.0000E+00
        6.4249E-06        0.0000E+00        3.6258E+02        0.0000E+00
        6.4426E-06        0.0000E+00        3.5641E+02        0.0000E+00
        6.4603E-06        0.0000E+00        3.4970E+02        0.0000E+00
        6.4781E-06        0.0000E+00        3.5163E+02        0.0000E+00
        6.4960E-06        0.0000E+00        3.4120E+02        0.0000E+00
        6.5140E-06        0.0000E+00        3.3697E+02        0.0000E+00
        6.5320E-06        0.0000E+00        3.3331E+02        0.0000E+00
        6.5501E-06        0.0000E+00        3.3627E+02        0.0000E+00
        6.5683E-06        0.0000E+00        3.1683E+02        0.0000E+00
        6.5865E-06        0.0000E+00        3.2898E+02        0.0000E+00
        6.6049E-06        0.0000E+00        3.2462E+02        0.0000E+00
        6.6233E-06        0.0000E+00        3.1879E+02        0.0000E+00
        6.6417E-06        0.0000E+00        3.2404E+02        0.0000E+00
        6.6603E-06        0.0000E+00        3.1399E+02        0.0000E+00
        6.6790E-06        0.0000E+00        3.2153E+02        0.0000E+00
        6.6977E-06        0.0000E+00        3.1923E+02        0.0000E+00
        6.7165E-06        0.0000E+00        3.2215E+02        0.0000E+00
        6.7353E-06        0.0000E+00        3.4462E+02        0.0000E+00
        6.7543E-06        0.0000E+00        3.3480E+02        0.0000E+00
        6.7733E-06        0.0000E+00        3.5444E+02        0.0000E+00
        6.7925E-06        0.0000E+00        3.8128E+02        0.0000E+00
        6.8116E-06        0.0000E+00        4.1310E+02        0.0000E+00
        6.8309E-06        0.0000E+00        4.6113E+02        0.0000E+00
        6.8503E-06        0.0000E+00        5.2337E+02        0.0000E+00
        6.8697E-06        0.0000E+00        5.7717E+02        0.0000E+00
        6.8893E-06        0.0000E+00        6.4781E+02        0.0000E+00
        6.9089E-06        0.0000E+00        7.2018E+02        0.0000E+00
        6.9286E-06        0.0000E+00        7.7693E+02        0.0000E+00
        6.9484E-06        0.0000E+00        7.7081E+02        0.0000E+00
        6.9682E-06        0.0000E+00        7.6783E+02        0.0000E+00
        6.9882E-06        0.0000E+00        7.0106E+02        0.0000E+00
        7.0082E-06        0.0000E+00        6.3444E+02        0.0000E+00
        7.0283E-06        0.0000E+00        5.5951E+02        0.0000E+00
        7.0485E-06        0.0000E+00        4.7320E+02        0.0000E+00
        7.0688E-06        0.0000E+00        4.2072E+02        0.0000E+00
        7.0892E-06        0.0000E+00        3.5878E+02        0.0000E+00
        7.1097E-06        0.0000E+00        3.1111E+02        0.0000E+00
        7.1302E-06        0.0000E+00        2.7976E+02        0.0000E+00
        7.1509E-06        0.0000E+00        2.5513E+02        0.0000E+00
        7.1716E-06        0.0000E+00        2.3445E+02        0.0000E+00
        7.1924E-06        0.0000E+00        2.1559E+02        0.0000E+00
        7.2134E-06        0.0000E+00        2.0609E+02        0.0000E+00
        7.2344E-06        0.0000E+00        1.8919E+02        0.0000E+00
        7.2555E-06        0.0000E+00        1.8798E+02        0.0000E+00
        7.2767E-06        0.0000E+00        1.7161E+02        0.0000E+00
        7.2980E-06        0.0000E+00        1.7513E+02        0.0000E+00
        7.3193E-06        0.0000E+00        1.6708E+02        0.0000E+00
        7.3408E-06        0.0000E+00        1.6444E+02        0.0000E+00
        7.3624E-06        0.0000E+00        1.5964E+02        0.0000E+00
        7.3841E-06        0.0000E+00        1.4614E+02        0.0000E+00
        7.4058E-06        0.0000E+00        1.4699E+02        0.0000E+00
        7.4277E-06        0.0000E+00        1.4217E+02        0.0000E+00
        7.4496E-06        0.0000E+00        1.4191E+02        0.0000E+00
        7.4717E-06        0.0000E+00        1.4353E+02        0.0000E+00
        7.4938E-06        0.0000E+00        1.3574E+02        0.0000E+00
        7.5161E-06        0.0000E+00        1.3583E+02        0.0000E+00
        7.5384E-06        0.0000E+00        1.2859E+02        0.0000E+00
        7.5609E-06        0.0000E+00        1.2563E+02        0.0000E+00
        7.5834E-06        0.0000E+00        1.2829E+02        0.0000E+00
        7.6061E-06        0.0000E+00        1.2254E+02        0.0000E+00
        7.6288E-06        0.0000E+00        1.1707E+02        0.0000E+00
        7.6517E-06        0.0000E+00        1.1660E+02        0.0000E+00
        7.6746E-06        0.0000E+00        1.1917E+02        0.0000E+00
        7.6977E-06        0.0000E+00        1.1541E+02        0.0000E+00
        7.7209E-06        0.0000E+00        1.1722E+02        0.0000E+00
        7.7441E-06        0.0000E+00        1.1868E+02        0.0000E+00
        7.7675E-06        0.0000E+00        1.0808E+02        0.0000E+00
        7.7910E-06        0.0000E+00        1.1865E+02        0.0000E+00
        7.8146E-06        0.0000E+00        1.1677E+02        0.0000E+00
        7.8383E-06        0.0000E+00        1.2029E+02        0.0000E+00
        7.8621E-06        0.0000E+00        1.1509E+02        0.0000E+00
        7.8860E-06        0.0000E+00        1.1155E+02        0.0000E+00
        7.9100E-06        0.0000E+00        1.1267E+02        0.0000E+00
        7.9341E-06        0.0000E+00        1.0998E+02        0.0000E+00
        7.9584E-06        0.0000E+00        1.0961E+02        0.0000E+00
        7.9827E-06        0.0000E+00        1.0191E+02        0.0000E+00
        8.0072E-06        0.0000E+00        1.0755E+02        0.0000E+00
        8.0318E-06        0.0000E+00        1.0899E+02        0.0000E+00
        8.0565E-06        0.0000E+00        1.1010E+02        0.0000E+00
        8.0813E-06        0.0000E+00        1.0327E+02        0.0000E+00
        8.1062E-06        0.0000E+00        1.0650E+02        0.0000E+00
        8.1312E-06        0.0000E+00        1.0361E+02        0.0000E+00
        8.1564E-06        0.0000E+00        1.0878E+02        0.0000E+00
        8.1816E-06        0.0000E+00        1.0695E+02        0.0000E+00
        8.2070E-06        0.0000E+00        1.0861E+02        0.0000E+00
        8.2325E-06        0.0000E+00        1.1269E+02        0.0000E+00
        8.2581E-06        0.0000E+00        1.1360E+02        0.0000E+00
        8.2839E-06        0.0000E+00        1.1508E+02        0.0000E+00
        8.3097E-06        0.0000E+00        1.2056E+02        0.0000E+00
        8.3357E-06        0.0000E+00        1.2715E+02        0.0000E+00
        8.3618E-06        0.0000E+00        1.3307E+02        0.0000E+00
        8.3881E-06        0.0000E+00        1.4343E+02        0.0000E+00
        8.4144E-06        0.0000E+00        1.6086E+02        0.0000E+00
        8.4409E-06        0.0000E+00        1.8567E+02        0.0000E+00
        8.4675E-06        0.0000E+00        2.1563E+02        0.0000E+00
        8.4942E-06        0.0000E+00        2.7287E+02        0.0000E+00
        8.5211E-06        0.0000E+00        3.4942E+02        0.0000E+00
        8.5481E-06        0.0000E+00        4.4223E+02        0.0000E+00
        8.5752E-06        0.0000E+00        5.5789E+02        0.0000E+00
        8.6024E-06        0.0000E+00        6.6144E+02        0.0000E+00
        8.6298E-06        0.0000E+00        6.9021E+02        0.0000E+00
        8.6573E-06        0.0000E+00        6.6399E+02        0.0000E+00
        8.6849E-06        0.0000E+00        5.6499E+02        0.0000E+00
        8.7127E-06        0.0000E+00        4.3357E+02        0.0000E+00
        8.7406E-06        0.0000E+00        3.3901E+02        0.0000E+00
        8.7686E-06        0.0000E+00        2.4523E+02        0.0000E+00
        8.7968E-06        0.0000E+00        1.9475E+02        0.0000E+00
        8.8251E-06        0.0000E+00        1.7131E+02        0.0000E+00
        8.8535E-06        0.0000E+00        1.5167E+02        0.0000E+00
        8.8821E-06        0.0000E+00        1.4227E+02        0.0000E+00
        8.9108E-06        0.0000E+00        1.4213E+02        0.0000E+00
        8.9397E-06        0.0000E+00        1.3010E+02        0.0000E+00
        8.9686E-06        0.0000E+00        1.3511E+02        0.0000E+00
        8.9978E-06        0.0000E+00        1.3308E+02        0.0000E+00
        9.0271E-06        0.0000E+00        1.3196E+02        0.0000E+00
        9.0565E-06        0.0000E+00        1.3420E+02        0.0000E+00
        9.0861E-06        0.0000E+00        1.3863E+02        0.0000E+00
        9.1158E-06        0.0000E+00        1.3493E+02        0.0000E+00
        9.1456E-06        0.0000E+00        1.4515E+02        0.0000E+00
        9.1756E-06        0.0000E+00        1.4289E+02        0.0000E+00
        9.2058E-06        0.0000E+00        1.4884E+02        0.0000E+00
        9.2361E-06        0.0000E+00        1.4928E+02        0.0000E+00
        9.2665E-06        0.0000E+00        1.5931E+02        0.0000E+00
        9.2971E-06        0.0000E+00        1.6900E+02        0.0000E+00
        9.3279E-06        0.0000E+00        1.6596E+02        0.0000E+00
        9.3588E-06        0.0000E+00        1.6918E+02        0.0000E+00
        9.3899E-06        0.0000E+00        1.7842E+02        0.0000E+00
        9.4211E-06        0.0000E+00        1.9117E+02        0.0000E+00
        9.4524E-06        0.0000E+00        1.9728E+02        0.0000E+00
        9.4840E-06        0.0000E+00        2.0942E+02        0.0000E+00
        9.5156E-06        0.0000E+00        2.1664E+02        0.0000E+00
        9.5475E-06        0.0000E+00        2.2111E+02        0.0000E+00
        9.5795E-06        0.0000E+00        2.2835E+02        0.0000E+00
        9.6117E-06        0.0000E+00        2.2157E+02        0.0000E+00
        9.6440E-06        0.0000E+00        1.9581E+02        0.0000E+00
        9.6765E-06        0.0000E+00        1.7636E+02        0.0000E+00
        9.7091E-06        0.0000E+00        1.4986E+02        0.0000E+00
        9.7420E-06        0.0000E+00        1.3589E+02        0.0000E+00
        9.7750E-06        0.0000E+00        1.4255E+02        0.0000E+00
        9.8081E-06        0.0000E+00        1.5649E+02        0.0000E+00
        9.8414E-06        0.0000E+00        1.7463E+02        0.0000E+00
        9.8749E-06        0.0000E+00        1.8700E+02        0.0000E+00
        9.9086E-06        0.0000E+00        1.9192E+02        0.0000E+00
        9.9424E-06        0.0000E+00        2.2025E+02        0.0000E+00
        9.9764E-06        0.0000E+00        2.2100E+02        0.0000E+00
        1.0011E-05        0.0000E+00        2.1752E+02        0.0000E+00
        1.0045E-05        0.0000E+00        2.2596E+02        0.0000E+00
        1.0079E-05        0.0000E+00        2.1502E+02        0.0000E+00
        1.0114E-05        0.0000E+00        2.0711E+02        0.0000E+00
        1.0149E-05        0.0000E+00        1.9881E+02        0.0000E+00
        1.0184E-05        0.0000E+00        1.8644E+02        0.0000E+00
        1.0219E-05        0.0000E+00        1.7321E+02        0.0000E+00
        1.0255E-05        0.0000E+00        1.6672E+02        0.0000E+00
        1.0291E-05        0.0000E+00        1.5527E+02        0.0000E+00
        1.0326E-05        0.0000E+00        1.4639E+02        0.0000E+00
        1.0362E-05        0.0000E+00        1.3364E+02        0.0000E+00
        1.0398E-05        0.0000E+00        1.2435E+02        0.0000E+00
        1.0435E-05        0.0000E+00        1.1246E+02        0.0000E+00
        1.0472E-05        0.0000E+00        1.0222E+02        0.0000E+00
        1.0508E-05        0.0000E+00        9.5213E+01        0.0000E+00
        1.0545E-05        0.0000E+00        8.7334E+01        0.0000E+00
        1.0582E-05        0.0000E+00        8.1212E+01        0.0000E+00
        1.0620E-05        0.0000E+00        6.9544E+01        0.0000E+00
        1.0657E-05        0.0000E+00        6.8361E+01        0.0000E+00
        1.0695E-05        0.0000E+00        6.2113E+01        0.0000E+00
        1.0733E-05        0.0000E+00        5.5688E+01        0.0000E+00
        1.0771E-05        0.0000E+00        5.3246E+01        0.0000E+00
        1.0809E-05        0.0000E+00        5.0269E+01        0.0000E+00
        1.0848E-05        0.0000E+00        5.1583E+01        0.0000E+00
        1.0887E-05        0.0000E+00        5.2755E+01        0.0000E+00
        1.0926E-05        0.0000E+00        5.0271E+01        0.0000E+00
        1.0965E-05        0.0000E+00        4.7326E+01        0.0000E+00
        1.1004E-05        0.0000E+00        4.5471E+01        0.0000E+00
        1.1044E-05        0.0000E+00        4.3891E+01        0.0000E+00
        1.1084E-05        0.0000E+00        3.6424E+01        0.0000E+00
        1.1124E-05        0.0000E+00        3.8213E+01        0.0000E+00
        1.1164E-05        0.0000E+00        3.2458E+01        0.0000E+00
        1.1205E-05        0.0000E+00        2.7461E+01        0.0000E+00
        1.1245E-05        0.0000E+00        2.7863E+01        0.0000E+00
        1.1286E-05        0.0000E+00        2.6739E+01        0.0000E+00
        1.1327E-05        0.0000E+00        2.2845E+01        0.0000E+00
        1.1369E-05        0.0000E+00        2.4309E+01        0.0000E+00
        1.1410E-05        0.0000E+00        2.3990E+01        0.0000E+00
        1.1452E-05        0.0000E+00        2.3148E+01        0.0000E+00
        1.1494E-05        0.0000E+00        2.1523E+01        0.0000E+00
        1.1536E-05        0.0000E+00        2.1865E+01        0.0000E+00
        1.1579E-05        0.0000E+00        2.1945E+01        0.0000E+00
        1.1622E-05        0.0000E+00        2.0203E+01        0.0000E+00
        1.1665E-05        0.0000E+00        2.0870E+01        0.0000E+00
        1.1708E-05        0.0000E+00        2.0757E+01        0.0000E+00
        1.1752E-05        0.0000E+00        2.0321E+01        0.0000E+00
        1.1795E-05        0.0000E+00        2.1821E+01        0.0000E+00
        1.1839E-05        0.0000E+00        2.2284E+01        0.0000E+00
        1.1883E-05        0.0000E+00        2.2938E+01        0.0000E+00
        1.1928E-05        0.0000E+00        2.2437E+01        0.0000E+00
        1.1972E-05        0.0000E+00        2.5003E+01        0.0000E+00
        1.2018E-05        0.0000E+00        2.3925E+01        0.0000E+00
        1.2063E-05        0.0000E+00        2.2089E+01        0.0000E+00
        1.2108E-05        0.0000E+00        2.3432E+01        0.0000E+00
        1.2154E-05        0.0000E+00        2.2871E+01        0.0000E+00
        1.2200E-05        0.0000E+00        2.5785E+01        0.0000E+00
        1.2246E-05        0.0000E+00        2.7614E+01        0.0000E+00
        1.2293E-05        0.0000E+00        3.3143E+01        0.0000E+00
        1.2339E-05        0.0000E+00        3.3315E+01        0.0000E+00
        1.2375E-05        0.0000E+00        3.7575E+01        0.0000E+00
        1.2398E-05        0.0000E+00        3.8657E+01        0.0000E+00
        1.2422E-05        0.0000E+00        4.4731E+01        0.0000E+00
        1.2446E-05        0.0000E+00        4.7797E+01        0.0000E+00
        1.2469E-05        0.0000E+00        4.7242E+01        0.0000E+00
        1.2493E-05        0.0000E+00        5.1293E+01        0.0000E+00
        1.2517E-05        0.0000E+00        5.4714E+01        0.0000E+00
        1.2541E-05        0.0000E+00        6.5327E+01        0.0000E+00
        1.2565E-05        0.0000E+00        7.3683E+01        0.0000E+00
        1.2589E-05        0.0000E+00        8.2763E+01        0.0000E+00
        1.2614E-05        0.0000E+00        9.1450E+01        0.0000E+00
        1.2638E-05        0.0000E+00        1.0914E+02        0.0000E+00
        1.2662E-05        0.0000E+00        1.2851E+02        0.0000E+00
        1.2687E-05        0.0000E+00        1.4525E+02        0.0000E+00
        1.2711E-05        0.0000E+00        1.6601E+02        0.0000E+00
        1.2736E-05        0.0000E+00        1.7615E+02        0.0000E+00
        1.2760E-05        0.0000E+00        1.9572E+02        0.0000E+00
        1.2785E-05        0.0000E+00        2.0408E+02        0.0000E+00
        1.2810E-05        0.0000E+00        2.2271E+02        0.0000E+00
        1.2835E-05        0.0000E+00        2.1915E+02        0.0000E+00
        1.2860E-05        0.0000E+00        2.1289E+02        0.0000E+00
        1.2885E-05        0.0000E+00        2.0177E+02        0.0000E+00
        1.2910E-05        0.0000E+00        1.8714E+02        0.0000E+00
        1.2935E-05        0.0000E+00        1.6645E+02        0.0000E+00
        1.2960E-05        0.0000E+00        1.5092E+02        0.0000E+00
        1.2985E-05        0.0000E+00        1.3104E+02        0.0000E+00
        1.3010E-05        0.0000E+00        1.1814E+02        0.0000E+00
        1.3036E-05        0.0000E+00        9.9203E+01        0.0000E+00
        1.3061E-05        0.0000E+00        8.4309E+01        0.0000E+00
        1.3087E-05        0.0000E+00        7.8885E+01        0.0000E+00
        1.3113E-05        0.0000E+00        7.4561E+01        0.0000E+00
        1.3138E-05        0.0000E+00        7.5196E+01        0.0000E+00
        1.3164E-05        0.0000E+00        7.2575E+01        0.0000E+00
        1.3190E-05        0.0000E+00        7.9591E+01        0.0000E+00
        1.3216E-05        0.0000E+00        8.7432E+01        0.0000E+00
        1.3242E-05        0.0000E+00        1.0799E+02        0.0000E+00
        1.3268E-05        0.0000E+00        1.3173E+02        0.0000E+00
        1.3294E-05        0.0000E+00        1.8334E+02        0.0000E+00
        1.3321E-05        0.0000E+00        2.6235E+02        0.0000E+00
        1.3347E-05        0.0000E+00        3.5276E+02        0.0000E+00
        1.3373E-05        0.0000E+00        4.5621E+02        0.0000E+00
        1.3400E-05        0.0000E+00        5.7598E+02        0.0000E+00
        1.3426E-05        0.0000E+00        6.6474E+02        0.0000E+00
        1.3453E-05        0.0000E+00        6.9309E+02        0.0000E+00
        1.3480E-05        0.0000E+00        6.7039E+02        0.0000E+00
        1.3507E-05        0.0000E+00        5.9339E+02        0.0000E+00
        1.3534E-05        0.0000E+00        4.8090E+02        0.0000E+00
        1.3561E-05        0.0000E+00        3.8181E+02        0.0000E+00
        1.3588E-05        0.0000E+00        2.5944E+02        0.0000E+00
        1.3615E-05        0.0000E+00        1.8306E+02        0.0000E+00
        1.3642E-05        0.0000E+00        1.1749E+02        0.0000E+00
        1.3669E-05        0.0000E+00        8.6715E+01        0.0000E+00
        1.3697E-05        0.0000E+00        6.2250E+01        0.0000E+00
        1.3724E-05        0.0000E+00        5.0068E+01        0.0000E+00
        1.3752E-05        0.0000E+00        4.3081E+01        0.0000E+00
        1.3779E-05        0.0000E+00        4.2442E+01        0.0000E+00
        1.3807E-05        0.0000E+00        3.9580E+01        0.0000E+00
        1.3835E-05        0.0000E+00        3.9531E+01        0.0000E+00
        1.3863E-05        0.0000E+00        3.3171E+01        0.0000E+00
        1.3891E-05        0.0000E+00        3.0211E+01        0.0000E+00
        1.3919E-05        0.0000E+00        3.5648E+01        0.0000E+00
        1.3947E-05        0.0000E+00        3.2809E+01        0.0000E+00
        1.3975E-05        0.0000E+00        3.4974E+01        0.0000E+00
        1.4003E-05        0.0000E+00        3.2723E+01        0.0000E+00
        1.4032E-05        0.0000E+00        3.8476E+01        0.0000E+00
        1.4060E-05        0.0000E+00        3.5069E+01        0.0000E+00
        1.4089E-05        0.0000E+00        3.8375E+01        0.0000E+00
        1.4117E-05        0.0000E+00        3.8556E+01        0.0000E+00
        1.4146E-05        0.0000E+00        4.5308E+01        0.0000E+00
        1.4175E-05        0.0000E+00        4.4904E+01        0.0000E+00
        1.4204E-05        0.0000E+00        5.2320E+01        0.0000E+00
        1.4233E-05        0.0000E+00        5.5582E+01        0.0000E+00
        1.4262E-05        0.0000E+00        6.3195E+01        0.0000E+00
        1.4291E-05        0.0000E+00        6.7122E+01        0.0000E+00
        1.4321E-05        0.0000E+00        7.5729E+01        0.0000E+00
        1.4350E-05        0.0000E+00        8.4884E+01        0.0000E+00
        1.4379E-05        0.0000E+00        9.9949E+01        0.0000E+00
        1.4409E-05        0.0000E+00        1.0836E+02        0.0000E+00
        1.4439E-05        0.0000E+00        1.3178E+02        0.0000E+00
        1.4468E-05        0.0000E+00        1.6639E+02        0.0000E+00
        1.4498E-05        0.0000E+00        2.0851E+02        0.0000E+00
        1.4528E-05        0.0000E+00        2.6492E+02        0.0000E+00
        1.4558E-05        0.0000E+00        3.4019E+02        0.0000E+00
        1.4588E-05        0.0000E+00        4.7305E+02        0.0000E+00
        1.4618E-05        0.0000E+00        6.4508E+02        0.0000E+00
        1.4649E-05        0.0000E+00        8.5600E+02        0.0000E+00
        1.4679E-05        0.0000E+00        1.1040E+03        0.0000E+00
        1.4709E-05        0.0000E+00        1.3846E+03        0.0000E+00
        1.4740E-05        0.0000E+00        1.6458E+03        0.0000E+00
        1.4771E-05        0.0000E+00        1.7921E+03        0.0000E+00
        1.4801E-05        0.0000E+00        1.8167E+03        0.0000E+00
        1.4832E-05        0.0000E+00        1.7231E+03        0.0000E+00
        1.4863E-05        0.0000E+00        1.5368E+03        0.0000E+00
        1.4894E-05        0.0000E+00        1.2732E+03        0.0000E+00
        1.4926E-05        0.0000E+00        1.0265E+03        0.0000E+00
        1.4957E-05        0.0000E+00        7.8109E+02        0.0000E+00
        1.4988E-05        0.0000E+00        5.7890E+02        0.0000E+00
        1.5020E-05        0.0000E+00        4.4294E+02        0.0000E+00
        1.5051E-05        0.0000E+00        3.3273E+02        0.0000E+00
        1.5083E-05        0.0000E+00        2.7019E+02        0.0000E+00
        1.5114E-05        0.0000E+00        2.3965E+02        0.0000E+00
        1.5146E-05        0.0000E+00        1.9649E+02        0.0000E+00
        1.5178E-05        0.0000E+00        1.7672E+02        0.0000E+00
        1.5210E-05        0.0000E+00        1.5611E+02        0.0000E+00
        1.5242E-05        0.0000E+00        1.3677E+02        0.0000E+00
        1.5275E-05        0.0000E+00        1.3252E+02        0.0000E+00
        1.5307E-05        0.0000E+00        1.1348E+02        0.0000E+00
        1.5339E-05        0.0000E+00        1.1333E+02        0.0000E+00
        1.5372E-05        0.0000E+00        1.1340E+02        0.0000E+00
        1.5405E-05        0.0000E+00        1.1193E+02        0.0000E+00
        1.5437E-05        0.0000E+00        1.0687E+02        0.0000E+00
        1.5470E-05        0.0000E+00        1.0390E+02        0.0000E+00
        1.5503E-05        0.0000E+00        1.0909E+02        0.0000E+00
        1.5536E-05        0.0000E+00        1.1079E+02        0.0000E+00
        1.5569E-05        0.0000E+00        1.0999E+02        0.0000E+00
        1.5603E-05        0.0000E+00        1.1656E+02        0.0000E+00
        1.5636E-05        0.0000E+00        1.2073E+02        0.0000E+00
        1.5670E-05        0.0000E+00        1.2661E+02        0.0000E+00
        1.5703E-05        0.0000E+00        1.3162E+02        0.0000E+00
        1.5737E-05        0.0000E+00        1.5041E+02        0.0000E+00
        1.5771E-05        0.0000E+00        1.5279E+02        0.0000E+00
        1.5805E-05        0.0000E+00        1.6774E+02        0.0000E+00
        1.5839E-05        0.0000E+00        1.8371E+02        0.0000E+00
        1.5873E-05        0.0000E+00        2.0908E+02        0.0000E+00
        1.5907E-05        0.0000E+00        2.0409E+02        0.0000E+00
        1.5942E-05        0.0000E+00        2.3342E+02        0.0000E+00
        1.5976E-05        0.0000E+00        2.4004E+02        0.0000E+00
        1.6011E-05        0.0000E+00        2.4110E+02        0.0000E+00
        1.6046E-05        0.0000E+00        2.3268E+02        0.0000E+00
        1.6080E-05        0.0000E+00        2.2811E+02        0.0000E+00
        1.6115E-05        0.0000E+00        2.0476E+02        0.0000E+00
        1.6150E-05        0.0000E+00        2.0066E+02        0.0000E+00
        1.6185E-05        0.0000E+00        1.8313E+02        0.0000E+00
        1.6221E-05        0.0000E+00        1.6131E+02        0.0000E+00
        1.6256E-05        0.0000E+00        1.5412E+02        0.0000E+00
        1.6292E-05        0.0000E+00        1.4653E+02        0.0000E+00
        1.6327E-05        0.0000E+00        1.3633E+02        0.0000E+00
        1.6363E-05        0.0000E+00        1.4297E+02        0.0000E+00
        1.6399E-05        0.0000E+00        1.3732E+02        0.0000E+00
        1.6435E-05        0.0000E+00        1.4541E+02        0.0000E+00
        1.6471E-05        0.0000E+00        1.5715E+02        0.0000E+00
        1.6507E-05        0.0000E+00        1.7345E+02        0.0000E+00
        1.6544E-05        0.0000E+00        1.9776E+02        0.0000E+00
        1.6580E-05        0.0000E+00        2.2178E+02        0.0000E+00
        1.6617E-05        0.0000E+00        2.5303E+02        0.0000E+00
        1.6653E-05        0.0000E+00        2.7702E+02        0.0000E+00
        1.6690E-05        0.0000E+00        2.8878E+02        0.0000E+00
        1.6727E-05        0.0000E+00        2.7957E+02        0.0000E+00
        1.6764E-05        0.0000E+00        2.6344E+02        0.0000E+00
        1.6802E-05        0.0000E+00        2.3122E+02        0.0000E+00
        1.6839E-05        0.0000E+00        1.9744E+02        0.0000E+00
        1.6876E-05        0.0000E+00        1.5054E+02        0.0000E+00
        1.6914E-05        0.0000E+00        1.1542E+02        0.0000E+00
        1.6951E-05        0.0000E+00        8.8312E+01        0.0000E+00
        1.6989E-05        0.0000E+00        5.9739E+01        0.0000E+00
        1.7027E-05        0.0000E+00        4.9091E+01        0.0000E+00
        1.7065E-05        0.0000E+00        3.8371E+01        0.0000E+00
        1.7104E-05        0.0000E+00        3.2078E+01        0.0000E+00
        1.7142E-05        0.0000E+00        2.6109E+01        0.0000E+00
        1.7180E-05        0.0000E+00        2.2093E+01        0.0000E+00
        1.7219E-05        0.0000E+00        1.6562E+01        0.0000E+00
        1.7258E-05        0.0000E+00        1.8266E+01        0.0000E+00
        1.7296E-05        0.0000E+00        1.5599E+01        0.0000E+00
        1.7336E-05        0.0000E+00        1.5068E+01        0.0000E+00
        1.7375E-05        0.0000E+00        1.3932E+01        0.0000E+00
        1.7414E-05        0.0000E+00        1.4215E+01        0.0000E+00
        1.7453E-05        0.0000E+00        1.5001E+01        0.0000E+00
        1.7493E-05        0.0000E+00        1.7398E+01        0.0000E+00
        1.7533E-05        0.0000E+00        2.1298E+01        0.0000E+00
        1.7572E-05        0.0000E+00        2.7598E+01        0.0000E+00
        1.7612E-05        0.0000E+00        3.8295E+01        0.0000E+00
        1.7652E-05        0.0000E+00        6.2789E+01        0.0000E+00
        1.7692E-05        0.0000E+00        9.3915E+01        0.0000E+00
        1.7733E-05        0.0000E+00        1.4433E+02        0.0000E+00
        1.7773E-05        0.0000E+00        2.3680E+02        0.0000E+00
        1.7814E-05        0.0000E+00        3.1126E+02        0.0000E+00
        1.7855E-05        0.0000E+00        3.8750E+02        0.0000E+00
        1.7895E-05        0.0000E+00        4.1106E+02        0.0000E+00
        1.7937E-05        0.0000E+00        3.7157E+02        0.0000E+00
        1.7978E-05        0.0000E+00        3.0606E+02        0.0000E+00
        1.8019E-05        0.0000E+00        2.1513E+02        0.0000E+00
        1.8060E-05        0.0000E+00        1.4075E+02        0.0000E+00
        1.8102E-05        0.0000E+00        8.3461E+01        0.0000E+00
        1.8144E-05        0.0000E+00        5.6363E+01        0.0000E+00
        1.8186E-05        0.0000E+00        5.0283E+01        0.0000E+00
        1.8228E-05        0.0000E+00        4.3239E+01        0.0000E+00
        1.8270E-05        0.0000E+00        3.9254E+01        0.0000E+00
        1.8312E-05        0.0000E+00        3.7923E+01        0.0000E+00
        1.8355E-05        0.0000E+00        3.1515E+01        0.0000E+00
        1.8397E-05        0.0000E+00        2.5125E+01        0.0000E+00
        1.8440E-05        0.0000E+00        1.6125E+01        0.0000E+00
        1.8483E-05        0.0000E+00        1.2015E+01        0.0000E+00
        1.8526E-05        0.0000E+00        7.8201E+00        0.0000E+00
        1.8569E-05        0.0000E+00        4.4137E+00        0.0000E+00
        1.8613E-05        0.0000E+00        5.1814E+00        0.0000E+00
        1.8656E-05        0.0000E+00        3.8196E+00        0.0000E+00
        1.8700E-05        0.0000E+00        4.5859E+00        0.0000E+00
        1.8744E-05        0.0000E+00        2.2650E+00        0.0000E+00
        1.8788E-05        0.0000E+00        3.6089E+00        0.0000E+00
        1.8832E-05        0.0000E+00        4.6603E+00        0.0000E+00
        1.8876E-05        0.0000E+00        4.2691E+00        0.0000E+00
        1.8921E-05        0.0000E+00        3.1125E+00        0.0000E+00
        1.8965E-05        0.0000E+00        2.7248E+00        0.0000E+00
        1.9010E-05        0.0000E+00        3.1980E+00        0.0000E+00
        1.9055E-05        0.0000E+00        1.8574E+00        0.0000E+00
        1.9100E-05        0.0000E+00        2.9019E+00        0.0000E+00
        1.9145E-05        0.0000E+00        2.1364E+00        0.0000E+00
        1.9191E-05        0.0000E+00        2.8924E+00        0.0000E+00
        1.9236E-05        0.0000E+00        3.0773E+00        0.0000E+00
        1.9282E-05        0.0000E+00        2.5990E+00        0.0000E+00
        1.9328E-05        0.0000E+00        2.0276E+00        0.0000E+00
        1.9374E-05        0.0000E+00        3.1567E+00        0.0000E+00
        1.9420E-05        0.0000E+00        3.0574E+00        0.0000E+00
        1.9466E-05        0.0000E+00        1.6410E+00        0.0000E+00
        1.9513E-05        0.0000E+00        2.7655E+00        0.0000E+00
        1.9560E-05        0.0000E+00        2.4796E+00        0.0000E+00
        1.9606E-05        0.0000E+00        2.3818E+00        0.0000E+00
        1.9654E-05        0.0000E+00        2.8454E+00        0.0000E+00
        1.9701E-05        0.0000E+00        2.3739E+00        0.0000E+00
        1.9748E-05        0.0000E+00        2.2767E+00        0.0000E+00
        1.9796E-05        0.0000E+00        1.7143E+00        0.0000E+00
        1.9843E-05        0.0000E+00        1.9902E+00        0.0000E+00
        1.9891E-05        0.0000E+00        1.2444E+00        0.0000E+00
        1.9940E-05        0.0000E+00        2.7247E+00        0.0000E+00
        1.9988E-05        0.0000E+00        2.7202E+00        0.0000E+00
        2.0036E-05        0.0000E+00        3.2699E+00        0.0000E+00
        2.0085E-05        0.0000E+00        3.4490E+00        0.0000E+00
        2.0134E-05        0.0000E+00        2.9830E+00        0.0000E+00
        2.0182E-05        0.0000E+00        3.1619E+00        0.0000E+00
        2.0232E-05        0.0000E+00        3.8911E+00        0.0000E+00
        2.0281E-05        0.0000E+00        3.2432E+00        0.0000E+00
        2.0330E-05        0.0000E+00        2.9633E+00        0.0000E+00
        2.0380E-05        0.0000E+00        5.4256E+00        0.0000E+00
        2.0430E-05        0.0000E+00        7.0591E+00        0.0000E+00
        2.0480E-05        0.0000E+00        8.1410E+00        0.0000E+00
        2.0530E-05        0.0000E+00        1.4859E+01        0.0000E+00
        2.0581E-05        0.0000E+00        2.6096E+01        0.0000E+00
        2.0631E-05        0.0000E+00        3.5485E+01        0.0000E+00
        2.0682E-05        0.0000E+00        5.0729E+01        0.0000E+00
        2.0733E-05        0.0000E+00        6.4750E+01        0.0000E+00
        2.0784E-05        0.0000E+00        6.5912E+01        0.0000E+00
        2.0836E-05        0.0000E+00        5.6618E+01        0.0000E+00
        2.0887E-05        0.0000E+00        4.7712E+01        0.0000E+00
        2.0939E-05        0.0000E+00        2.9672E+01        0.0000E+00
        2.0991E-05        0.0000E+00        2.0567E+01        0.0000E+00
        2.1043E-05        0.0000E+00        1.2924E+01        0.0000E+00
        2.1095E-05        0.0000E+00        9.1482E+00        0.0000E+00
        2.1148E-05        0.0000E+00        5.6523E+00        0.0000E+00
        2.1201E-05        0.0000E+00        5.9104E+00        0.0000E+00
        2.1253E-05        0.0000E+00        7.0576E+00        0.0000E+00
        2.1307E-05        0.0000E+00        6.6019E+00        0.0000E+00
        2.1360E-05        0.0000E+00        6.4138E+00        0.0000E+00
        2.1414E-05        0.0000E+00        5.1635E+00        0.0000E+00
        2.1467E-05        0.0000E+00        5.1551E+00        0.0000E+00
        2.1521E-05        0.0000E+00        5.3232E+00        0.0000E+00
        2.1575E-05        0.0000E+00        3.9923E+00        0.0000E+00
        2.1629E-05        0.0000E+00        5.0417E+00        0.0000E+00
        2.1684E-05        0.0000E+00        5.4727E+00        0.0000E+00
        2.1739E-05        0.0000E+00        5.2883E+00        0.0000E+00
        2.1794E-05        0.0000E+00        7.7319E+00        0.0000E+00
        2.1849E-05        0.0000E+00        1.0518E+01        0.0000E+00
        2.1904E-05        0.0000E+00        1.2247E+01        0.0000E+00
        2.1960E-05        0.0000E+00        1.7108E+01        0.0000E+00
        2.2016E-05        0.0000E+00        1.9343E+01        0.0000E+00
        2.2072E-05        0.0000E+00        1.9399E+01        0.0000E+00
        2.2128E-05        0.0000E+00        1.6765E+01        0.0000E+00
        2.2184E-05        0.0000E+00        1.6825E+01        0.0000E+00
        2.2241E-05        0.0000E+00        1.5587E+01        0.0000E+00
        2.2298E-05        0.0000E+00        1.7547E+01        0.0000E+00
        2.2355E-05        0.0000E+00        1.5019E+01        0.0000E+00
        2.2412E-05        0.0000E+00        1.8609E+01        0.0000E+00
        2.2470E-05        0.0000E+00        1.3681E+01        0.0000E+00
        2.2527E-05        0.0000E+00        1.6404E+01        0.0000E+00
        2.2585E-05        0.0000E+00        2.2544E+01        0.0000E+00
        2.2644E-05        0.0000E+00        2.5671E+01        0.0000E+00
        2.2702E-05        0.0000E+00        3.4166E+01        0.0000E+00
        2.2761E-05        0.0000E+00        4.4167E+01        0.0000E+00
        2.2819E-05        0.0000E+00        6.5708E+01        0.0000E+00
        2.2879E-05        0.0000E+00        8.9813E+01        0.0000E+00
        2.2938E-05        0.0000E+00        1.0790E+02        0.0000E+00
        2.2997E-05        0.0000E+00        1.2678E+02        0.0000E+00
        2.3057E-05        0.0000E+00        1.3097E+02        0.0000E+00
        2.3117E-05        0.0000E+00        1.3532E+02        0.0000E+00
        2.3178E-05        0.0000E+00        1.2010E+02        0.0000E+00
        2.3238E-05        0.0000E+00        9.7690E+01        0.0000E+00
        2.3299E-05        0.0000E+00        8.6863E+01        0.0000E+00
        2.3360E-05        0.0000E+00        7.3640E+01        0.0000E+00
        2.3421E-05        0.0000E+00        7.2682E+01        0.0000E+00
        2.3482E-05        0.0000E+00        5.8773E+01        0.0000E+00
        2.3544E-05        0.0000E+00        6.4267E+01        0.0000E+00
        2.3606E-05        0.0000E+00        6.6744E+01        0.0000E+00
        2.3668E-05        0.0000E+00        6.9878E+01        0.0000E+00
        2.3731E-05        0.0000E+00        7.7651E+01        0.0000E+00
        2.3793E-05        0.0000E+00        8.9212E+01        0.0000E+00
        2.3856E-05        0.0000E+00        9.4362E+01        0.0000E+00
        2.3919E-05        0.0000E+00        1.1115E+02        0.0000E+00
        2.3983E-05        0.0000E+00        1.3348E+02        0.0000E+00
        2.4046E-05        0.0000E+00        1.6958E+02        0.0000E+00
        2.4110E-05        0.0000E+00        1.8155E+02        0.0000E+00
        2.4175E-05        0.0000E+00        1.8773E+02        0.0000E+00
        2.4239E-05        0.0000E+00        1.4965E+02        0.0000E+00
        2.4304E-05        0.0000E+00        1.0997E+02        0.0000E+00
        2.4369E-05        0.0000E+00        6.7556E+01        0.0000E+00
        2.4434E-05        0.0000E+00        4.5673E+01        0.0000E+00
        2.4499E-05        0.0000E+00        3.6154E+01        0.0000E+00
        2.4565E-05        0.0000E+00        3.2030E+01        0.0000E+00
        2.4631E-05        0.0000E+00        2.7352E+01        0.0000E+00
        2.4697E-05        0.0000E+00        2.7387E+01        0.0000E+00
        2.4764E-05        0.0000E+00        2.4268E+01        0.0000E+00
        2.4831E-05        0.0000E+00        2.0998E+01        0.0000E+00
        2.4898E-05        0.0000E+00        1.9834E+01        0.0000E+00
        2.4965E-05        0.0000E+00        1.6985E+01        0.0000E+00
        2.5033E-05        0.0000E+00        1.7840E+01        0.0000E+00
        2.5101E-05        0.0000E+00        1.5484E+01        0.0000E+00
        2.5169E-05        0.0000E+00        1.7219E+01        0.0000E+00
        2.5237E-05        0.0000E+00        1.4552E+01        0.0000E+00
        2.5306E-05        0.0000E+00        1.7639E+01        0.0000E+00
        2.5375E-05        0.0000E+00        1.6494E+01        0.0000E+00
        2.5444E-05        0.0000E+00        1.8216E+01        0.0000E+00
        2.5514E-05        0.0000E+00        2.3186E+01        0.0000E+00
        2.5584E-05        0.0000E+00        2.7743E+01        0.0000E+00
        2.5654E-05        0.0000E+00        3.1493E+01        0.0000E+00
        2.5725E-05        0.0000E+00        3.7838E+01        0.0000E+00
        2.5795E-05        0.0000E+00        4.5106E+01        0.0000E+00
        2.5866E-05        0.0000E+00        5.6286E+01        0.0000E+00
        2.5938E-05        0.0000E+00        6.8685E+01        0.0000E+00
        2.6009E-05        0.0000E+00        9.4534E+01        0.0000E+00
        2.6081E-05        0.0000E+00        1.2304E+02        0.0000E+00
        2.6153E-05        0.0000E+00        1.6364E+02        0.0000E+00
        2.6226E-05        0.0000E+00        2.3079E+02        0.0000E+00
        2.6299E-05        0.0000E+00        3.0263E+02        0.0000E+00
        2.6372E-05        0.0000E+00        3.9063E+02        0.0000E+00
        2.6445E-05        0.0000E+00        4.3981E+02        0.0000E+00
        2.6519E-05        0.0000E+00        4.5154E+02        0.0000E+00
        2.6593E-05        0.0000E+00        3.9869E+02        0.0000E+00
        2.6668E-05        0.0000E+00        3.1650E+02        0.0000E+00
        2.6742E-05        0.0000E+00        2.1778E+02        0.0000E+00
        2.6817E-05        0.0000E+00        1.3696E+02        0.0000E+00
        2.6892E-05        0.0000E+00        8.1004E+01        0.0000E+00
        2.6968E-05        0.0000E+00        4.9946E+01        0.0000E+00
        2.7044E-05        0.0000E+00        3.1631E+01        0.0000E+00
        2.7120E-05        0.0000E+00        2.3319E+01        0.0000E+00
        2.7197E-05        0.0000E+00        1.6943E+01        0.0000E+00
        2.7274E-05        0.0000E+00        1.5161E+01        0.0000E+00
        2.7351E-05        0.0000E+00        1.6352E+01        0.0000E+00
        2.7429E-05        0.0000E+00        1.3666E+01        0.0000E+00
        2.7507E-05        0.0000E+00        1.6219E+01        0.0000E+00
        2.7585E-05        0.0000E+00        1.4450E+01        0.0000E+00
        2.7663E-05        0.0000E+00        2.0543E+01        0.0000E+00
        2.7742E-05        0.0000E+00        1.8773E+01        0.0000E+00
        2.7821E-05        0.0000E+00        2.4310E+01        0.0000E+00
        2.7901E-05        0.0000E+00        3.0053E+01        0.0000E+00
        2.7981E-05        0.0000E+00        3.5776E+01        0.0000E+00
        2.8061E-05        0.0000E+00        4.2826E+01        0.0000E+00
        2.8142E-05        0.0000E+00        4.9702E+01        0.0000E+00
        2.8223E-05        0.0000E+00        5.7226E+01        0.0000E+00
        2.8304E-05        0.0000E+00        6.8819E+01        0.0000E+00
        2.8386E-05        0.0000E+00        8.9220E+01        0.0000E+00
        2.8468E-05        0.0000E+00        1.0658E+02        0.0000E+00
        2.8550E-05        0.0000E+00        1.3425E+02        0.0000E+00
        2.8633E-05        0.0000E+00        1.6434E+02        0.0000E+00
        2.8716E-05        0.0000E+00        2.1890E+02        0.0000E+00
        2.8799E-05        0.0000E+00        2.4866E+02        0.0000E+00
        2.8883E-05        0.0000E+00        2.7610E+02        0.0000E+00
        2.8967E-05        0.0000E+00        2.8626E+02        0.0000E+00
        2.9052E-05        0.0000E+00        2.7307E+02        0.0000E+00
        2.9137E-05        0.0000E+00        2.5627E+02        0.0000E+00
        2.9222E-05        0.0000E+00        2.2710E+02        0.0000E+00
        2.9308E-05        0.0000E+00        2.0483E+02        0.0000E+00
        2.9394E-05        0.0000E+00        1.8947E+02        0.0000E+00
        2.9480E-05        0.0000E+00        1.7459E+02        0.0000E+00
        2.9567E-05        0.0000E+00        1.6377E+02        0.0000E+00
        2.9654E-05        0.0000E+00        1.3328E+02        0.0000E+00
        2.9742E-05        0.0000E+00        9.9943E+01        0.0000E+00
        2.9830E-05        0.0000E+00        7.0185E+01        0.0000E+00
        2.9918E-05        0.0000E+00        4.1038E+01        0.0000E+00
        3.0007E-05        0.0000E+00        3.2122E+01        0.0000E+00
