# entry-subent-pointer  : 40621-002-0 
# EXFOR reaction        : (66-DY-160(N,G)66-DY-161,,SIG) 
# incident energy       : 1.8000e-02 MeV - 4.5000e-01 MeV 
# target                : Dy-160 
# product               : Dy-161 
# level energy          : - 
# MF-MT number          : 3 - 102 
# first author          : Kononov 
# institute             : (4RUSFEI): Fiziko-Energeticheskii Institute , Obninsk 
# reference             : (C,81GRENOB,,518,1981) 
# year                  : 1981 
# facility              : (VDG): Van de Graaff 
# git                   : https://github.com/IAEA-NDS/exfor_master/blob/main/exforall/406/40621.x4 
# nds                   : https://nds.iaea.org/EXFOR/40621
#
#       E_in(MeV)         dE_in(MeV)        XS(B)             dXS(B)
        1.8000E-02        0.0000E+00        1.6490E+00        1.3690E-01
        2.2000E-02        0.0000E+00        1.2970E+00        1.0070E-01
        2.6000E-02        0.0000E+00        1.1890E+00        8.9000E-02
        3.0000E-02        0.0000E+00        1.0610E+00        7.7000E-02
        3.4000E-02        0.0000E+00        1.1360E+00        8.1000E-02
        3.8000E-02        0.0000E+00        9.8300E-01        7.0000E-02
        4.2000E-02        0.0000E+00        9.6000E-01        6.8000E-02
        4.6000E-02        0.0000E+00        8.6000E-01        6.0000E-02
        5.0000E-02        0.0000E+00        8.3600E-01        5.8000E-02
        5.4000E-02        0.0000E+00        8.0000E-01        5.5000E-02
        5.8000E-02        0.0000E+00        7.5500E-01        5.2000E-02
        6.2000E-02        0.0000E+00        7.0800E-01        4.8000E-02
        6.6000E-02        0.0000E+00        7.0500E-01        4.8000E-02
        7.0000E-02        0.0000E+00        7.0300E-01        4.7000E-02
        7.4000E-02        0.0000E+00        6.8400E-01        4.6000E-02
        7.8000E-02        0.0000E+00        6.5900E-01        4.4000E-02
        8.2000E-02        0.0000E+00        6.8800E-01        4.6000E-02
        8.6000E-02        0.0000E+00        6.1600E-01        4.1000E-02
        9.0000E-02        0.0000E+00        6.2900E-01        4.2000E-02
        9.4000E-02        0.0000E+00        5.9500E-01        4.0000E-02
        9.8000E-02        0.0000E+00        5.5200E-01        3.7000E-02
        1.0500E-01        0.0000E+00        4.9800E-01        3.5000E-02
        1.1500E-01        0.0000E+00        4.5400E-01        3.2000E-02
        1.2500E-01        0.0000E+00        4.3500E-01        3.1000E-02
        1.3500E-01        0.0000E+00        4.2500E-01        3.0000E-02
        1.4500E-01        0.0000E+00        3.9000E-01        2.7000E-02
        1.5500E-01        0.0000E+00        3.8500E-01        2.7000E-02
        1.6500E-01        0.0000E+00        3.7400E-01        2.6000E-02
        1.7500E-01        0.0000E+00        3.5900E-01        2.5000E-02
        1.8500E-01        0.0000E+00        3.4300E-01        2.4000E-02
        1.9500E-01        0.0000E+00        3.3200E-01        2.3000E-02
        2.0500E-01        0.0000E+00        3.3000E-01        2.3000E-02
        2.1500E-01        0.0000E+00        3.3500E-01        2.4000E-02
        2.2500E-01        0.0000E+00        3.2200E-01        2.3000E-02
        2.3500E-01        0.0000E+00        3.2700E-01        2.3000E-02
        2.4500E-01        0.0000E+00        2.8700E-01        2.0000E-02
        2.5500E-01        0.0000E+00        3.0800E-01        2.2000E-02
        2.6500E-01        0.0000E+00        2.8700E-01        2.0000E-02
        2.7500E-01        0.0000E+00        3.0600E-01        2.2000E-02
        2.8500E-01        0.0000E+00        3.2300E-01        2.3000E-02
        2.9500E-01        0.0000E+00        2.9900E-01        2.1000E-02
        3.1000E-01        0.0000E+00        2.7200E-01        2.0000E-02
        3.3000E-01        0.0000E+00        2.6900E-01        1.9000E-02
        3.5000E-01        0.0000E+00        2.7900E-01        2.0000E-02
        3.7000E-01        0.0000E+00        2.5500E-01        1.9000E-02
        3.9000E-01        0.0000E+00        2.3800E-01        1.7000E-02
        4.1000E-01        0.0000E+00        2.9100E-01        2.1000E-02
        4.3000E-01        0.0000E+00        1.5300E-01        1.1000E-02
        4.5000E-01        0.0000E+00        2.7500E-01        2.0000E-02
