# entry-subent-pointer  : 32234-004-0 
# EXFOR reaction        : (26-FE-56(N,TOT),,SIG) 
# incident energy       : 2.0000e-06 MeV - 6.3561e-03 MeV 
# target                : Fe-56 
# product               : - 
# level energy          : - 
# MF-MT number          : 3 - 1 
# first author          : Litvinskij 
# institute             : (4UKRIJD): Institute Yadernyh Doslidzhen, N.A.N.Ukraini, Kyiv 
# reference             : (J,YK,,(3-4),41,1994) 
# year                  : 1994 
# facility              : (REAC): Reactor 
# git                   : https://github.com/IAEA-NDS/exfor_master/blob/main/exforall/322/32234.x4 
# nds                   : https://nds.iaea.org/EXFOR/32234
#
#       E_in(MeV)         dE_in(MeV)        XS(B)             dXS(B)
        2.0000E-06        0.0000E+00        1.1770E+01        4.8000E+00
        3.0000E-06        0.0000E+00        1.2610E+01        8.7000E-02
        4.0000E-06        0.0000E+00        1.2570E+01        3.9000E-02
        5.0000E-06        0.0000E+00        1.2600E+01        1.5000E-01
        6.0000E-06        0.0000E+00        1.2420E+01        6.1000E-02
        7.0000E-06        0.0000E+00        1.2570E+01        3.9000E-02
        8.0000E-06        0.0000E+00        1.2550E+01        1.6000E-02
        9.0000E-06        0.0000E+00        1.2400E+01        1.1000E-01
        1.0000E-05        0.0000E+00        1.2380E+01        1.0000E-02
        2.0000E-05        0.0000E+00        1.2390E+01        1.4000E-02
        3.0000E-05        0.0000E+00        1.2350E+01        4.1000E-02
        4.0000E-05        0.0000E+00        1.2210E+01        6.3000E-02
        5.0000E-05        0.0000E+00        1.2190E+01        9.0000E-02
        6.0000E-05        0.0000E+00        1.2020E+01        9.2000E-02
        7.0000E-05        0.0000E+00        1.2250E+01        4.4000E-02
        8.0000E-05        0.0000E+00        1.1960E+01        1.8000E-02
        9.0000E-05        0.0000E+00        1.1940E+01        1.2000E-01
        1.0000E-04        0.0000E+00        1.2000E+01        7.3000E-02
        2.0000E-04        0.0000E+00        1.1630E+01        3.0000E-02
        3.0000E-04        0.0000E+00        1.1310E+01        7.3000E-02
        4.0000E-04        0.0000E+00        1.1000E+01        1.2000E-01
        5.0000E-04        0.0000E+00        1.0910E+01        1.5000E-01
        6.0000E-04        0.0000E+00        1.0310E+01        9.1000E-02
        7.0000E-04        0.0000E+00        9.9040E+00        8.9000E-02
        8.0000E-04        0.0000E+00        9.6080E+00        8.2000E-02
        9.0000E-04        0.0000E+00        9.5140E+00        1.4000E-01
        1.0000E-03        0.0000E+00        9.3410E+00        1.3000E-01
        1.1000E-03        0.0000E+00        9.0750E+00        1.0000E-01
        1.2000E-03        0.0000E+00        9.1700E+00        1.5000E-01
        1.3000E-03        0.0000E+00        8.8800E+00        2.1000E-01
        1.4000E-03        0.0000E+00        8.5830E+00        1.4000E-01
        1.5000E-03        0.0000E+00        8.3500E+00        1.4000E-01
        1.6000E-03        0.0000E+00        8.3000E+00        1.9000E-01
        1.7000E-03        0.0000E+00        8.2230E+00        2.1000E-01
        1.8000E-03        0.0000E+00        8.2640E+00        7.3000E-02
        1.9000E-03        0.0000E+00        7.9530E+00        1.7000E-02
        2.0000E-03        0.0000E+00        7.7710E+00        1.8000E-01
        2.1233E-03        0.0000E+00        8.3880E+00        6.2000E-01
        2.2035E-03        0.0000E+00        7.0460E+00        6.0000E-02
        2.2882E-03        0.0000E+00        7.6040E+00        2.7000E-01
        2.3779E-03        0.0000E+00        7.1410E+00        3.5000E-01
        2.4730E-03        0.0000E+00        6.9180E+00        1.8000E-01
        2.5739E-03        0.0000E+00        7.4690E+00        7.1000E-01
        2.6812E-03        0.0000E+00        6.6860E+00        2.9000E-01
        2.7953E-03        0.0000E+00        6.9840E+00        1.4000E-01
        2.9168E-03        0.0000E+00        6.9740E+00        2.8000E-01
        3.0464E-03        0.0000E+00        7.2560E+00        1.7000E-01
        3.1849E-03        0.0000E+00        6.3760E+00        3.0000E-01
        3.3330E-03        0.0000E+00        6.5090E+00        2.3000E-01
        3.4917E-03        0.0000E+00        6.5240E+00        2.5000E-01
        3.6620E-03        0.0000E+00        6.4580E+00        2.1000E-01
        3.8450E-03        0.0000E+00        6.3400E+00        1.2000E-01
        4.0422E-03        0.0000E+00        6.0240E+00        1.8000E-01
        4.2549E-03        0.0000E+00        5.7360E+00        2.1000E-01
        4.4849E-03        0.0000E+00        6.0190E+00        5.2000E-02
        4.7340E-03        0.0000E+00        5.6050E+00        1.6000E-01
        5.0044E-03        0.0000E+00        5.5730E+00        1.2000E-01
        5.2987E-03        0.0000E+00        5.2310E+00        2.4000E-01
        5.6198E-03        0.0000E+00        5.2420E+00        1.3000E-01
        5.9710E-03        0.0000E+00        4.7710E+00        1.3000E-01
        6.3561E-03        0.0000E+00        4.4290E+00        2.4000E-01
