# entry-subent-pointer  : 23126-006-0 
# EXFOR reaction        : ['92-U-234', ['N,F'], ',,SIG'] 
# incident energy       : 1.0116e-02 MeV - 9.5499e+02 MeV 
# target                : U-234 
# product               : - 
# level energy          : - 
# MF-MT number          : 3 - 18 
# first author          : C.Paradela 
# institute             : (2FR FR ): France 
# reference             : (J,PR/C,82,034601,2010) 
# year                  : 2010 
# facility              : (SYNCH): Synchrotron 
# git                   : https://github.com/IAEA-NDS/exfor_master/blob/main/exforall/231/23126.x4 
# nds                   : https://nds.iaea.org/EXFOR/23126
#
#       E_in(MeV)       dE_in(MeV)            XS(B)           dXS(B)
      1.01160E-02      0.00000E+00      2.49880E-03      1.70290E-03
      1.03510E-02      0.00000E+00      4.65220E-03      2.50690E-03
      1.05930E-02      0.00000E+00      3.05620E-03      1.80410E-03
      1.08390E-02      0.00000E+00      5.69770E-03      2.80930E-03
      1.10920E-02      0.00000E+00      4.58760E-03      2.20760E-03
      1.13500E-02      0.00000E+00      9.94350E-03      3.82080E-03
      1.16140E-02      0.00000E+00      6.26050E-03      2.71160E-03
      1.18850E-02      0.00000E+00      4.00130E-02      7.86460E-03
      1.21620E-02      0.00000E+00      1.23920E-02      4.42780E-03
      1.24450E-02      0.00000E+00      1.62970E-02      4.74500E-03
      1.27350E-02      0.00000E+00      4.06200E-02      8.55570E-03
      1.30320E-02      0.00000E+00      8.46200E-02      1.25650E-02
      1.33350E-02      0.00000E+00      2.49650E-02      5.39330E-03
      1.36460E-02      0.00000E+00      1.29760E-02      4.13270E-03
      1.39640E-02      0.00000E+00      1.11670E-02      3.82620E-03
      1.42890E-02      0.00000E+00      5.79580E-03      2.41120E-03
      1.46220E-02      0.00000E+00      8.31360E-03      3.11780E-03
      1.49620E-02      0.00000E+00      1.50280E-02      5.13530E-03
      1.53110E-02      0.00000E+00      1.76230E-02      4.65370E-03
      1.56680E-02      0.00000E+00      1.37130E-02      4.63260E-03
      1.60320E-02      0.00000E+00      3.11510E-02      6.61840E-03
      1.64060E-02      0.00000E+00      6.37370E-03      2.61250E-03
      1.67880E-02      0.00000E+00      5.95670E-03      2.51130E-03
      1.71790E-02      0.00000E+00      2.17370E-02      5.46950E-03
      1.75790E-02      0.00000E+00      8.34880E-03      3.31690E-03
      1.79890E-02      0.00000E+00      1.74800E-02      4.85070E-03
      1.84080E-02      0.00000E+00      1.62960E-02      4.64600E-03
      1.88360E-02      0.00000E+00      2.62160E-02      6.09090E-03
      1.92750E-02      0.00000E+00      6.96240E-03      2.71430E-03
      1.97240E-02      0.00000E+00      1.07670E-02      3.62570E-03
      2.01840E-02      0.00000E+00      3.15470E-02      7.01440E-03
      2.06540E-02      0.00000E+00      2.62840E-02      5.79610E-03
      2.11350E-02      0.00000E+00      3.73720E-03      1.90590E-03
      2.16270E-02      0.00000E+00      4.51600E-03      2.20740E-03
      2.21310E-02      0.00000E+00      5.64900E-03      2.60980E-03
      2.26460E-02      0.00000E+00      1.17300E-02      3.72960E-03
      2.31740E-02      0.00000E+00      1.08900E-02      3.72560E-03
      2.37140E-02      0.00000E+00      3.39700E-02      6.83640E-03
      2.42660E-02      0.00000E+00      1.44490E-02      4.04150E-03
      2.48310E-02      0.00000E+00      1.63030E-02      5.04230E-03
      2.54100E-02      0.00000E+00      2.89440E-02      5.71840E-03
      2.60020E-02      0.00000E+00      7.02900E-03      2.51580E-03
      2.66070E-02      0.00000E+00      4.26360E-03      2.30630E-03
      2.72270E-02      0.00000E+00      2.41110E-02      5.19040E-03
      2.78610E-02      0.00000E+00      4.20000E-03      1.70830E-03
      2.85100E-02      0.00000E+00      8.40760E-03      3.11820E-03
      2.91740E-02      0.00000E+00      2.61730E-02      5.50060E-03
      2.98540E-02      0.00000E+00      1.14930E-02      3.53010E-03
      3.05490E-02      0.00000E+00      2.50810E-02      5.49240E-03
      3.12610E-02      0.00000E+00      2.11000E-02      5.07070E-03
      3.19890E-02      0.00000E+00      2.08350E-02      4.67490E-03
      3.27340E-02      0.00000E+00      1.16110E-02      4.12620E-03
      3.34970E-02      0.00000E+00      1.00160E-01      1.44660E-02
      3.42770E-02      0.00000E+00      1.69510E-02      3.86000E-03
      3.50750E-02      0.00000E+00      1.40220E-02      4.43560E-03
      3.58920E-02      0.00000E+00      5.97510E-03      2.61100E-03
      3.67280E-02      0.00000E+00      1.83790E-02      5.15270E-03
      3.75840E-02      0.00000E+00      3.96150E-02      7.66560E-03
      3.84590E-02      0.00000E+00      3.42450E-02      7.32910E-03
      3.93550E-02      0.00000E+00      1.93860E-02      4.56630E-03
      4.02720E-02      0.00000E+00      1.23850E-02      3.63390E-03
      4.12100E-02      0.00000E+00      8.92010E-03      3.12050E-03
      4.21700E-02      0.00000E+00      2.75940E-02      6.10070E-03
      4.31520E-02      0.00000E+00      1.62150E-02      4.15100E-03
      4.41570E-02      0.00000E+00      1.70390E-02      4.55130E-03
      4.51860E-02      0.00000E+00      1.74280E-02      4.45490E-03
      4.62380E-02      0.00000E+00      1.16840E-02      3.23390E-03
      4.73150E-02      0.00000E+00      9.65340E-03      3.12400E-03
      4.84170E-02      0.00000E+00      1.24510E-02      3.43630E-03
      4.95450E-02      0.00000E+00      1.99520E-02      5.06330E-03
      5.06990E-02      0.00000E+00      2.37310E-02      4.69690E-03
      5.18800E-02      0.00000E+00      1.04490E-02      3.42560E-03
      5.30880E-02      0.00000E+00      1.90170E-02      4.17000E-03
      5.43250E-02      0.00000E+00      1.87530E-02      4.75950E-03
      5.55900E-02      0.00000E+00      7.10010E-03      1.92110E-03
      5.68850E-02      0.00000E+00      9.85380E-03      3.12500E-03
      5.82100E-02      0.00000E+00      1.42500E-02      3.44750E-03
      5.95660E-02      0.00000E+00      1.60610E-02      3.95260E-03
      6.09540E-02      0.00000E+00      1.07270E-02      3.03050E-03
      6.23730E-02      0.00000E+00      2.15700E-02      4.48380E-03
      6.38260E-02      0.00000E+00      2.07150E-02      4.37910E-03
      6.53130E-02      0.00000E+00      1.31130E-02      3.34140E-03
      6.68340E-02      0.00000E+00      9.76080E-03      3.02530E-03
      6.83910E-02      0.00000E+00      2.83650E-02      5.02960E-03
      6.99840E-02      0.00000E+00      2.20920E-02      4.58590E-03
      7.16140E-02      0.00000E+00      1.26190E-02      2.94360E-03
      7.32820E-02      0.00000E+00      1.50700E-02      3.65010E-03
      7.49890E-02      0.00000E+00      1.35860E-02      3.04880E-03
      7.67360E-02      0.00000E+00      1.58230E-02      3.55680E-03
      7.85240E-02      0.00000E+00      1.68520E-02      3.66260E-03
      8.03530E-02      0.00000E+00      3.14150E-02      5.44690E-03
      8.22240E-02      0.00000E+00      1.65500E-02      3.75880E-03
      8.41400E-02      0.00000E+00      8.44950E-03      2.72110E-03
      8.60990E-02      0.00000E+00      9.62620E-03      2.92550E-03
      8.81050E-02      0.00000E+00      1.03460E-02      2.92940E-03
      9.01570E-02      0.00000E+00      1.77280E-02      3.96390E-03
      9.22570E-02      0.00000E+00      1.25750E-02      3.33810E-03
      9.44060E-02      0.00000E+00      4.03210E-02      6.40630E-03
      9.66050E-02      0.00000E+00      7.10350E-03      1.82230E-03
      9.88550E-02      0.00000E+00      1.70660E-02      3.76240E-03
      1.01160E-01      0.00000E+00      6.18700E-02      8.08790E-03
      1.03510E-01      0.00000E+00      4.06360E-02      6.02350E-03
      1.05920E-01      0.00000E+00      3.87060E-02      5.61760E-03
      1.08390E-01      0.00000E+00      2.83680E-02      4.83500E-03
      1.10920E-01      0.00000E+00      3.29100E-02      5.17040E-03
      1.13500E-01      0.00000E+00      2.23300E-02      3.80630E-03
      1.16140E-01      0.00000E+00      3.09660E-02      4.86050E-03
      1.18850E-01      0.00000E+00      1.82250E-02      3.47730E-03
      1.21620E-01      0.00000E+00      4.18920E-02      6.13330E-03
      1.24450E-01      0.00000E+00      4.67280E-02      5.71430E-03
      1.27350E-01      0.00000E+00      3.47260E-02      4.90100E-03
      1.30320E-01      0.00000E+00      6.66110E-02      7.48990E-03
      1.33350E-01      0.00000E+00      3.29390E-02      4.49730E-03
      1.36460E-01      0.00000E+00      4.61100E-02      5.80100E-03
      1.39640E-01      0.00000E+00      4.15110E-02      5.93690E-03
      1.42890E-01      0.00000E+00      3.40680E-02      4.70180E-03
      1.46220E-01      0.00000E+00      2.39930E-02      4.01640E-03
      1.49620E-01      0.00000E+00      3.77630E-02      5.22320E-03
      1.53110E-01      0.00000E+00      3.89260E-02      5.14140E-03
      1.56670E-01      0.00000E+00      2.74900E-02      4.05210E-03
      1.60320E-01      0.00000E+00      3.71500E-02      5.02480E-03
      1.64060E-01      0.00000E+00      3.38380E-02      4.60350E-03
      1.67880E-01      0.00000E+00      3.86750E-02      5.04310E-03
      1.71790E-01      0.00000E+00      1.48910E-02      2.57000E-03
      1.75790E-01      0.00000E+00      3.77450E-02      5.03180E-03
      1.79890E-01      0.00000E+00      4.91550E-02      5.46590E-03
      1.84080E-01      0.00000E+00      4.11470E-02      4.97980E-03
      1.88370E-01      0.00000E+00      3.34120E-02      4.31230E-03
      1.92750E-01      0.00000E+00      5.26050E-02      5.51700E-03
      1.97240E-01      0.00000E+00      5.91310E-02      6.07900E-03
      2.01840E-01      0.00000E+00      3.47250E-02      4.23430E-03
      2.06540E-01      0.00000E+00      5.07610E-02      5.58240E-03
      2.11350E-01      0.00000E+00      4.70060E-02      5.15510E-03
      2.16270E-01      0.00000E+00      4.71740E-02      5.15760E-03
      2.21310E-01      0.00000E+00      4.52650E-02      4.75800E-03
      2.26460E-01      0.00000E+00      5.27160E-02      5.42640E-03
      2.31740E-01      0.00000E+00      4.96330E-02      5.10210E-03
      2.37140E-01      0.00000E+00      5.66500E-02      5.39860E-03
      2.42660E-01      0.00000E+00      7.90440E-02      6.87070E-03
      2.48310E-01      0.00000E+00      6.00410E-02      5.81880E-03
      2.54100E-01      0.00000E+00      7.09200E-02      6.01140E-03
      2.60020E-01      0.00000E+00      8.62830E-02      7.09590E-03
      2.66070E-01      0.00000E+00      6.60300E-02      5.83230E-03
      2.72270E-01      0.00000E+00      1.02990E-01      7.86520E-03
      2.78610E-01      0.00000E+00      1.03770E-01      8.22430E-03
      2.85100E-01      0.00000E+00      1.14740E-01      8.70780E-03
      2.91740E-01      0.00000E+00      1.22460E-01      8.87430E-03
      2.98540E-01      0.00000E+00      1.97490E-01      1.29810E-02
      3.05490E-01      0.00000E+00      1.73160E-01      1.13570E-02
      3.12610E-01      0.00000E+00      1.74710E-01      1.13160E-02
      3.19890E-01      0.00000E+00      1.60520E-01      1.06530E-02
      3.27340E-01      0.00000E+00      1.86680E-01      1.16180E-02
      3.34970E-01      0.00000E+00      1.52790E-01      9.67480E-03
      3.42770E-01      0.00000E+00      1.45290E-01      9.33090E-03
      3.50750E-01      0.00000E+00      1.30480E-01      8.97390E-03
      3.58920E-01      0.00000E+00      2.09070E-01      1.27320E-02
      3.67280E-01      0.00000E+00      1.89420E-01      1.17650E-02
      3.75840E-01      0.00000E+00      2.37450E-01      1.38640E-02
      3.84590E-01      0.00000E+00      2.78130E-01      1.56450E-02
      3.93550E-01      0.00000E+00      2.81490E-01      1.58110E-02
      4.02720E-01      0.00000E+00      2.38220E-01      1.38130E-02
      4.12100E-01      0.00000E+00      3.10790E-01      1.77720E-02
      4.21700E-01      0.00000E+00      3.59870E-01      2.04320E-02
      4.31520E-01      0.00000E+00      3.96780E-01      2.28940E-02
      4.41570E-01      0.00000E+00      3.80140E-01      2.16420E-02
      4.51860E-01      0.00000E+00      4.47630E-01      2.36170E-02
      4.62380E-01      0.00000E+00      4.54120E-01      2.31180E-02
      4.73150E-01      0.00000E+00      4.99920E-01      2.47600E-02
      4.84170E-01      0.00000E+00      4.95890E-01      2.39940E-02
      4.95450E-01      0.00000E+00      5.40900E-01      2.57160E-02
      5.06990E-01      0.00000E+00      5.90300E-01      2.79740E-02
      5.18800E-01      0.00000E+00      6.79510E-01      3.23810E-02
      5.30880E-01      0.00000E+00      7.58140E-01      3.62720E-02
      5.43250E-01      0.00000E+00      7.56360E-01      3.55670E-02
      5.55900E-01      0.00000E+00      7.06830E-01      3.33040E-02
      5.68850E-01      0.00000E+00      7.51990E-01      3.56310E-02
      5.82100E-01      0.00000E+00      7.54900E-01      3.55170E-02
      5.95660E-01      0.00000E+00      7.79070E-01      3.65500E-02
      6.09540E-01      0.00000E+00      7.56630E-01      3.56290E-02
      6.23730E-01      0.00000E+00      8.38530E-01      3.92580E-02
      6.38260E-01      0.00000E+00      9.35800E-01      4.37770E-02
      6.53130E-01      0.00000E+00      9.30730E-01      4.33970E-02
      6.68340E-01      0.00000E+00      9.91520E-01      4.58470E-02
      6.83910E-01      0.00000E+00      1.01730E+00      4.69890E-02
      6.99840E-01      0.00000E+00      1.03420E+00      4.76260E-02
      7.16140E-01      0.00000E+00      1.08290E+00      5.01640E-02
      7.32820E-01      0.00000E+00      1.20880E+00      5.54280E-02
      7.49890E-01      0.00000E+00      1.24510E+00      5.66530E-02
      7.67360E-01      0.00000E+00      1.31540E+00      5.99820E-02
      7.85240E-01      0.00000E+00      1.29830E+00      5.93850E-02
      8.03530E-01      0.00000E+00      1.26440E+00      5.84510E-02
      8.22240E-01      0.00000E+00      1.19070E+00      5.56570E-02
      8.41400E-01      0.00000E+00      1.16790E+00      5.42590E-02
      8.60990E-01      0.00000E+00      1.18190E+00      5.49950E-02
      8.81050E-01      0.00000E+00      1.13560E+00      5.22400E-02
      9.01570E-01      0.00000E+00      1.11540E+00      5.11910E-02
      9.22570E-01      0.00000E+00      1.08040E+00      4.96790E-02
      9.44060E-01      0.00000E+00      1.03730E+00      4.81350E-02
      9.66050E-01      0.00000E+00      1.11550E+00      5.22570E-02
      9.88550E-01      0.00000E+00      1.06670E+00      5.03880E-02
      1.01160E+00      0.00000E+00      1.07840E+00      4.90180E-02
      1.03510E+00      0.00000E+00      1.10110E+00      4.93150E-02
      1.05930E+00      0.00000E+00      1.12790E+00      4.92690E-02
      1.08390E+00      0.00000E+00      1.17670E+00      5.07960E-02
      1.10920E+00      0.00000E+00      1.19410E+00      5.15680E-02
      1.13500E+00      0.00000E+00      1.20500E+00      5.18380E-02
      1.16140E+00      0.00000E+00      1.19880E+00      5.13960E-02
      1.18850E+00      0.00000E+00      1.20500E+00      5.14210E-02
      1.21620E+00      0.00000E+00      1.20410E+00      5.10770E-02
      1.24450E+00      0.00000E+00      1.18410E+00      5.03970E-02
      1.27350E+00      0.00000E+00      1.21000E+00      5.16840E-02
      1.30320E+00      0.00000E+00      1.23180E+00      5.34960E-02
      1.33350E+00      0.00000E+00      1.22460E+00      5.27310E-02
      1.36460E+00      0.00000E+00      1.26050E+00      5.35760E-02
      1.39640E+00      0.00000E+00      1.31340E+00      5.57320E-02
      1.42890E+00      0.00000E+00      1.31320E+00      5.55050E-02
      1.46220E+00      0.00000E+00      1.32240E+00      5.59930E-02
      1.49620E+00      0.00000E+00      1.37880E+00      5.79660E-02
      1.53110E+00      0.00000E+00      1.41300E+00      5.92300E-02
      1.56680E+00      0.00000E+00      1.42290E+00      5.94440E-02
      1.60320E+00      0.00000E+00      1.48690E+00      6.24080E-02
      1.64060E+00      0.00000E+00      1.46970E+00      6.19010E-02
      1.67880E+00      0.00000E+00      1.49900E+00      6.36040E-02
      1.71790E+00      0.00000E+00      1.51670E+00      6.44280E-02
      1.75790E+00      0.00000E+00      1.55780E+00      6.58290E-02
      1.79890E+00      0.00000E+00      1.52740E+00      6.38040E-02
      1.84080E+00      0.00000E+00      1.53510E+00      6.44490E-02
      1.88370E+00      0.00000E+00      1.55500E+00      6.56480E-02
      1.92750E+00      0.00000E+00      1.49250E+00      6.33830E-02
      1.97240E+00      0.00000E+00      1.52050E+00      6.40340E-02
      2.01840E+00      0.00000E+00      1.53840E+00      6.52580E-02
      2.06540E+00      0.00000E+00      1.52010E+00      6.47250E-02
      2.11350E+00      0.00000E+00      1.49490E+00      6.33320E-02
      2.16270E+00      0.00000E+00      1.49010E+00      6.33920E-02
      2.21310E+00      0.00000E+00      1.53740E+00      6.55830E-02
      2.26460E+00      0.00000E+00      1.51590E+00      6.48560E-02
      2.31740E+00      0.00000E+00      1.45350E+00      6.21070E-02
      2.37140E+00      0.00000E+00      1.48350E+00      6.32130E-02
      2.42660E+00      0.00000E+00      1.50920E+00      6.45840E-02
      2.48310E+00      0.00000E+00      1.49620E+00      6.44730E-02
      2.54100E+00      0.00000E+00      1.48680E+00      6.44440E-02
      2.60020E+00      0.00000E+00      1.48310E+00      6.47600E-02
      2.66070E+00      0.00000E+00      1.47660E+00      6.51970E-02
      2.72270E+00      0.00000E+00      1.51100E+00      6.67300E-02
      2.78610E+00      0.00000E+00      1.49110E+00      6.61310E-02
      2.85100E+00      0.00000E+00      1.50290E+00      6.69300E-02
      2.91740E+00      0.00000E+00      1.48630E+00      6.69770E-02
      2.98540E+00      0.00000E+00      1.50820E+00      6.84900E-02
      3.05490E+00      0.00000E+00      1.51330E+00      6.85980E-02
      3.12610E+00      0.00000E+00      1.48010E+00      6.77660E-02
      3.19890E+00      0.00000E+00      1.48570E+00      6.88460E-02
      3.27340E+00      0.00000E+00      1.46370E+00      6.98780E-02
      3.34970E+00      0.00000E+00      1.53310E+00      7.38590E-02
      3.42770E+00      0.00000E+00      1.44120E+00      6.88340E-02
      3.50750E+00      0.00000E+00      1.43460E+00      6.98060E-02
      3.58920E+00      0.00000E+00      1.43320E+00      7.01410E-02
      3.67280E+00      0.00000E+00      1.41690E+00      7.01710E-02
      3.75840E+00      0.00000E+00      1.44750E+00      7.28070E-02
      3.84590E+00      0.00000E+00      1.45790E+00      7.23290E-02
      3.93550E+00      0.00000E+00      1.41770E+00      7.05160E-02
      4.02720E+00      0.00000E+00      1.37350E+00      6.88490E-02
      4.12100E+00      0.00000E+00      1.41970E+00      7.05740E-02
      4.21700E+00      0.00000E+00      1.37870E+00      7.03830E-02
      4.31520E+00      0.00000E+00      1.31370E+00      6.77470E-02
      4.41570E+00      0.00000E+00      1.35620E+00      7.10430E-02
      4.51860E+00      0.00000E+00      1.43310E+00      7.48840E-02
      4.62380E+00      0.00000E+00      1.34570E+00      7.09620E-02
      4.73150E+00      0.00000E+00      1.34350E+00      7.06940E-02
      4.84170E+00      0.00000E+00      1.29890E+00      7.06870E-02
      4.95450E+00      0.00000E+00      1.30140E+00      6.96180E-02
      5.06990E+00      0.00000E+00      1.38150E+00      7.56720E-02
      5.18800E+00      0.00000E+00      1.25030E+00      6.92640E-02
      5.30880E+00      0.00000E+00      1.37140E+00      7.51170E-02
      5.43250E+00      0.00000E+00      1.36750E+00      7.60300E-02
      5.55900E+00      0.00000E+00      1.23420E+00      6.86260E-02
      5.68850E+00      0.00000E+00      1.29010E+00      7.34540E-02
      5.82100E+00      0.00000E+00      1.24070E+00      6.88690E-02
      5.95660E+00      0.00000E+00      1.32890E+00      7.53320E-02
      6.09540E+00      0.00000E+00      1.32470E+00      7.46620E-02
      6.23730E+00      0.00000E+00      1.35960E+00      7.50400E-02
      6.38260E+00      0.00000E+00      1.39350E+00      7.63310E-02
      6.53130E+00      0.00000E+00      1.51280E+00      8.13450E-02
      6.68340E+00      0.00000E+00      1.57550E+00      8.42910E-02
      6.83910E+00      0.00000E+00      1.61200E+00      8.60130E-02
      6.99840E+00      0.00000E+00      1.76110E+00      9.27290E-02
      7.16140E+00      0.00000E+00      1.82570E+00      9.59390E-02
      7.32820E+00      0.00000E+00      1.92550E+00      1.01710E-01
      7.49890E+00      0.00000E+00      1.94250E+00      1.01730E-01
      7.67360E+00      0.00000E+00      2.00250E+00      1.04480E-01
      7.85240E+00      0.00000E+00      1.98790E+00      1.04860E-01
      8.03530E+00      0.00000E+00      2.04440E+00      1.06560E-01
      8.22240E+00      0.00000E+00      2.09450E+00      1.10760E-01
      8.41400E+00      0.00000E+00      2.06650E+00      1.09140E-01
      8.60990E+00      0.00000E+00      2.12080E+00      1.12870E-01
      8.81050E+00      0.00000E+00      2.10850E+00      1.12110E-01
      9.01570E+00      0.00000E+00      2.06520E+00      1.10260E-01
      9.22570E+00      0.00000E+00      1.99090E+00      1.06440E-01
      9.44060E+00      0.00000E+00      2.03380E+00      1.08750E-01
      9.66050E+00      0.00000E+00      2.08150E+00      1.12720E-01
      9.88550E+00      0.00000E+00      2.00020E+00      1.09050E-01
      1.02330E+01      0.00000E+00      2.03830E+00      9.74120E-02
      1.07150E+01      0.00000E+00      2.00670E+00      9.57120E-02
      1.12200E+01      0.00000E+00      2.00350E+00      9.68360E-02
      1.17490E+01      0.00000E+00      1.97760E+00      9.62610E-02
      1.23030E+01      0.00000E+00      1.91600E+00      9.30790E-02
      1.28820E+01      0.00000E+00      1.85000E+00      8.95840E-02
      1.34900E+01      0.00000E+00      2.02430E+00      9.74900E-02
      1.41250E+01      0.00000E+00      2.05580E+00      9.84320E-02
      1.47910E+01      0.00000E+00      2.14240E+00      1.02110E-01
      1.54880E+01      0.00000E+00      2.16490E+00      1.02550E-01
      1.62180E+01      0.00000E+00      2.24120E+00      1.06080E-01
      1.69820E+01      0.00000E+00      2.31430E+00      1.09730E-01
      1.77830E+01      0.00000E+00      2.31650E+00      1.10140E-01
      1.86210E+01      0.00000E+00      2.32210E+00      1.10490E-01
      1.94980E+01      0.00000E+00      2.23510E+00      1.06280E-01
      2.04170E+01      0.00000E+00      2.23890E+00      1.06510E-01
      2.13800E+01      0.00000E+00      2.13400E+00      1.00990E-01
      2.23870E+01      0.00000E+00      2.26070E+00      1.06820E-01
      2.34420E+01      0.00000E+00      2.18230E+00      1.02600E-01
      2.45470E+01      0.00000E+00      2.23440E+00      1.04900E-01
      2.57040E+01      0.00000E+00      2.19580E+00      1.02590E-01
      2.69150E+01      0.00000E+00      2.19610E+00      1.02880E-01
      2.81840E+01      0.00000E+00      2.19830E+00      1.02680E-01
      2.95120E+01      0.00000E+00      2.12240E+00      9.92150E-02
      3.09030E+01      0.00000E+00      2.12470E+00      9.87420E-02
      3.23590E+01      0.00000E+00      2.17640E+00      1.01140E-01
      3.38840E+01      0.00000E+00      2.10740E+00      9.79020E-02
      3.54810E+01      0.00000E+00      2.10730E+00      9.77910E-02
      3.71530E+01      0.00000E+00      2.10530E+00      9.74030E-02
      3.89050E+01      0.00000E+00      2.06640E+00      9.57460E-02
      4.07380E+01      0.00000E+00      1.99620E+00      9.22020E-02
      4.26580E+01      0.00000E+00      1.96840E+00      9.09100E-02
      4.46680E+01      0.00000E+00      1.95110E+00      8.99660E-02
      4.67740E+01      0.00000E+00      1.98500E+00      9.15120E-02
      4.89780E+01      0.00000E+00      1.94200E+00      8.94520E-02
      5.12860E+01      0.00000E+00      1.94140E+00      8.94320E-02
      5.37030E+01      0.00000E+00      1.97200E+00      9.09240E-02
      5.62340E+01      0.00000E+00      1.85390E+00      8.52130E-02
      5.88840E+01      0.00000E+00      1.85210E+00      8.51540E-02
      6.16590E+01      0.00000E+00      1.79260E+00      8.23400E-02
      6.45650E+01      0.00000E+00      1.76400E+00      8.10760E-02
      6.76080E+01      0.00000E+00      1.80000E+00      8.30610E-02
      7.07950E+01      0.00000E+00      1.78020E+00      8.20880E-02
      7.41310E+01      0.00000E+00      1.72430E+00      7.97110E-02
      7.76250E+01      0.00000E+00      1.74240E+00      8.03610E-02
      8.12830E+01      0.00000E+00      1.63560E+00      7.53460E-02
      8.51140E+01      0.00000E+00      1.67720E+00      7.76260E-02
      8.91250E+01      0.00000E+00      1.62510E+00      7.55930E-02
      9.33250E+01      0.00000E+00      1.54240E+00      7.15800E-02
      9.77240E+01      0.00000E+00      1.58090E+00      7.36010E-02
      1.04710E+02      0.00000E+00      1.53520E+00      6.69420E-02
      1.14820E+02      0.00000E+00      1.55800E+00      6.73290E-02
      1.25890E+02      0.00000E+00      1.51880E+00      6.57750E-02
      1.38040E+02      0.00000E+00      1.42390E+00      6.17490E-02
      1.51360E+02      0.00000E+00      1.44640E+00      6.29760E-02
      1.65960E+02      0.00000E+00      1.42770E+00      6.24140E-02
      1.81970E+02      0.00000E+00      1.40340E+00      6.16140E-02
      1.99530E+02      0.00000E+00      1.44870E+00      6.37350E-02
      2.18780E+02      0.00000E+00      1.43950E+00      6.35580E-02
      2.39880E+02      0.00000E+00      1.46720E+00      6.51260E-02
      2.63030E+02      0.00000E+00      1.47460E+00      6.56670E-02
      2.88400E+02      0.00000E+00      1.50780E+00      6.74320E-02
      3.16230E+02      0.00000E+00      1.47700E+00      6.61400E-02
      3.46740E+02      0.00000E+00      1.49890E+00      6.74750E-02
      3.80190E+02      0.00000E+00      1.53860E+00      6.93660E-02
      4.16870E+02      0.00000E+00      1.47780E+00      6.69160E-02
      4.57090E+02      0.00000E+00      1.49970E+00      6.80060E-02
      5.01190E+02      0.00000E+00      1.48620E+00      6.77600E-02
      5.49540E+02      0.00000E+00      1.47090E+00      6.71990E-02
      6.02560E+02      0.00000E+00      1.40810E+00      6.44330E-02
      6.60690E+02      0.00000E+00      1.40620E+00      6.46300E-02
      7.24440E+02      0.00000E+00      1.39660E+00      6.41540E-02
      7.94330E+02      0.00000E+00      1.36230E+00      6.29710E-02
      8.70960E+02      0.00000E+00      1.26870E+00      5.85490E-02
      9.54990E+02      0.00000E+00      1.32060E+00      6.14410E-02
