# entry-subent-pointer  : 41012-009-0 
# EXFOR reaction        : (92-U-236(N,TOT),,SIG) 
# incident energy       : 2.5100e-08 MeV - 4.3283e-06 MeV 
# target                : U-236 
# product               : - 
# level energy          : - 
# MF-MT number          : 3 - 1 
# first author          : Vorona 
# institute             : (4UKRIJD): Institute Yadernyh Doslidzhen, N.A.N.Ukraini, Kyiv 
# reference             : (C,87KIEV,2,283,1987) 
# year                  : 1987 
# facility              : (REAC): Reactor 
# git                   : https://github.com/IAEA-NDS/exfor_master/blob/main/exforall/410/41012.x4 
# nds                   : https://nds.iaea.org/EXFOR/41012
#
#       E_in(MeV)         dE_in(MeV)        XS(B)             dXS(B)
        4.3283E-06        0.0000E+00        1.2808E+01        0.0000E+00
        4.1091E-06        0.0000E+00        1.0632E+01        0.0000E+00
        3.3802E-06        0.0000E+00        1.1057E+01        0.0000E+00
        3.0864E-06        0.0000E+00        1.2355E+01        0.0000E+00
        2.9537E-06        0.0000E+00        9.5274E+00        0.0000E+00
        2.7127E-06        0.0000E+00        9.9580E+00        0.0000E+00
        2.6031E-06        0.0000E+00        1.2998E+01        0.0000E+00
        2.3114E-06        0.0000E+00        1.1469E+01        0.0000E+00
        2.0661E-06        0.0000E+00        1.3419E+01        0.0000E+00
        1.9929E-06        0.0000E+00        1.0373E+01        0.0000E+00
        1.7361E-06        0.0000E+00        1.1234E+01        0.0000E+00
        1.6259E-06        0.0000E+00        1.4055E+01        0.0000E+00
        1.5747E-06        0.0000E+00        1.1008E+01        0.0000E+00
        1.3923E-06        0.0000E+00        1.2087E+01        0.0000E+00
        1.2755E-06        0.0000E+00        1.2296E+01        0.0000E+00
        1.1413E-06        0.0000E+00        1.3373E+01        0.0000E+00
        1.0821E-06        0.0000E+00        1.0759E+01        0.0000E+00
        1.0014E-06        0.0000E+00        1.2709E+01        0.0000E+00
        9.2950E-07        0.0000E+00        9.8775E+00        0.0000E+00
        8.8580E-07        0.0000E+00        1.2916E+01        0.0000E+00
        8.2570E-07        0.0000E+00        1.3344E+01        0.0000E+00
        7.7160E-07        0.0000E+00        1.1162E+01        0.0000E+00
        7.2260E-07        0.0000E+00        1.0285E+01        0.0000E+00
        7.0730E-07        0.0000E+00        1.4195E+01        0.0000E+00
        6.7820E-07        0.0000E+00        1.1800E+01        0.0000E+00
        6.3770E-07        0.0000E+00        1.2444E+01        0.0000E+00
        6.1270E-07        0.0000E+00        1.4180E+01        0.0000E+00
        6.0070E-07        0.0000E+00        1.1350E+01        0.0000E+00
        5.5630E-07        0.0000E+00        1.1123E+01        0.0000E+00
        5.2610E-07        0.0000E+00        1.2203E+01        0.0000E+00
        5.0730E-07        0.0000E+00        9.5901E+00        0.0000E+00
        4.8950E-07        0.0000E+00        1.2193E+01        0.0000E+00
        4.6450E-07        0.0000E+00        9.7959E+00        0.0000E+00
        4.5660E-07        0.0000E+00        1.3489E+01        0.0000E+00
        4.2690E-07        0.0000E+00        1.1306E+01        0.0000E+00
        4.0650E-07        0.0000E+00        9.3414E+00        0.0000E+00
        3.9370E-07        0.0000E+00        1.1510E+01        0.0000E+00
        3.6980E-07        0.0000E+00        1.0632E+01        0.0000E+00
        3.5870E-07        0.0000E+00        1.2583E+01        0.0000E+00
        3.4290E-07        0.0000E+00        1.1053E+01        0.0000E+00
        3.3300E-07        0.0000E+00        1.3874E+01        0.0000E+00
        3.1890E-07        0.0000E+00        1.1477E+01        0.0000E+00
        3.0140E-07        0.0000E+00        1.2337E+01        0.0000E+00
        2.8920E-07        0.0000E+00        1.1026E+01        0.0000E+00
        2.8150E-07        0.0000E+00        1.3194E+01        0.0000E+00
        2.7050E-07        0.0000E+00        1.1449E+01        0.0000E+00
        2.6690E-07        0.0000E+00        1.3620E+01        0.0000E+00
        2.6020E-07        0.0000E+00        1.0572E+01        0.0000E+00
        2.5040E-07        0.0000E+00        1.3824E+01        0.0000E+00
        2.4410E-07        0.0000E+00        1.1430E+01        0.0000E+00
        2.3520E-07        0.0000E+00        1.2508E+01        0.0000E+00
        2.2960E-07        0.0000E+00        1.0548E+01        0.0000E+00
        2.2140E-07        0.0000E+00        1.2715E+01        0.0000E+00
        2.1880E-07        0.0000E+00        1.0104E+01        0.0000E+00
        2.1370E-07        0.0000E+00        1.3793E+01        0.0000E+00
        2.1130E-07        0.0000E+00        1.0965E+01        0.0000E+00
        2.0410E-07        0.0000E+00        1.3133E+01        0.0000E+00
        1.9950E-07        0.0000E+00        1.0302E+01        0.0000E+00
        1.9510E-07        0.0000E+00        1.4209E+01        0.0000E+00
        1.9080E-07        0.0000E+00        1.1815E+01        0.0000E+00
        1.8260E-07        0.0000E+00        1.4630E+01        0.0000E+00
        1.8260E-07        0.0000E+00        1.1803E+01        0.0000E+00
        1.7310E-07        0.0000E+00        1.2010E+01        0.0000E+00
        1.6950E-07        0.0000E+00        1.4396E+01        0.0000E+00
        1.6270E-07        0.0000E+00        1.3734E+01        0.0000E+00
        1.5780E-07        0.0000E+00        1.5901E+01        0.0000E+00
        1.5630E-07        0.0000E+00        1.3072E+01        0.0000E+00
        1.5320E-07        0.0000E+00        1.1547E+01        0.0000E+00
        1.5170E-07        0.0000E+00        1.3499E+01        0.0000E+00
        1.4730E-07        0.0000E+00        1.5232E+01        0.0000E+00
        1.4040E-07        0.0000E+00        1.5438E+01        0.0000E+00
        1.4040E-07        0.0000E+00        1.3480E+01        0.0000E+00
        1.3520E-07        0.0000E+00        1.1516E+01        0.0000E+00
        1.3270E-07        0.0000E+00        1.4118E+01        0.0000E+00
        1.2680E-07        0.0000E+00        1.4106E+01        0.0000E+00
        1.2570E-07        0.0000E+00        1.1714E+01        0.0000E+00
        1.2240E-07        0.0000E+00        1.4315E+01        0.0000E+00
        1.2020E-07        0.0000E+00        1.1266E+01        0.0000E+00
        1.1820E-07        0.0000E+00        1.3434E+01        0.0000E+00
        1.1410E-07        0.0000E+00        1.4297E+01        0.0000E+00
        1.1220E-07        0.0000E+00        1.2118E+01        0.0000E+00
        1.0940E-07        0.0000E+00        1.2763E+01        0.0000E+00
        1.0760E-07        0.0000E+00        1.4932E+01        0.0000E+00
        1.0580E-07        0.0000E+00        1.2969E+01        0.0000E+00
        1.0160E-07        0.0000E+00        1.4263E+01        0.0000E+00
        9.9200E-08        0.0000E+00        1.2300E+01        0.0000E+00
        9.8420E-08        0.0000E+00        1.4034E+01        0.0000E+00
        9.5370E-08        0.0000E+00        1.4895E+01        0.0000E+00
        9.3890E-08        0.0000E+00        1.1629E+01        0.0000E+00
        9.1750E-08        0.0000E+00        1.4666E+01        0.0000E+00
        9.0360E-08        0.0000E+00        1.1400E+01        0.0000E+00
        8.8330E-08        0.0000E+00        1.1390E+01        0.0000E+00
        8.7670E-08        0.0000E+00        1.4433E+01        0.0000E+00
        8.4480E-08        0.0000E+00        1.2466E+01        0.0000E+00
        8.4480E-08        0.0000E+00        1.4857E+01        0.0000E+00
        8.2050E-08        0.0000E+00        1.3542E+01        0.0000E+00
        8.0870E-08        0.0000E+00        1.6145E+01        0.0000E+00
        7.9150E-08        0.0000E+00        1.2662E+01        0.0000E+00
        7.8040E-08        0.0000E+00        1.4613E+01        0.0000E+00
        7.6410E-08        0.0000E+00        1.5911E+01        0.0000E+00
        7.4320E-08        0.0000E+00        1.4597E+01        0.0000E+00
        7.2800E-08        0.0000E+00        1.3068E+01        0.0000E+00
        7.1330E-08        0.0000E+00        1.4365E+01        0.0000E+00
        6.9910E-08        0.0000E+00        1.2185E+01        0.0000E+00
        6.8980E-08        0.0000E+00        1.5004E+01        0.0000E+00
        6.8080E-08        0.0000E+00        1.2826E+01        0.0000E+00
        6.6750E-08        0.0000E+00        1.4776E+01        0.0000E+00
        6.5880E-08        0.0000E+00        1.3032E+01        0.0000E+00
        6.4620E-08        0.0000E+00        1.2589E+01        0.0000E+00
        6.3390E-08        0.0000E+00        1.4323E+01        0.0000E+00
        6.1420E-08        0.0000E+00        1.3658E+01        0.0000E+00
        6.0660E-08        0.0000E+00        1.4740E+01        0.0000E+00
        5.9170E-08        0.0000E+00        1.4079E+01        0.0000E+00
        5.8090E-08        0.0000E+00        1.2985E+01        0.0000E+00
        5.8090E-08        0.0000E+00        1.6895E+01        0.0000E+00
        5.7050E-08        0.0000E+00        1.4714E+01        0.0000E+00
        5.6360E-08        0.0000E+00        1.3189E+01        0.0000E+00
        5.5360E-08        0.0000E+00        1.4486E+01        0.0000E+00
        5.4710E-08        0.0000E+00        1.2525E+01        0.0000E+00
        5.3750E-08        0.0000E+00        1.4475E+01        0.0000E+00
        5.2820E-08        0.0000E+00        1.2945E+01        0.0000E+00
        5.1910E-08        0.0000E+00        1.4459E+01        0.0000E+00
        5.0440E-08        0.0000E+00        1.2927E+01        0.0000E+00
        4.9870E-08        0.0000E+00        1.4660E+01        0.0000E+00
        4.9320E-08        0.0000E+00        1.2917E+01        0.0000E+00
        4.8490E-08        0.0000E+00        1.3995E+01        0.0000E+00
        4.7430E-08        0.0000E+00        1.2466E+01        0.0000E+00
        4.7170E-08        0.0000E+00        1.5072E+01        0.0000E+00
        4.6150E-08        0.0000E+00        1.2453E+01        0.0000E+00
        4.5900E-08        0.0000E+00        1.5277E+01        0.0000E+00
        4.4920E-08        0.0000E+00        1.2442E+01        0.0000E+00
        4.4680E-08        0.0000E+00        1.5265E+01        0.0000E+00
        4.3970E-08        0.0000E+00        1.3302E+01        0.0000E+00
        4.3510E-08        0.0000E+00        1.6122E+01        0.0000E+00
        4.2830E-08        0.0000E+00        1.3724E+01        0.0000E+00
        4.1950E-08        0.0000E+00        1.3281E+01        0.0000E+00
        4.1730E-08        0.0000E+00        1.5450E+01        0.0000E+00
        4.1090E-08        0.0000E+00        1.3488E+01        0.0000E+00
        4.0260E-08        0.0000E+00        1.6522E+01        0.0000E+00
        3.9860E-08        0.0000E+00        1.4342E+01        0.0000E+00
        3.9260E-08        0.0000E+00        1.7162E+01        0.0000E+00
        3.8870E-08        0.0000E+00        1.3243E+01        0.0000E+00
        3.8290E-08        0.0000E+00        1.5845E+01        0.0000E+00
        3.7920E-08        0.0000E+00        1.2145E+01        0.0000E+00
        3.7730E-08        0.0000E+00        1.5616E+01        0.0000E+00
        3.7180E-08        0.0000E+00        1.3441E+01        0.0000E+00
        3.6470E-08        0.0000E+00        1.3429E+01        0.0000E+00
        3.6120E-08        0.0000E+00        1.6686E+01        0.0000E+00
        3.5770E-08        0.0000E+00        1.4506E+01        0.0000E+00
        3.5430E-08        0.0000E+00        1.7982E+01        0.0000E+00
        3.5100E-08        0.0000E+00        1.6454E+01        0.0000E+00
        3.4770E-08        0.0000E+00        1.3190E+01        0.0000E+00
        3.4280E-08        0.0000E+00        1.5355E+01        0.0000E+00
        3.3650E-08        0.0000E+00        1.2956E+01        0.0000E+00
        3.3340E-08        0.0000E+00        1.5558E+01        0.0000E+00
        3.3030E-08        0.0000E+00        1.2728E+01        0.0000E+00
        3.2730E-08        0.0000E+00        1.7071E+01        0.0000E+00
        3.2430E-08        0.0000E+00        1.4893E+01        0.0000E+00
        3.2280E-08        0.0000E+00        1.3585E+01        0.0000E+00
        3.1850E-08        0.0000E+00        1.1841E+01        0.0000E+00
        3.1700E-08        0.0000E+00        1.4446E+01        0.0000E+00
        3.1560E-08        0.0000E+00        1.6616E+01        0.0000E+00
        3.1140E-08        0.0000E+00        1.5739E+01        0.0000E+00
        3.0860E-08        0.0000E+00        1.1605E+01        0.0000E+00
        3.0590E-08        0.0000E+00        1.4644E+01        0.0000E+00
        3.0320E-08        0.0000E+00        1.7031E+01        0.0000E+00
        3.0190E-08        0.0000E+00        1.2681E+01        0.0000E+00
        2.9800E-08        0.0000E+00        1.5063E+01        0.0000E+00
        2.9670E-08        0.0000E+00        1.7887E+01        0.0000E+00
        2.9030E-08        0.0000E+00        1.8310E+01        0.0000E+00
        2.9030E-08        0.0000E+00        1.5483E+01        0.0000E+00
        2.8660E-08        0.0000E+00        1.3303E+01        0.0000E+00
        2.8290E-08        0.0000E+00        1.1774E+01        0.0000E+00
        2.8170E-08        0.0000E+00        1.4816E+01        0.0000E+00
        2.8050E-08        0.0000E+00        1.7861E+01        0.0000E+00
        2.7820E-08        0.0000E+00        1.7851E+01        0.0000E+00
        2.7700E-08        0.0000E+00        2.1326E+01        0.0000E+00
        2.7350E-08        0.0000E+00        1.6320E+01        0.0000E+00
        2.7240E-08        0.0000E+00        1.3709E+01        0.0000E+00
        2.7010E-08        0.0000E+00        1.7617E+01        0.0000E+00
        2.6790E-08        0.0000E+00        2.0219E+01        0.0000E+00
        2.6680E-08        0.0000E+00        1.1959E+01        0.0000E+00
        2.6570E-08        0.0000E+00        1.4565E+01        0.0000E+00
        2.6350E-08        0.0000E+00        1.9123E+01        0.0000E+00
        2.6240E-08        0.0000E+00        1.1511E+01        0.0000E+00
        2.6140E-08        0.0000E+00        1.5860E+01        0.0000E+00
        2.5920E-08        0.0000E+00        1.8245E+01        0.0000E+00
        2.5820E-08        0.0000E+00        2.0418E+01        0.0000E+00
        2.5610E-08        0.0000E+00        1.4327E+01        0.0000E+00
        2.5510E-08        0.0000E+00        1.6932E+01        0.0000E+00
        2.5200E-08        0.0000E+00        1.4099E+01        0.0000E+00
        2.5100E-08        0.0000E+00        1.8445E+01        0.0000E+00
