# entry-subent-pointer  : C1116-011-0 
# EXFOR reaction        : ['90-TH-232', ['A,F'], 'ELEM/MASS,CUM,SIG'] 
# incident energy       : 1.4000e+02 MeV 
# target                : Th-232 
# product               : - 
# level energy          : - 
# MF-MT number          : 3 - 18 
# first author          : M.D.Glascock 
# institute             : (1USAMRY): University of Maryland, College Park, MD 
# reference             : (J,NP/A,329,73,1979) 
# year                  : 1979 
# facility              : (CYCLO): Cyclotron 
# git                   : https://github.com/IAEA-NDS/exfor_master/blob/main/exforall/C11/C1116.x4 
# nds                   : https://nds.iaea.org/EXFOR/C1116
#
#       E_in(MeV)       dE_in(MeV)            XS(B)           dXS(B)
      1.40000E+02      0.00000E+00      2.30000E-03      3.00000E-04
      1.40000E+02      0.00000E+00      4.50000E-03      3.00000E-04
      1.40000E+02      0.00000E+00      5.00000E-03      3.00000E-04
      1.40000E+02      0.00000E+00      5.30000E-03      9.00000E-04
      1.40000E+02      0.00000E+00      1.20000E-02      2.00000E-03
      1.40000E+02      0.00000E+00      6.50000E-03      9.00000E-04
      1.40000E+02      0.00000E+00      8.70000E-03      1.10000E-03
      1.40000E+02      0.00000E+00      1.00000E-02      8.00000E-03
      1.40000E+02      0.00000E+00      1.80000E-02      3.00000E-03
      1.40000E+02      0.00000E+00      1.90000E-03      3.00000E-04
      1.40000E+02      0.00000E+00      1.43000E-02      9.00000E-04
      1.40000E+02      0.00000E+00      1.70000E-02      3.00000E-03
      1.40000E+02      0.00000E+00      3.20000E-02      1.00000E-03
      1.40000E+02      0.00000E+00      4.20000E-02      3.00000E-03
      1.40000E+02      0.00000E+00      3.70000E-02      3.00000E-03
      1.40000E+02      0.00000E+00      3.00000E-02      7.00000E-03
      1.40000E+02      0.00000E+00      5.30000E-02      5.00000E-03
      1.40000E+02      0.00000E+00      3.10000E-02      5.00000E-03
      1.40000E+02      0.00000E+00      6.60000E-02      3.00000E-03
      1.40000E+02      0.00000E+00      5.20000E-02      2.00000E-03
      1.40000E+02      0.00000E+00      4.50000E-02      5.00000E-03
      1.40000E+02      0.00000E+00      7.80000E-02      5.00000E-03
      1.40000E+02      0.00000E+00      4.20000E-02      2.00000E-03
      1.40000E+02      0.00000E+00      4.90000E-02      2.00000E-03
      1.40000E+02      0.00000E+00      6.50000E-02      3.00000E-03
      1.40000E+02      0.00000E+00      3.10000E-02      8.00000E-03
      1.40000E+02      0.00000E+00      7.30000E-02      3.00000E-03
      1.40000E+02      0.00000E+00      8.20000E-02      9.00000E-03
      1.40000E+02      0.00000E+00      5.60000E-03      1.10000E-03
      1.40000E+02      0.00000E+00      1.08000E-01      7.00000E-03
      1.40000E+02      0.00000E+00      9.60000E-02      4.00000E-03
      1.40000E+02      0.00000E+00      1.03000E-01      1.20000E-02
      1.40000E+02      0.00000E+00      1.06000E-01      6.00000E-03
      1.40000E+02      0.00000E+00      1.06000E-01      1.00000E-02
      1.40000E+02      0.00000E+00      2.40000E-02      4.00000E-03
      1.40000E+02      0.00000E+00      1.29000E-01      8.00000E-03
      1.40000E+02      0.00000E+00      3.40000E-02      5.00000E-03
      1.40000E+02      0.00000E+00      2.00000E-02      6.00000E-03
      1.40000E+02      0.00000E+00      2.60000E-02      2.00000E-03
      1.40000E+02      0.00000E+00      1.15000E-01      1.00000E-02
      1.40000E+02      0.00000E+00      1.75000E-01      4.00000E-02
      1.40000E+02      0.00000E+00      2.80000E-02      3.00000E-03
      1.40000E+02      0.00000E+00      7.50000E-02      7.00000E-03
      1.40000E+02      0.00000E+00      2.60000E-02      5.00000E-03
      1.40000E+02      0.00000E+00      4.50000E-02      2.00000E-03
      1.40000E+02      0.00000E+00      2.20000E-02      5.00000E-03
      1.40000E+02      0.00000E+00      1.40000E-02      1.00000E-03
      1.40000E+02      0.00000E+00      4.20000E-03      1.20000E-03
      1.40000E+02      0.00000E+00      1.10000E-02      2.00000E-03
      1.40000E+02      0.00000E+00      7.20000E-03      9.00000E-04
      1.40000E+02      0.00000E+00      2.90000E-02      4.00000E-03
      1.40000E+02      0.00000E+00      2.60000E-03      6.00000E-04
      1.40000E+02      0.00000E+00      1.13000E-02      1.40000E-03
      1.40000E+02      0.00000E+00      2.30000E-03      1.10000E-03
      1.40000E+02      0.00000E+00      6.20000E-03      1.00000E-03
      1.40000E+02      0.00000E+00      8.20000E-03      1.80000E-03
      1.40000E+02      0.00000E+00      1.26000E-02      1.70000E-03
      1.40000E+02      0.00000E+00      3.60000E-02      3.00000E-03
      1.40000E+02      0.00000E+00      1.22000E-02      1.00000E-03
      1.40000E+02      0.00000E+00      2.20000E-02      2.00000E-03
      1.40000E+02      0.00000E+00      5.10000E-03      1.80000E-03
      1.40000E+02      0.00000E+00      1.04000E-02      1.00000E-03
      1.40000E+02      0.00000E+00      3.40000E-02      4.00000E-03
      1.40000E+02      0.00000E+00      1.90000E-02      3.00000E-03
      1.40000E+02      0.00000E+00      8.30000E-03      2.30000E-03
      1.40000E+02      0.00000E+00      1.90000E-02      3.00000E-03
      1.40000E+02      0.00000E+00      5.90000E-03      2.30000E-03
      1.40000E+02      0.00000E+00      3.50000E-02      3.00000E-03
      1.40000E+02      0.00000E+00      3.60000E-02      9.00000E-03
      1.40000E+02      0.00000E+00      1.60000E-02      2.00000E-03
      1.40000E+02      0.00000E+00      1.90000E-02      9.00000E-03
      1.40000E+02      0.00000E+00      7.90000E-03      1.80000E-03
      1.40000E+02      0.00000E+00      1.50000E-02      2.00000E-03
      1.40000E+02      0.00000E+00      4.20000E-03      1.20000E-03
      1.40000E+02      0.00000E+00      2.00000E-02      2.00000E-03
      1.40000E+02      0.00000E+00      2.30000E-03      1.00000E-03
