# entry-subent-pointer  : 22115-002-2 
# EXFOR reaction        : (92-U-238(N,G)92-U-239,,SIG,,RTE) 
# incident energy       : 2.0235e-09 MeV - 8.9842e-08 MeV 
# target                : U-238 
# product               : U-239 
# level energy          : - 
# MF-MT number          : 3 - 102 
# first author          : Corvi 
# institute             : (2ZZZGEL): EC Joint Research Centre (EC-JRC), Geel 
# reference             : (C,88MITO,,127,1988) 
# year                  : 1988 
# facility              : (LINAC): Linear accelerator 
# git                   : https://github.com/IAEA-NDS/exfor_master/blob/main/exforall/221/22115.x4 
# nds                   : https://nds.iaea.org/EXFOR/22115
#
#       E_in(MeV)         dE_in(MeV)        XS(B)             dXS(B)
        2.0235E-09        0.0000E+00        4.0701E-01        9.2986E-02
        2.1017E-09        0.0000E+00        3.7589E-01        8.2025E-02
        2.1845E-09        0.0000E+00        3.8863E-01        7.5135E-02
        2.2724E-09        0.0000E+00        3.9918E-01        6.8729E-02
        2.3656E-09        0.0000E+00        3.8841E-01        6.2916E-02
        2.4647E-09        0.0000E+00        3.8307E-01        5.6261E-02
        2.5705E-09        0.0000E+00        4.0105E-01        5.1893E-02
        2.6825E-09        0.0000E+00        4.0262E-01        4.7521E-02
        2.8024E-09        0.0000E+00        4.0106E-01        4.3402E-02
        2.9305E-09        0.0000E+00        3.8267E-01        3.8741E-02
        3.0677E-09        0.0000E+00        4.0999E-01        3.6618E-02
        3.2146E-09        0.0000E+00        3.9477E-01        3.2940E-02
        3.3724E-09        0.0000E+00        3.9955E-01        3.0381E-02
        3.5421E-09        0.0000E+00        4.0101E-01        2.7728E-02
        3.7250E-09        0.0000E+00        4.0101E-01        2.5863E-02
        3.9224E-09        0.0000E+00        3.9740E-01        2.3657E-02
        4.1358E-09        0.0000E+00        4.0053E-01        2.2334E-02
        4.3673E-09        0.0000E+00        4.0424E-01        2.1092E-02
        4.6186E-09        0.0000E+00        3.9836E-01        1.9926E-02
        4.8924E-09        0.0000E+00        4.0208E-01        1.9170E-02
        5.1132E-09        0.0000E+00        3.8716E-01        1.9564E-02
        5.2693E-09        0.0000E+00        4.0000E-01        1.9446E-02
        5.4327E-09        0.0000E+00        3.9890E-01        1.8787E-02
        5.6039E-09        0.0000E+00        4.0687E-01        1.8321E-02
        5.7832E-09        0.0000E+00        4.0567E-01        1.7978E-02
        5.9714E-09        0.0000E+00        3.9828E-01        1.7252E-02
        6.1688E-09        0.0000E+00        4.0460E-01        1.6921E-02
        6.3762E-09        0.0000E+00        4.0721E-01        1.6763E-02
        6.5942E-09        0.0000E+00        4.1171E-01        1.6467E-02
        6.8236E-09        0.0000E+00        4.0286E-01        1.5735E-02
        7.0652E-09        0.0000E+00        4.5384E-01        1.5334E-02
        7.3199E-09        0.0000E+00        4.0962E-01        1.5064E-02
        7.5886E-09        0.0000E+00        4.0835E-01        1.4767E-02
        7.8723E-09        0.0000E+00        4.1539E-01        1.4440E-02
        8.1723E-09        0.0000E+00        4.1904E-01        1.4212E-02
        8.4897E-09        0.0000E+00        4.1686E-01        1.3876E-02
        8.8260E-09        0.0000E+00        4.1779E-01        1.3689E-02
        9.1827E-09        0.0000E+00        4.2478E-01        1.3607E-02
        9.5615E-09        0.0000E+00        4.1806E-01        1.3239E-02
        9.9641E-09        0.0000E+00        4.2306E-01        1.3113E-02
        1.0393E-08        0.0000E+00        4.2509E-01        1.2992E-02
        1.0850E-08        0.0000E+00        4.2252E-01        1.2817E-02
        1.1337E-08        0.0000E+00        4.2448E-01        1.2713E-02
        1.1859E-08        0.0000E+00        4.2166E-01        1.2576E-02
        1.2417E-08        0.0000E+00        4.2192E-01        1.2479E-02
        1.3016E-08        0.0000E+00        4.2257E-01        1.2446E-02
        1.3659E-08        0.0000E+00        4.2182E-01        1.2358E-02
        1.4350E-08        0.0000E+00        4.2122E-01        1.2212E-02
        1.5096E-08        0.0000E+00        4.2445E-01        1.2196E-02
        1.5901E-08        0.0000E+00        4.2345E-01        1.2131E-02
        1.6773E-08        0.0000E+00        4.2184E-01        1.2093E-02
        1.7718E-08        0.0000E+00        4.2085E-01        1.2083E-02
        1.8746E-08        0.0000E+00        4.1959E-01        1.1994E-02
        1.9865E-08        0.0000E+00        4.1720E-01        1.1929E-02
        2.1088E-08        0.0000E+00        4.1979E-01        1.1956E-02
        2.2428E-08        0.0000E+00        4.1865E-01        1.1965E-02
        2.3900E-08        0.0000E+00        4.1868E-01        1.1989E-02
        2.5520E-08        0.0000E+00        4.1807E-01        1.1991E-02
        2.7311E-08        0.0000E+00        5.1765E-01        1.2027E-02
        2.9299E-08        0.0000E+00        4.2080E-01        1.2115E-02
        3.1511E-08        0.0000E+00        4.2243E-01        1.2289E-02
        3.3983E-08        0.0000E+00        4.2156E-01        1.2267E-02
        3.6759E-08        0.0000E+00        4.2183E-01        1.2464E-02
        3.9889E-08        0.0000E+00        4.2887E-01        1.2675E-02
        4.3436E-08        0.0000E+00        4.3055E-01        1.2954E-02
        4.7479E-08        0.0000E+00        4.2938E-01        1.3205E-02
        5.2114E-08        0.0000E+00        4.2788E-01        1.3615E-02
        5.7462E-08        0.0000E+00        4.2412E-01        1.3916E-02
        6.3678E-08        0.0000E+00        4.3472E-01        1.4634E-02
        7.0960E-08        0.0000E+00        4.3706E-01        1.5069E-02
        7.9567E-08        0.0000E+00        4.3588E-01        1.5471E-02
        8.9842E-08        0.0000E+00        4.4643E-01        1.5847E-02
