# entry-subent-pointer  : 23073-036-0 
# EXFOR reaction        : (26-FE-56(N,INL)26-FE-56,PAR,SIG) 
# incident energy       : 2.1223e+00 MeV - 4.6031e+00 MeV 
# target                : Fe-56 
# product               : Fe-56 
# level energy          : 2.0851e+00 MeV 
# MF-MT number          : 3 - 52 
# first author          : Negret 
# institute             : (2ZZZGEL): EC Joint Research Centre (EC-JRC), Geel 
# reference             : (J,PR/C,88,027601,2013) 
# year                  : 2013 
# facility              : (LINAC): Linear accelerator 
# git                   : https://github.com/IAEA-NDS/exfor_master/blob/main/exforall/230/23073.x4 
# nds                   : https://nds.iaea.org/EXFOR/23073
#
#       E_in(MeV)         dE_in(MeV)        XS(B)             dXS(B)
        2.1223E+00        0.0000E+00        0.0000E+00        1.0000E-09
        2.1264E+00        0.0000E+00        1.6711E-02        3.2708E-03
        2.1305E+00        0.0000E+00        1.8576E-03        2.9023E-03
        2.1347E+00        0.0000E+00        3.2774E-03        3.1606E-03
        2.1388E+00        0.0000E+00        4.7086E-03        2.3851E-03
        2.1430E+00        0.0000E+00        4.4754E-03        2.4651E-03
        2.1471E+00        0.0000E+00        1.0608E-02        2.6500E-03
        2.1513E+00        0.0000E+00        2.9667E-03        1.1591E-03
        2.1555E+00        0.0000E+00        1.1088E-02        2.7184E-03
        2.1597E+00        0.0000E+00        9.1828E-03        2.5966E-03
        2.1640E+00        0.0000E+00        1.7919E-02        2.7231E-03
        2.1682E+00        0.0000E+00        8.9068E-03        2.7438E-03
        2.1724E+00        0.0000E+00        9.2876E-03        2.3147E-03
        2.1767E+00        0.0000E+00        1.4486E-02        4.4563E-03
        2.1810E+00        0.0000E+00        2.3627E-02        3.4125E-03
        2.1853E+00        0.0000E+00        3.1288E-02        3.5795E-03
        2.1896E+00        0.0000E+00        3.0594E-02        3.6519E-03
        2.1939E+00        0.0000E+00        4.0286E-02        4.4319E-03
        2.1982E+00        0.0000E+00        1.5799E-02        3.4399E-03
        2.2025E+00        0.0000E+00        8.3276E-03        3.1769E-03
        2.2069E+00        0.0000E+00        1.6675E-02        3.0061E-03
        2.2112E+00        0.0000E+00        2.1185E-02        2.9088E-03
        2.2156E+00        0.0000E+00        3.5100E-02        3.6550E-03
        2.2200E+00        0.0000E+00        1.6665E-02        3.2284E-03
        2.2244E+00        0.0000E+00        2.7115E-02        3.8168E-03
        2.2288E+00        0.0000E+00        2.8956E-02        3.5651E-03
        2.2332E+00        0.0000E+00        2.5317E-02        3.3544E-03
        2.2377E+00        0.0000E+00        1.6735E-02        2.9163E-03
        2.2421E+00        0.0000E+00        2.3494E-02        3.2450E-03
        2.2466E+00        0.0000E+00        1.7507E-02        3.3550E-03
        2.2511E+00        0.0000E+00        4.0795E-02        4.1785E-03
        2.2556E+00        0.0000E+00        2.1935E-02        3.5034E-03
        2.2601E+00        0.0000E+00        1.7369E-02        3.2825E-03
        2.2646E+00        0.0000E+00        1.8042E-02        3.1640E-03
        2.2691E+00        0.0000E+00        3.0037E-02        3.7036E-03
        2.2737E+00        0.0000E+00        1.3013E-02        3.0812E-03
        2.2782E+00        0.0000E+00        2.5871E-02        3.1830E-03
        2.2828E+00        0.0000E+00        3.1243E-02        3.9521E-03
        2.2874E+00        0.0000E+00        1.2361E-02        3.2847E-03
        2.2920E+00        0.0000E+00        8.2021E-03        2.7346E-03
        2.2966E+00        0.0000E+00        2.0520E-02        3.3039E-03
        2.3013E+00        0.0000E+00        3.4297E-02        3.9860E-03
        2.3059E+00        0.0000E+00        3.1388E-02        3.8528E-03
        2.3106E+00        0.0000E+00        9.4481E-03        3.4540E-03
        2.3152E+00        0.0000E+00        2.7584E-02        3.7961E-03
        2.3199E+00        0.0000E+00        3.8120E-02        4.4260E-03
        2.3246E+00        0.0000E+00        3.2626E-02        4.3853E-03
        2.3293E+00        0.0000E+00        1.5689E-02        3.3097E-03
        2.3341E+00        0.0000E+00        1.8357E-02        3.7130E-03
        2.3388E+00        0.0000E+00        1.3663E-02        3.0433E-03
        2.3436E+00        0.0000E+00        2.0119E-02        3.2920E-03
        2.3483E+00        0.0000E+00        1.6963E-02        3.2033E-03
        2.3531E+00        0.0000E+00        4.1169E-02        4.1011E-03
        2.3579E+00        0.0000E+00        3.2072E-02        3.9129E-03
        2.3628E+00        0.0000E+00        4.0126E-02        4.4151E-03
        2.3676E+00        0.0000E+00        5.2961E-02        4.8452E-03
        2.3724E+00        0.0000E+00        2.6368E-02        3.5235E-03
        2.3773E+00        0.0000E+00        4.5431E-02        4.5282E-03
        2.3822E+00        0.0000E+00        2.4034E-02        3.8488E-03
        2.3871E+00        0.0000E+00        3.7862E-02        4.3764E-03
        2.3920E+00        0.0000E+00        3.3031E-02        4.0035E-03
        2.3969E+00        0.0000E+00        3.5720E-02        4.2612E-03
        2.4018E+00        0.0000E+00        5.2769E-02        4.9432E-03
        2.4068E+00        0.0000E+00        3.4878E-02        4.3339E-03
        2.4118E+00        0.0000E+00        3.3715E-02        3.9684E-03
        2.4167E+00        0.0000E+00        3.6626E-02        4.0283E-03
        2.4217E+00        0.0000E+00        3.3696E-02        4.0608E-03
        2.4268E+00        0.0000E+00        5.9828E-02        5.3962E-03
        2.4318E+00        0.0000E+00        5.0679E-02        4.8675E-03
        2.4368E+00        0.0000E+00        8.2066E-02        6.3280E-03
        2.4419E+00        0.0000E+00        4.3752E-02        4.6409E-03
        2.4470E+00        0.0000E+00        4.8990E-02        4.5169E-03
        2.4521E+00        0.0000E+00        5.8234E-02        5.2230E-03
        2.4572E+00        0.0000E+00        4.5235E-02        4.4842E-03
        2.4623E+00        0.0000E+00        8.0283E-02        6.0699E-03
        2.4674E+00        0.0000E+00        4.8067E-02        4.8784E-03
        2.4726E+00        0.0000E+00        6.3232E-02        5.5126E-03
        2.4778E+00        0.0000E+00        5.6937E-02        5.3848E-03
        2.4830E+00        0.0000E+00        7.7965E-02        6.2289E-03
        2.4882E+00        0.0000E+00        6.9283E-02        5.8874E-03
        2.4934E+00        0.0000E+00        8.4690E-02        6.3815E-03
        2.4986E+00        0.0000E+00        7.4998E-02        6.1786E-03
        2.5039E+00        0.0000E+00        6.0237E-02        5.3862E-03
        2.5092E+00        0.0000E+00        7.1742E-02        5.8079E-03
        2.5144E+00        0.0000E+00        3.9595E-02        4.5687E-03
        2.5198E+00        0.0000E+00        6.8846E-02        5.6911E-03
        2.5251E+00        0.0000E+00        4.1352E-02        4.6695E-03
        2.5304E+00        0.0000E+00        7.1248E-02        5.8549E-03
        2.5358E+00        0.0000E+00        7.5974E-02        6.3600E-03
        2.5411E+00        0.0000E+00        5.6487E-02        5.1332E-03
        2.5465E+00        0.0000E+00        4.7456E-02        4.5152E-03
        2.5519E+00        0.0000E+00        3.6980E-02        4.2345E-03
        2.5574E+00        0.0000E+00        6.9535E-02        5.9938E-03
        2.5628E+00        0.0000E+00        4.2037E-02        4.8220E-03
        2.5683E+00        0.0000E+00        5.5644E-02        5.2801E-03
        2.5737E+00        0.0000E+00        6.5461E-02        5.5976E-03
        2.5792E+00        0.0000E+00        6.7999E-02        5.5706E-03
        2.5848E+00        0.0000E+00        9.2782E-02        6.5258E-03
        2.5903E+00        0.0000E+00        4.4545E-02        4.5587E-03
        2.5958E+00        0.0000E+00        8.0382E-02        6.0002E-03
        2.6014E+00        0.0000E+00        1.0211E-01        7.0641E-03
        2.6070E+00        0.0000E+00        8.7950E-02        6.6249E-03
        2.6126E+00        0.0000E+00        9.8450E-02        6.9731E-03
        2.6182E+00        0.0000E+00        1.1637E-01        7.7211E-03
        2.6238E+00        0.0000E+00        7.7646E-02        6.1364E-03
        2.6295E+00        0.0000E+00        5.1478E-02        5.1871E-03
        2.6352E+00        0.0000E+00        5.9235E-02        5.2825E-03
        2.6409E+00        0.0000E+00        7.9149E-02        6.0548E-03
        2.6466E+00        0.0000E+00        9.0345E-02        6.6286E-03
        2.6523E+00        0.0000E+00        5.1195E-02        5.1504E-03
        2.6581E+00        0.0000E+00        9.4954E-02        6.9947E-03
        2.6638E+00        0.0000E+00        1.0285E-01        7.3094E-03
        2.6696E+00        0.0000E+00        1.2486E-01        8.3390E-03
        2.6754E+00        0.0000E+00        9.0540E-02        6.6550E-03
        2.6812E+00        0.0000E+00        1.0166E-01        7.0696E-03
        2.6871E+00        0.0000E+00        1.0462E-01        7.4231E-03
        2.6930E+00        0.0000E+00        8.4308E-02        6.2173E-03
        2.6988E+00        0.0000E+00        8.2642E-02        6.5270E-03
        2.7047E+00        0.0000E+00        6.5798E-02        5.7066E-03
        2.7107E+00        0.0000E+00        1.0215E-01        7.3005E-03
        2.7166E+00        0.0000E+00        1.0982E-01        7.6675E-03
        2.7226E+00        0.0000E+00        8.6869E-02        7.0360E-03
        2.7285E+00        0.0000E+00        1.1537E-01        7.9062E-03
        2.7345E+00        0.0000E+00        9.9551E-02        7.1651E-03
        2.7406E+00        0.0000E+00        9.3302E-02        6.8433E-03
        2.7466E+00        0.0000E+00        6.3993E-02        5.4237E-03
        2.7527E+00        0.0000E+00        8.1072E-02        6.2167E-03
        2.7587E+00        0.0000E+00        7.5856E-02        6.1625E-03
        2.7648E+00        0.0000E+00        8.8774E-02        6.7673E-03
        2.7710E+00        0.0000E+00        7.9628E-02        6.1161E-03
        2.7771E+00        0.0000E+00        9.0556E-02        6.6948E-03
        2.7833E+00        0.0000E+00        1.1749E-01        7.8802E-03
        2.7894E+00        0.0000E+00        1.1951E-01        8.0561E-03
        2.7956E+00        0.0000E+00        8.5551E-02        6.5551E-03
        2.8019E+00        0.0000E+00        7.8679E-02        6.1922E-03
        2.8081E+00        0.0000E+00        6.2815E-02        5.3178E-03
        2.8144E+00        0.0000E+00        9.8943E-02        7.3393E-03
        2.8207E+00        0.0000E+00        1.1441E-01        7.9334E-03
        2.8270E+00        0.0000E+00        1.1817E-01        8.2026E-03
        2.8333E+00        0.0000E+00        1.0018E-01        7.3693E-03
        2.8396E+00        0.0000E+00        8.9358E-02        6.8656E-03
        2.8460E+00        0.0000E+00        1.1058E-01        7.7326E-03
        2.8524E+00        0.0000E+00        1.0567E-01        7.4486E-03
        2.8588E+00        0.0000E+00        8.2056E-02        6.4982E-03
        2.8652E+00        0.0000E+00        1.3048E-01        8.5281E-03
        2.8717E+00        0.0000E+00        1.4976E-01        9.4876E-03
        2.8782E+00        0.0000E+00        1.4158E-01        9.0240E-03
        2.8847E+00        0.0000E+00        1.2133E-01        8.1924E-03
        2.8912E+00        0.0000E+00        1.8374E-01        1.0957E-02
        2.8977E+00        0.0000E+00        1.7500E-01        1.0548E-02
        2.9043E+00        0.0000E+00        1.2607E-01        8.5369E-03
        2.9109E+00        0.0000E+00        1.2953E-01        8.5824E-03
        2.9175E+00        0.0000E+00        1.0167E-01        7.3036E-03
        2.9242E+00        0.0000E+00        1.3525E-01        8.8122E-03
        2.9308E+00        0.0000E+00        1.2310E-01        8.3315E-03
        2.9375E+00        0.0000E+00        9.8635E-02        7.1573E-03
        2.9442E+00        0.0000E+00        1.8526E-01        1.0945E-02
        2.9509E+00        0.0000E+00        1.5562E-01        9.7948E-03
        2.9577E+00        0.0000E+00        1.0671E-01        7.7522E-03
        2.9644E+00        0.0000E+00        1.2280E-01        8.0855E-03
        2.9712E+00        0.0000E+00        1.3311E-01        8.8257E-03
        2.9781E+00        0.0000E+00        1.3204E-01        8.6485E-03
        2.9849E+00        0.0000E+00        1.6131E-01        1.0081E-02
        2.9918E+00        0.0000E+00        1.2918E-01        8.5378E-03
        2.9987E+00        0.0000E+00        1.3748E-01        8.9923E-03
        3.0056E+00        0.0000E+00        1.7181E-01        1.0365E-02
        3.0125E+00        0.0000E+00        1.4925E-01        9.6345E-03
        3.0195E+00        0.0000E+00        1.6808E-01        1.0447E-02
        3.0265E+00        0.0000E+00        1.5039E-01        9.6508E-03
        3.0335E+00        0.0000E+00        1.6945E-01        1.0231E-02
        3.0405E+00        0.0000E+00        1.6745E-01        1.0288E-02
        3.0476E+00        0.0000E+00        1.0890E-01        7.6294E-03
        3.0546E+00        0.0000E+00        9.0394E-02        6.8116E-03
        3.0617E+00        0.0000E+00        1.3569E-01        8.8077E-03
        3.0689E+00        0.0000E+00        1.3943E-01        9.0344E-03
        3.0760E+00        0.0000E+00        1.5619E-01        9.6217E-03
        3.0832E+00        0.0000E+00        1.4273E-01        9.3686E-03
        3.0904E+00        0.0000E+00        1.8262E-01        1.0923E-02
        3.0977E+00        0.0000E+00        1.5783E-01        1.0020E-02
        3.1049E+00        0.0000E+00        1.4170E-01        9.2834E-03
        3.1122E+00        0.0000E+00        1.3994E-01        9.0616E-03
        3.1195E+00        0.0000E+00        9.5911E-02        7.2779E-03
        3.1269E+00        0.0000E+00        1.1502E-01        8.0205E-03
        3.1342E+00        0.0000E+00        1.6972E-01        1.0404E-02
        3.1416E+00        0.0000E+00        2.4158E-01        1.3624E-02
        3.1490E+00        0.0000E+00        2.0381E-01        1.1998E-02
        3.1565E+00        0.0000E+00        2.0398E-01        1.1805E-02
        3.1639E+00        0.0000E+00        1.3934E-01        8.9987E-03
        3.1714E+00        0.0000E+00        1.2913E-01        8.6553E-03
        3.1790E+00        0.0000E+00        1.3478E-01        9.0302E-03
        3.1865E+00        0.0000E+00        1.1782E-01        8.9627E-03
        3.1941E+00        0.0000E+00        1.4159E-01        1.0367E-02
        3.2017E+00        0.0000E+00        1.4522E-01        1.0431E-02
        3.2093E+00        0.0000E+00        1.1934E-01        9.5196E-03
        3.2170E+00        0.0000E+00        1.0348E-01        8.9528E-03
        3.2247E+00        0.0000E+00        1.2858E-01        9.3601E-03
        3.2324E+00        0.0000E+00        1.4101E-01        1.0564E-02
        3.2401E+00        0.0000E+00        1.0794E-01        1.0105E-02
        3.2479E+00        0.0000E+00        1.1834E-01        1.0226E-02
        3.2557E+00        0.0000E+00        1.4816E-01        1.0849E-02
        3.2635E+00        0.0000E+00        1.6011E-01        1.1980E-02
        3.2713E+00        0.0000E+00        1.4214E-01        1.0686E-02
        3.2792E+00        0.0000E+00        1.1429E-01        9.3408E-03
        3.2871E+00        0.0000E+00        1.3879E-01        1.0344E-02
        3.2951E+00        0.0000E+00        1.3867E-01        1.0492E-02
        3.3030E+00        0.0000E+00        1.3797E-01        1.0760E-02
        3.3110E+00        0.0000E+00        1.5497E-01        1.2064E-02
        3.3191E+00        0.0000E+00        2.3958E-01        1.5492E-02
        3.3271E+00        0.0000E+00        1.9512E-01        1.4071E-02
        3.3352E+00        0.0000E+00        1.5273E-01        1.1090E-02
        3.3433E+00        0.0000E+00        1.4016E-01        1.1334E-02
        3.3515E+00        0.0000E+00        1.5729E-01        1.2651E-02
        3.3596E+00        0.0000E+00        1.8321E-01        1.3857E-02
        3.3678E+00        0.0000E+00        2.0214E-01        1.4289E-02
        3.3761E+00        0.0000E+00        1.3943E-01        1.0914E-02
        3.3843E+00        0.0000E+00        1.8724E-01        1.2882E-02
        3.3926E+00        0.0000E+00        1.5827E-01        1.2780E-02
        3.4009E+00        0.0000E+00        1.4661E-01        1.2595E-02
        3.4093E+00        0.0000E+00        1.2229E-01        1.1090E-02
        3.4177E+00        0.0000E+00        1.4370E-01        1.3576E-02
        3.4261E+00        0.0000E+00        1.2488E-01        1.0879E-02
        3.4346E+00        0.0000E+00        1.0258E-01        1.0164E-02
        3.4430E+00        0.0000E+00        9.7182E-02        9.7742E-03
        3.4515E+00        0.0000E+00        9.4044E-02        9.4793E-03
        3.4601E+00        0.0000E+00        1.8275E-01        1.4355E-02
        3.4687E+00        0.0000E+00        1.4635E-01        1.3317E-02
        3.4773E+00        0.0000E+00        1.2923E-01        1.1733E-02
        3.4859E+00        0.0000E+00        1.9783E-01        1.4350E-02
        3.4946E+00        0.0000E+00        1.5493E-01        1.3069E-02
        3.5033E+00        0.0000E+00        9.9496E-02        1.0624E-02
        3.5120E+00        0.0000E+00        8.3378E-02        1.1129E-02
        3.5208E+00        0.0000E+00        1.5180E-01        1.3086E-02
        3.5296E+00        0.0000E+00        1.7152E-01        1.3651E-02
        3.5384E+00        0.0000E+00        1.5712E-01        1.4294E-02
        3.5473E+00        0.0000E+00        1.5119E-01        1.3464E-02
        3.5562E+00        0.0000E+00        1.2981E-01        1.3509E-02
        3.5651E+00        0.0000E+00        8.5294E-02        1.2623E-02
        3.5741E+00        0.0000E+00        1.2709E-01        1.4153E-02
        3.5831E+00        0.0000E+00        1.4137E-01        1.4520E-02
        3.5921E+00        0.0000E+00        1.3872E-01        1.3072E-02
        3.6012E+00        0.0000E+00        1.2825E-01        1.3062E-02
        3.6103E+00        0.0000E+00        1.7297E-01        1.4034E-02
        3.6194E+00        0.0000E+00        1.2884E-01        1.4172E-02
        3.6286E+00        0.0000E+00        1.2291E-01        1.2486E-02
        3.6378E+00        0.0000E+00        1.1091E-01        1.2234E-02
        3.6471E+00        0.0000E+00        1.3822E-01        1.5543E-02
        3.6563E+00        0.0000E+00        1.3812E-01        1.4874E-02
        3.6657E+00        0.0000E+00        1.1653E-01        1.5299E-02
        3.6750E+00        0.0000E+00        1.0235E-01        1.5137E-02
        3.6844E+00        0.0000E+00        1.3824E-01        1.6025E-02
        3.6938E+00        0.0000E+00        1.1879E-01        1.4740E-02
        3.7033E+00        0.0000E+00        1.0454E-01        1.3603E-02
        3.7128E+00        0.0000E+00        1.4061E-01        1.3902E-02
        3.7223E+00        0.0000E+00        1.2971E-01        1.3816E-02
        3.7319E+00        0.0000E+00        2.0211E-01        1.6200E-02
        3.7415E+00        0.0000E+00        1.6988E-01        1.6615E-02
        3.7511E+00        0.0000E+00        1.2172E-01        1.4303E-02
        3.7608E+00        0.0000E+00        1.5110E-01        1.4166E-02
        3.7705E+00        0.0000E+00        1.0580E-01        1.4856E-02
        3.7803E+00        0.0000E+00        1.0120E-01        1.2734E-02
        3.7901E+00        0.0000E+00        1.3672E-01        1.5034E-02
        3.7999E+00        0.0000E+00        1.4946E-01        1.5427E-02
        3.8098E+00        0.0000E+00        1.5077E-01        1.6051E-02
        3.8197E+00        0.0000E+00        1.1348E-01        1.5567E-02
        3.8296E+00        0.0000E+00        1.3804E-01        1.6383E-02
        3.8396E+00        0.0000E+00        1.3884E-01        1.5033E-02
        3.8497E+00        0.0000E+00        1.2873E-01        1.4596E-02
        3.8597E+00        0.0000E+00        1.0904E-01        1.5512E-02
        3.8698E+00        0.0000E+00        1.1366E-01        1.4784E-02
        3.8800E+00        0.0000E+00        1.2270E-01        1.3787E-02
        3.8902E+00        0.0000E+00        9.1534E-02        1.4657E-02
        3.9004E+00        0.0000E+00        1.5785E-01        1.6039E-02
        3.9107E+00        0.0000E+00        1.4471E-01        1.8473E-02
        3.9210E+00        0.0000E+00        1.4711E-01        1.7997E-02
        3.9313E+00        0.0000E+00        1.5484E-01        1.8120E-02
        3.9417E+00        0.0000E+00        1.7824E-01        1.9173E-02
        3.9521E+00        0.0000E+00        1.6815E-01        1.9705E-02
        3.9626E+00        0.0000E+00        1.3415E-01        1.7081E-02
        3.9731E+00        0.0000E+00        1.5635E-01        1.8043E-02
        3.9837E+00        0.0000E+00        1.2345E-01        1.8240E-02
        3.9943E+00        0.0000E+00        1.1936E-01        1.8099E-02
        4.0049E+00        0.0000E+00        1.2035E-01        1.7695E-02
        4.0647E+00        0.0000E+00        1.3609E-01        1.4863E-02
        4.1760E+00        0.0000E+00        1.4402E-01        1.4252E-02
        4.2919E+00        0.0000E+00        1.3992E-01        1.7209E-02
        4.4127E+00        0.0000E+00        1.2507E-01        1.7310E-02
        4.5387E+00        0.0000E+00        1.1789E-01        1.9894E-02
        4.6031E+00        0.0000E+00        1.1345E-01        2.0181E-02
