# entry-subent-pointer  : M0703-003-0 
# EXFOR reaction        : ['53-I-127', ['G,X'], '0-NN-1,,SIG,,BRS'] 
# incident energy       : 9.0340e+00 MeV - 1.9255e+01 MeV 
# target                : I-127 
# product               : Nn-1 
# level energy          : - 
# MF-MT number          : 3 - 10 
# first author          : S.N.Belyaev 
# institute             : (4RUSSGU): Saratov Gosudarstvennyi University  
# reference             : (J,IZV,62,2223,1998) 
# year                  : 1998 
# facility              : (BETAT): Betatron 
# git                   : https://github.com/IAEA-NDS/exfor_master/blob/main/exforall/M07/M0703.x4 
# nds                   : https://nds.iaea.org/EXFOR/M0703
#
#       E_in(MeV)       dE_in(MeV)            XS(B)           dXS(B)
      9.03400E+00      0.00000E+00      8.00000E-04      0.00000E+00
      9.08300E+00      0.00000E+00      8.00000E-04      0.00000E+00
      9.13100E+00      0.00000E+00      1.60000E-03      0.00000E+00
      9.17900E+00      0.00000E+00      4.10000E-03      0.00000E+00
      9.22700E+00      0.00000E+00      8.50000E-03      0.00000E+00
      9.27500E+00      0.00000E+00      1.38000E-02      0.00000E+00
      9.32300E+00      0.00000E+00      1.88000E-02      0.00000E+00
      9.37100E+00      0.00000E+00      2.28000E-02      0.00000E+00
      9.41900E+00      0.00000E+00      2.54000E-02      0.00000E+00
      9.46800E+00      0.00000E+00      2.69000E-02      0.00000E+00
      9.51600E+00      0.00000E+00      2.75000E-02      0.00000E+00
      9.56400E+00      0.00000E+00      2.76000E-02      0.00000E+00
      9.61200E+00      0.00000E+00      2.76000E-02      0.00000E+00
      9.66000E+00      0.00000E+00      2.77000E-02      0.00000E+00
      9.70800E+00      0.00000E+00      2.80000E-02      0.00000E+00
      9.75600E+00      0.00000E+00      2.85000E-02      0.00000E+00
      9.80500E+00      0.00000E+00      2.92000E-02      0.00000E+00
      9.85300E+00      0.00000E+00      3.00000E-02      0.00000E+00
      9.90100E+00      0.00000E+00      3.08000E-02      0.00000E+00
      9.94900E+00      0.00000E+00      3.14000E-02      0.00000E+00
      9.99700E+00      0.00000E+00      3.19000E-02      0.00000E+00
      1.00450E+01      0.00000E+00      3.22000E-02      0.00000E+00
      1.00930E+01      0.00000E+00      3.23000E-02      0.00000E+00
      1.01410E+01      0.00000E+00      3.22000E-02      0.00000E+00
      1.01890E+01      0.00000E+00      3.21000E-02      0.00000E+00
      1.02370E+01      0.00000E+00      3.21000E-02      0.00000E+00
      1.02850E+01      0.00000E+00      3.22000E-02      0.00000E+00
      1.03340E+01      0.00000E+00      3.27000E-02      0.00000E+00
      1.03820E+01      0.00000E+00      3.34000E-02      0.00000E+00
      1.04300E+01      0.00000E+00      3.43000E-02      0.00000E+00
      1.04780E+01      0.00000E+00      3.55000E-02      0.00000E+00
      1.05260E+01      0.00000E+00      3.67000E-02      0.00000E+00
      1.05740E+01      0.00000E+00      3.80000E-02      0.00000E+00
      1.06220E+01      0.00000E+00      3.93000E-02      0.00000E+00
      1.06700E+01      0.00000E+00      4.06000E-02      0.00000E+00
      1.07190E+01      0.00000E+00      4.17000E-02      0.00000E+00
      1.07670E+01      0.00000E+00      4.28000E-02      0.00000E+00
      1.08150E+01      0.00000E+00      4.38000E-02      0.00000E+00
      1.08630E+01      0.00000E+00      4.48000E-02      0.00000E+00
      1.09110E+01      0.00000E+00      4.57000E-02      0.00000E+00
      1.09590E+01      0.00000E+00      4.67000E-02      0.00000E+00
      1.10070E+01      0.00000E+00      4.76000E-02      0.00000E+00
      1.10560E+01      0.00000E+00      4.85000E-02      0.00000E+00
      1.11040E+01      0.00000E+00      4.94000E-02      0.00000E+00
      1.11520E+01      0.00000E+00      5.03000E-02      0.00000E+00
      1.12000E+01      0.00000E+00      5.12000E-02      0.00000E+00
      1.12480E+01      0.00000E+00      5.22000E-02      0.00000E+00
      1.12960E+01      0.00000E+00      5.32000E-02      0.00000E+00
      1.13440E+01      0.00000E+00      5.44000E-02      0.00000E+00
      1.13920E+01      0.00000E+00      5.57000E-02      0.00000E+00
      1.14410E+01      0.00000E+00      5.71000E-02      0.00000E+00
      1.14890E+01      0.00000E+00      5.87000E-02      0.00000E+00
      1.15370E+01      0.00000E+00      6.03000E-02      0.00000E+00
      1.15850E+01      0.00000E+00      6.21000E-02      0.00000E+00
      1.16330E+01      0.00000E+00      6.39000E-02      0.00000E+00
      1.16810E+01      0.00000E+00      6.58000E-02      0.00000E+00
      1.17290E+01      0.00000E+00      6.77000E-02      0.00000E+00
      1.17780E+01      0.00000E+00      6.98000E-02      0.00000E+00
      1.18260E+01      0.00000E+00      7.19000E-02      0.00000E+00
      1.18740E+01      0.00000E+00      7.42000E-02      0.00000E+00
      1.19220E+01      0.00000E+00      7.65000E-02      0.00000E+00
      1.19700E+01      0.00000E+00      7.89000E-02      0.00000E+00
      1.20180E+01      0.00000E+00      8.12000E-02      0.00000E+00
      1.20660E+01      0.00000E+00      8.36000E-02      0.00000E+00
      1.21150E+01      0.00000E+00      8.60000E-02      0.00000E+00
      1.21630E+01      0.00000E+00      8.83000E-02      0.00000E+00
      1.22110E+01      0.00000E+00      9.06000E-02      0.00000E+00
      1.22590E+01      0.00000E+00      9.28000E-02      0.00000E+00
      1.23070E+01      0.00000E+00      9.51000E-02      0.00000E+00
      1.23550E+01      0.00000E+00      9.73000E-02      0.00000E+00
      1.24030E+01      0.00000E+00      9.96000E-02      0.00000E+00
      1.24510E+01      0.00000E+00      1.01900E-01      0.00000E+00
      1.25000E+01      0.00000E+00      1.04400E-01      0.00000E+00
      1.25480E+01      0.00000E+00      1.06900E-01      0.00000E+00
      1.25960E+01      0.00000E+00      1.09500E-01      0.00000E+00
      1.26440E+01      0.00000E+00      1.12300E-01      0.00000E+00
      1.26920E+01      0.00000E+00      1.15200E-01      0.00000E+00
      1.27400E+01      0.00000E+00      1.18400E-01      0.00000E+00
      1.27880E+01      0.00000E+00      1.21800E-01      0.00000E+00
      1.28370E+01      0.00000E+00      1.25400E-01      0.00000E+00
      1.28850E+01      0.00000E+00      1.29300E-01      0.00000E+00
      1.29330E+01      0.00000E+00      1.33300E-01      0.00000E+00
      1.29810E+01      0.00000E+00      1.37500E-01      0.00000E+00
      1.30290E+01      0.00000E+00      1.41800E-01      0.00000E+00
      1.30970E+01      0.00000E+00      1.48200E-01      0.00000E+00
      1.31890E+01      0.00000E+00      1.57100E-01      0.00000E+00
      1.32860E+01      0.00000E+00      1.66300E-01      0.00000E+00
      1.33780E+01      0.00000E+00      1.75000E-01      0.00000E+00
      1.34750E+01      0.00000E+00      1.84100E-01      0.00000E+00
      1.35750E+01      0.00000E+00      1.93500E-01      0.00000E+00
      1.36710E+01      0.00000E+00      2.02200E-01      0.00000E+00
      1.37670E+01      0.00000E+00      2.10600E-01      0.00000E+00
      1.38630E+01      0.00000E+00      2.18400E-01      0.00000E+00
      1.39600E+01      0.00000E+00      2.25600E-01      0.00000E+00
      1.40560E+01      0.00000E+00      2.31900E-01      0.00000E+00
      1.41520E+01      0.00000E+00      2.37200E-01      0.00000E+00
      1.42480E+01      0.00000E+00      2.41500E-01      0.00000E+00
      1.43450E+01      0.00000E+00      2.44600E-01      0.00000E+00
      1.44410E+01      0.00000E+00      2.46600E-01      0.00000E+00
      1.45380E+01      0.00000E+00      2.47500E-01      0.00000E+00
      1.46340E+01      0.00000E+00      2.47200E-01      0.00000E+00
      1.47300E+01      0.00000E+00      2.46100E-01      0.00000E+00
      1.48260E+01      0.00000E+00      2.44200E-01      0.00000E+00
      1.49180E+01      0.00000E+00      2.41800E-01      0.00000E+00
      1.50150E+01      0.00000E+00      2.39000E-01      0.00000E+00
      1.51150E+01      0.00000E+00      2.35800E-01      0.00000E+00
      1.52110E+01      0.00000E+00      2.32700E-01      0.00000E+00
      1.53070E+01      0.00000E+00      2.29600E-01      0.00000E+00
      1.54040E+01      0.00000E+00      2.26700E-01      0.00000E+00
      1.55000E+01      0.00000E+00      2.23800E-01      0.00000E+00
      1.55970E+01      0.00000E+00      2.21000E-01      0.00000E+00
      1.56930E+01      0.00000E+00      2.18300E-01      0.00000E+00
      1.57890E+01      0.00000E+00      2.15700E-01      0.00000E+00
      1.58850E+01      0.00000E+00      2.13100E-01      0.00000E+00
      1.59820E+01      0.00000E+00      2.10600E-01      0.00000E+00
      1.60780E+01      0.00000E+00      2.08200E-01      0.00000E+00
      1.61740E+01      0.00000E+00      2.05900E-01      0.00000E+00
      1.62700E+01      0.00000E+00      2.03800E-01      0.00000E+00
      1.63670E+01      0.00000E+00      2.00900E-01      0.00000E+00
      1.64590E+01      0.00000E+00      1.97400E-01      0.00000E+00
      1.65550E+01      0.00000E+00      1.93200E-01      0.00000E+00
      1.66560E+01      0.00000E+00      1.88400E-01      0.00000E+00
      1.67520E+01      0.00000E+00      1.83500E-01      0.00000E+00
      1.68480E+01      0.00000E+00      1.78500E-01      0.00000E+00
      1.69440E+01      0.00000E+00      1.73500E-01      0.00000E+00
      1.70410E+01      0.00000E+00      1.68400E-01      0.00000E+00
      1.71370E+01      0.00000E+00      1.63500E-01      0.00000E+00
      1.72330E+01      0.00000E+00      1.58600E-01      0.00000E+00
      1.73290E+01      0.00000E+00      1.53900E-01      0.00000E+00
      1.74260E+01      0.00000E+00      1.49300E-01      0.00000E+00
      1.75220E+01      0.00000E+00      1.44900E-01      0.00000E+00
      1.76180E+01      0.00000E+00      1.40700E-01      0.00000E+00
      1.77140E+01      0.00000E+00      1.36700E-01      0.00000E+00
      1.78100E+01      0.00000E+00      1.32900E-01      0.00000E+00
      1.79070E+01      0.00000E+00      1.29300E-01      0.00000E+00
      1.79990E+01      0.00000E+00      1.25800E-01      0.00000E+00
      1.80960E+01      0.00000E+00      1.22200E-01      0.00000E+00
      1.81960E+01      0.00000E+00      1.18400E-01      0.00000E+00
      1.82920E+01      0.00000E+00      1.14600E-01      0.00000E+00
      1.83880E+01      0.00000E+00      1.10600E-01      0.00000E+00
      1.84850E+01      0.00000E+00      1.06300E-01      0.00000E+00
      1.85810E+01      0.00000E+00      1.01900E-01      0.00000E+00
      1.86770E+01      0.00000E+00      9.73000E-02      0.00000E+00
      1.87730E+01      0.00000E+00      9.26000E-02      0.00000E+00
      1.88690E+01      0.00000E+00      8.78000E-02      0.00000E+00
      1.89660E+01      0.00000E+00      8.31000E-02      0.00000E+00
      1.90620E+01      0.00000E+00      7.84000E-02      0.00000E+00
      1.91590E+01      0.00000E+00      7.39000E-02      0.00000E+00
      1.92550E+01      0.00000E+00      6.94000E-02      0.00000E+00
