# entry-subent-pointer  : T0269-003-0 
# EXFOR reaction        : ['14-SI-28', ['A,INL'], '14-SI-28,PAR,DA'] 
# incident energy       : 2.0890e+01 MeV - 2.7980e+01 MeV 
# target                : Si-28 
# product               : Si-28 
# level energy          : 4.6100e+00 MeV 
# MF-MT number          : 4 - 802 
# first author          : A.W.Obst 
# institute             : (1USAFSU): Florida State University, Tallahassee, FL 
# reference             : (J,PR/C,6,1705,197205) 
# year                  : 1972 
# facility              : (VDGT): Tandem van de Graaff 
# git                   : https://github.com/IAEA-NDS/exfor_master/blob/main/exforall/T02/T0269.x4 
# nds                   : https://nds.iaea.org/EXFOR/T0269
#
# Angle(dgrees)     dAngle(dgrees)  XS(b/steradian)  dXS(b/steradian)
      3.43000E+01      0.00000E+00      2.40000E-03      5.00000E-04
      3.43000E+01      0.00000E+00      1.60000E-03      5.00000E-04
      3.43000E+01      0.00000E+00      3.00000E-03      5.00000E-04
      3.43000E+01      0.00000E+00      3.70000E-03      5.00000E-04
      3.43000E+01      0.00000E+00      5.20000E-03      5.00000E-04
      3.43000E+01      0.00000E+00      4.30000E-03      7.00000E-04
      3.43000E+01      0.00000E+00      5.10000E-03      8.00000E-04
      3.43000E+01      0.00000E+00      2.00000E-03      4.00000E-04
      3.43000E+01      0.00000E+00      1.70000E-03      2.00000E-04
      3.43000E+01      0.00000E+00      1.80000E-03      4.00000E-04
      3.43000E+01      0.00000E+00      1.10000E-03      3.00000E-04
      3.43000E+01      0.00000E+00      8.00000E-04      3.00000E-04
      3.43000E+01      0.00000E+00      2.00000E-03      3.00000E-04
      3.43000E+01      0.00000E+00      1.40000E-03      3.00000E-04
      3.43000E+01      0.00000E+00      1.30000E-03      4.00000E-04
      3.43000E+01      0.00000E+00      1.70000E-03      4.00000E-04
      3.43000E+01      0.00000E+00      1.90000E-03      3.00000E-04
      3.43000E+01      0.00000E+00      1.10000E-03      3.00000E-04
      3.43000E+01      0.00000E+00      1.60000E-03      3.00000E-04
      3.43000E+01      0.00000E+00      1.70000E-03      3.00000E-04
      3.43000E+01      0.00000E+00      1.00000E-03      4.00000E-04
      3.43000E+01      0.00000E+00      2.00000E-03      3.00000E-04
      3.43000E+01      0.00000E+00      1.50000E-03      3.00000E-04
      3.43000E+01      0.00000E+00      1.10000E-03      3.00000E-04
      3.43000E+01      0.00000E+00      1.50000E-03      3.00000E-04
      3.43000E+01      0.00000E+00      2.30000E-03      6.00000E-04
      3.43000E+01      0.00000E+00      2.30000E-03      3.00000E-04
      3.43000E+01      0.00000E+00      1.70000E-03      4.00000E-04
      3.43000E+01      0.00000E+00      1.10000E-03      3.00000E-04
      3.43000E+01      0.00000E+00      2.70000E-03      3.00000E-04
      3.43000E+01      0.00000E+00      2.10000E-03      4.00000E-04
      3.43000E+01      0.00000E+00      1.50000E-03      4.00000E-04
      3.43000E+01      0.00000E+00      1.90000E-03      3.00000E-04
      3.43000E+01      0.00000E+00      1.50000E-03      4.00000E-04
      3.43000E+01      0.00000E+00      6.00000E-04      3.00000E-04
      3.43000E+01      0.00000E+00      6.00000E-04      3.00000E-04
      4.85000E+01      0.00000E+00      8.00000E-04      2.00000E-04
      4.85000E+01      0.00000E+00      7.00000E-04      2.00000E-04
      4.85000E+01      0.00000E+00      7.00000E-04      2.00000E-04
      4.85000E+01      0.00000E+00      1.50000E-03      2.00000E-04
      4.85000E+01      0.00000E+00      1.80000E-03      2.00000E-04
      4.85000E+01      0.00000E+00      1.40000E-03      2.00000E-04
      4.85000E+01      0.00000E+00      8.00000E-04      2.00000E-04
      4.85000E+01      0.00000E+00      2.20000E-03      2.00000E-04
      4.85000E+01      0.00000E+00      2.20000E-03      2.00000E-04
      4.85000E+01      0.00000E+00      2.10000E-03      2.00000E-04
      4.85000E+01      0.00000E+00      1.70000E-03      2.00000E-04
      4.85000E+01      0.00000E+00      1.50000E-03      2.00000E-04
      4.85000E+01      0.00000E+00      3.00000E-03      2.00000E-04
      4.85000E+01      0.00000E+00      2.00000E-03      2.00000E-04
      4.85000E+01      0.00000E+00      4.00000E-04      2.00000E-04
      4.85000E+01      0.00000E+00      8.00000E-04      2.00000E-04
      4.85000E+01      0.00000E+00      1.30000E-03      2.00000E-04
      4.85000E+01      0.00000E+00      1.00000E-03      2.00000E-04
      4.85000E+01      0.00000E+00      1.60000E-03      2.00000E-04
      4.85000E+01      0.00000E+00      9.00000E-04      1.00000E-04
      4.85000E+01      0.00000E+00      6.00000E-04      1.00000E-04
      4.85000E+01      0.00000E+00      9.00000E-04      2.00000E-04
      4.85000E+01      0.00000E+00      1.20000E-03      2.00000E-04
      4.85000E+01      0.00000E+00      1.60000E-03      2.00000E-04
      4.85000E+01      0.00000E+00      1.10000E-03      2.00000E-04
      4.85000E+01      0.00000E+00      7.00000E-04      2.00000E-04
      4.85000E+01      0.00000E+00      7.00000E-04      2.00000E-04
      4.85000E+01      0.00000E+00      1.20000E-03      2.00000E-04
      4.85000E+01      0.00000E+00      1.40000E-03      2.00000E-04
      4.85000E+01      0.00000E+00      8.00000E-04      2.00000E-04
      4.85000E+01      0.00000E+00      8.00000E-04      2.00000E-04
      4.85000E+01      0.00000E+00      1.90000E-03      2.00000E-04
      4.85000E+01      0.00000E+00      1.30000E-03      2.00000E-04
      4.85000E+01      0.00000E+00      8.00000E-04      2.00000E-04
      4.85000E+01      0.00000E+00      1.20000E-03      1.00000E-04
      4.85000E+01      0.00000E+00      1.00000E-03      2.00000E-04
      4.85000E+01      0.00000E+00      7.00000E-04      2.00000E-04
      4.85000E+01      0.00000E+00      1.20000E-03      2.00000E-04
      4.85000E+01      0.00000E+00      9.00000E-04      2.00000E-04
      4.85000E+01      0.00000E+00      6.00000E-04      3.00000E-04
      4.85000E+01      0.00000E+00      8.00000E-04      2.00000E-04
      4.85000E+01      0.00000E+00      1.00000E-03      2.00000E-04
      4.85000E+01      0.00000E+00      9.00000E-04      2.00000E-04
      4.85000E+01      0.00000E+00      1.10000E-03      2.00000E-04
      4.85000E+01      0.00000E+00      1.20000E-03      2.00000E-04
      4.85000E+01      0.00000E+00      3.00000E-04      2.00000E-04
      4.85000E+01      0.00000E+00      7.00000E-04      2.00000E-04
      4.85000E+01      0.00000E+00      1.00000E-03      1.00000E-04
      4.85000E+01      0.00000E+00      8.00000E-04      2.00000E-04
      4.85000E+01      0.00000E+00      9.00000E-04      2.00000E-04
      4.85000E+01      0.00000E+00      8.00000E-04      2.00000E-04
      6.78000E+01      0.00000E+00      1.10000E-03      0.00000E+00
      6.78000E+01      0.00000E+00      1.80000E-03      0.00000E+00
      6.78000E+01      0.00000E+00      1.30000E-03      0.00000E+00
      6.78000E+01      0.00000E+00      1.20000E-03      0.00000E+00
      6.78000E+01      0.00000E+00      8.00000E-04      0.00000E+00
      6.78000E+01      0.00000E+00      1.40000E-03      2.00000E-04
      6.78000E+01      0.00000E+00      9.00000E-04      1.00000E-04
      6.78000E+01      0.00000E+00      1.30000E-03      1.00000E-04
      6.78000E+01      0.00000E+00      1.80000E-03      0.00000E+00
      6.78000E+01      0.00000E+00      1.30000E-03      1.00000E-04
      6.78000E+01      0.00000E+00      1.30000E-03      2.00000E-04
      6.78000E+01      0.00000E+00      5.00000E-04      0.00000E+00
      6.78000E+01      0.00000E+00      2.20000E-03      0.00000E+00
      6.78000E+01      0.00000E+00      2.00000E-03      1.00000E-04
      6.78000E+01      0.00000E+00      1.90000E-03      2.00000E-04
      6.78000E+01      0.00000E+00      9.00000E-04      1.00000E-04
      6.78000E+01      0.00000E+00      1.10000E-03      1.00000E-04
      6.78000E+01      0.00000E+00      7.00000E-04      0.00000E+00
      6.78000E+01      0.00000E+00      8.00000E-04      1.00000E-04
      6.78000E+01      0.00000E+00      8.00000E-04      0.00000E+00
      6.78000E+01      0.00000E+00      1.40000E-03      1.00000E-04
      6.78000E+01      0.00000E+00      1.00000E-03      1.00000E-04
      6.78000E+01      0.00000E+00      6.00000E-04      0.00000E+00
      6.78000E+01      0.00000E+00      1.00000E-04      0.00000E+00
      6.78000E+01      0.00000E+00      6.00000E-04      0.00000E+00
      6.78000E+01      0.00000E+00      3.00000E-04      0.00000E+00
      6.78000E+01      0.00000E+00      2.00000E-04      0.00000E+00
      6.78000E+01      0.00000E+00      3.00000E-04      0.00000E+00
      6.78000E+01      0.00000E+00      4.00000E-04      2.00000E-04
      6.78000E+01      0.00000E+00      3.00000E-04      0.00000E+00
      6.78000E+01      0.00000E+00      7.00000E-04      0.00000E+00
      6.78000E+01      0.00000E+00      8.00000E-04      0.00000E+00
      6.78000E+01      0.00000E+00      1.00000E-03      2.00000E-04
      6.78000E+01      0.00000E+00      1.30000E-03      0.00000E+00
      6.78000E+01      0.00000E+00      4.00000E-04      0.00000E+00
      6.78000E+01      0.00000E+00      5.00000E-04      0.00000E+00
      6.78000E+01      0.00000E+00      6.00000E-04      0.00000E+00
      6.78000E+01      0.00000E+00      3.00000E-04      0.00000E+00
      6.78000E+01      0.00000E+00      7.00000E-04      0.00000E+00
      6.78000E+01      0.00000E+00      6.00000E-04      2.00000E-04
      8.89000E+01      0.00000E+00      1.10000E-03      1.00000E-04
      8.89000E+01      0.00000E+00      1.10000E-03      0.00000E+00
      8.89000E+01      0.00000E+00      1.40000E-03      0.00000E+00
      8.89000E+01      0.00000E+00      8.00000E-04      0.00000E+00
      8.89000E+01      0.00000E+00      8.00000E-04      0.00000E+00
      8.89000E+01      0.00000E+00      9.00000E-04      0.00000E+00
      8.89000E+01      0.00000E+00      6.00000E-04      0.00000E+00
      8.89000E+01      0.00000E+00      7.00000E-04      1.00000E-04
      8.89000E+01      0.00000E+00      7.00000E-04      1.00000E-04
      8.89000E+01      0.00000E+00      1.70000E-03      1.00000E-04
      8.89000E+01      0.00000E+00      6.00000E-04      0.00000E+00
      8.89000E+01      0.00000E+00      1.00000E-03      1.00000E-04
      8.89000E+01      0.00000E+00      1.30000E-03      0.00000E+00
      8.89000E+01      0.00000E+00      1.60000E-03      1.00000E-04
      8.89000E+01      0.00000E+00      1.20000E-03      0.00000E+00
      8.89000E+01      0.00000E+00      1.10000E-03      0.00000E+00
      8.89000E+01      0.00000E+00      9.00000E-04      0.00000E+00
      8.89000E+01      0.00000E+00      1.30000E-03      0.00000E+00
      8.89000E+01      0.00000E+00      1.20000E-03      2.00000E-04
      8.89000E+01      0.00000E+00      1.30000E-03      1.00000E-04
      8.89000E+01      0.00000E+00      2.30000E-03      1.00000E-04
      8.89000E+01      0.00000E+00      1.20000E-03      1.00000E-04
      8.89000E+01      0.00000E+00      4.00000E-04      0.00000E+00
      8.89000E+01      0.00000E+00      9.00000E-04      0.00000E+00
      8.89000E+01      0.00000E+00      8.00000E-04      1.00000E-04
      8.89000E+01      0.00000E+00      6.00000E-04      0.00000E+00
      8.89000E+01      0.00000E+00      3.00000E-04      1.00000E-04
      8.89000E+01      0.00000E+00      6.00000E-04      0.00000E+00
      8.89000E+01      0.00000E+00      7.00000E-04      0.00000E+00
      8.89000E+01      0.00000E+00      5.00000E-04      0.00000E+00
      8.89000E+01      0.00000E+00      1.20000E-03      0.00000E+00
      8.89000E+01      0.00000E+00      9.00000E-04      0.00000E+00
      8.89000E+01      0.00000E+00      3.00000E-04      0.00000E+00
      8.89000E+01      0.00000E+00      5.00000E-04      0.00000E+00
      8.89000E+01      0.00000E+00      4.00000E-04      0.00000E+00
      8.89000E+01      0.00000E+00      4.00000E-04      0.00000E+00
      8.89000E+01      0.00000E+00      8.00000E-04      1.00000E-04
      8.89000E+01      0.00000E+00      9.00000E-04      1.00000E-04
      8.89000E+01      0.00000E+00      9.00000E-04      0.00000E+00
      8.89000E+01      0.00000E+00      1.10000E-03      3.00000E-04
      8.89000E+01      0.00000E+00      1.10000E-03      1.00000E-04
      8.89000E+01      0.00000E+00      1.50000E-03      2.00000E-04
      8.89000E+01      0.00000E+00      1.20000E-03      1.00000E-04
      8.89000E+01      0.00000E+00      7.00000E-04      1.00000E-04
      8.89000E+01      0.00000E+00      1.20000E-03      0.00000E+00
      8.89000E+01      0.00000E+00      1.00000E-03      1.00000E-04
      8.89000E+01      0.00000E+00      1.50000E-03      1.00000E-04
      8.89000E+01      0.00000E+00      1.60000E-03      2.00000E-04
      8.89000E+01      0.00000E+00      1.30000E-03      2.00000E-04
      8.89000E+01      0.00000E+00      8.00000E-04      1.00000E-04
      8.89000E+01      0.00000E+00      1.00000E-03      2.00000E-04
      8.89000E+01      0.00000E+00      5.00000E-04      3.00000E-04
      1.57000E+02      0.00000E+00      8.10000E-03      6.00000E-04
      1.57000E+02      0.00000E+00      5.00000E-03      4.00000E-04
      1.57000E+02      0.00000E+00      5.50000E-03      4.00000E-04
      1.57000E+02      0.00000E+00      6.00000E-03      6.00000E-04
      1.57000E+02      0.00000E+00      6.40000E-03      5.00000E-04
      1.57000E+02      0.00000E+00      3.10000E-03      5.00000E-04
      1.57000E+02      0.00000E+00      3.30000E-03      0.00000E+00
      1.57000E+02      0.00000E+00      4.20000E-03      0.00000E+00
      1.57000E+02      0.00000E+00      9.40000E-03      5.00000E-04
      1.57000E+02      0.00000E+00      8.80000E-03      5.00000E-04
      1.57000E+02      0.00000E+00      6.00000E-03      5.00000E-04
      1.57000E+02      0.00000E+00      2.10000E-03      5.00000E-04
      1.57000E+02      0.00000E+00      1.70000E-03      0.00000E+00
      1.57000E+02      0.00000E+00      1.60000E-03      0.00000E+00
      1.57000E+02      0.00000E+00      3.30000E-03      0.00000E+00
      1.57000E+02      0.00000E+00      5.00000E-03      5.00000E-04
      1.57000E+02      0.00000E+00      4.80000E-03      5.00000E-04
      1.57000E+02      0.00000E+00      4.00000E-03      5.00000E-04
      1.57000E+02      0.00000E+00      3.70000E-03      0.00000E+00
      1.57000E+02      0.00000E+00      6.10000E-03      5.00000E-04
      1.57000E+02      0.00000E+00      4.20000E-03      0.00000E+00
      1.57000E+02      0.00000E+00      3.90000E-03      0.00000E+00
      1.57000E+02      0.00000E+00      5.40000E-03      0.00000E+00
      1.57000E+02      0.00000E+00      3.20000E-03      0.00000E+00
      1.57000E+02      0.00000E+00      5.20000E-03      0.00000E+00
      1.57000E+02      0.00000E+00      5.20000E-03      5.00000E-04
      1.57000E+02      0.00000E+00      2.50000E-03      0.00000E+00
      1.57000E+02      0.00000E+00      2.10000E-03      0.00000E+00
      1.57000E+02      0.00000E+00      1.50000E-03      0.00000E+00
      1.57000E+02      0.00000E+00      2.10000E-03      0.00000E+00
      1.57000E+02      0.00000E+00      2.70000E-03      0.00000E+00
      1.57000E+02      0.00000E+00      1.80000E-03      0.00000E+00
      1.57000E+02      0.00000E+00      1.90000E-03      0.00000E+00
      1.57000E+02      0.00000E+00      1.90000E-03      0.00000E+00
      1.57000E+02      0.00000E+00      1.90000E-03      0.00000E+00
      1.57000E+02      0.00000E+00      1.30000E-03      0.00000E+00
      1.57000E+02      0.00000E+00      2.50000E-03      0.00000E+00
      1.57000E+02      0.00000E+00      1.80000E-03      0.00000E+00
      1.57000E+02      0.00000E+00      1.50000E-03      0.00000E+00
      1.57000E+02      0.00000E+00      2.30000E-03      0.00000E+00
      1.57000E+02      0.00000E+00      1.70000E-03      0.00000E+00
      1.57000E+02      0.00000E+00      3.30000E-03      0.00000E+00
      1.57000E+02      0.00000E+00      1.80000E-03      0.00000E+00
      1.57000E+02      0.00000E+00      1.80000E-03      0.00000E+00
      1.57000E+02      0.00000E+00      1.80000E-03      0.00000E+00
      1.57000E+02      0.00000E+00      1.60000E-03      0.00000E+00
      1.57000E+02      0.00000E+00      1.70000E-03      0.00000E+00
      1.57000E+02      0.00000E+00      1.50000E-03      0.00000E+00
      1.57000E+02      0.00000E+00      1.50000E-03      0.00000E+00
      1.57000E+02      0.00000E+00      2.20000E-03      0.00000E+00
      1.57000E+02      0.00000E+00      2.70000E-03      0.00000E+00
      1.57000E+02      0.00000E+00      2.70000E-03      0.00000E+00
      1.61400E+02      0.00000E+00      8.70000E-03      6.00000E-04
      1.61400E+02      0.00000E+00      5.40000E-03      0.00000E+00
      1.61400E+02      0.00000E+00      5.10000E-03      6.00000E-04
      1.61400E+02      0.00000E+00      5.40000E-03      0.00000E+00
      1.61400E+02      0.00000E+00      6.90000E-03      0.00000E+00
      1.61400E+02      0.00000E+00      1.40000E-03      0.00000E+00
      1.61400E+02      0.00000E+00      2.50000E-03      0.00000E+00
      1.61400E+02      0.00000E+00      3.80000E-03      0.00000E+00
      1.61400E+02      0.00000E+00      9.00000E-03      7.00000E-04
      1.61400E+02      0.00000E+00      1.05000E-02      6.00000E-04
      1.61400E+02      0.00000E+00      5.50000E-03      0.00000E+00
      1.61400E+02      0.00000E+00      9.00000E-04      0.00000E+00
      1.61400E+02      0.00000E+00      1.00000E-03      0.00000E+00
      1.61400E+02      0.00000E+00      1.20000E-03      0.00000E+00
      1.61400E+02      0.00000E+00      1.80000E-03      0.00000E+00
      1.61400E+02      0.00000E+00      4.40000E-03      6.00000E-04
      1.61400E+02      0.00000E+00      3.60000E-03      0.00000E+00
      1.61400E+02      0.00000E+00      3.40000E-03      0.00000E+00
      1.61400E+02      0.00000E+00      2.90000E-03      0.00000E+00
      1.61400E+02      0.00000E+00      6.10000E-03      6.00000E-04
      1.61400E+02      0.00000E+00      4.30000E-03      0.00000E+00
      1.61400E+02      0.00000E+00      2.60000E-03      0.00000E+00
      1.61400E+02      0.00000E+00      4.10000E-03      6.00000E-04
      1.61400E+02      0.00000E+00      2.70000E-03      0.00000E+00
      1.61400E+02      0.00000E+00      3.30000E-03      0.00000E+00
      1.61400E+02      0.00000E+00      4.90000E-03      0.00000E+00
      1.61400E+02      0.00000E+00      2.70000E-03      0.00000E+00
      1.61400E+02      0.00000E+00      1.50000E-03      0.00000E+00
      1.61400E+02      0.00000E+00      1.50000E-03      0.00000E+00
      1.61400E+02      0.00000E+00      2.30000E-03      0.00000E+00
      1.61400E+02      0.00000E+00      2.90000E-03      0.00000E+00
      1.61400E+02      0.00000E+00      9.00000E-04      0.00000E+00
      1.61400E+02      0.00000E+00      2.10000E-03      5.00000E-04
      1.61400E+02      0.00000E+00      2.10000E-03      0.00000E+00
      1.61400E+02      0.00000E+00      1.50000E-03      0.00000E+00
      1.61400E+02      0.00000E+00      2.70000E-03      0.00000E+00
      1.61400E+02      0.00000E+00      1.50000E-03      0.00000E+00
      1.61400E+02      0.00000E+00      2.60000E-03      0.00000E+00
      1.61400E+02      0.00000E+00      2.50000E-03      0.00000E+00
      1.61400E+02      0.00000E+00      1.90000E-03      0.00000E+00
      1.61400E+02      0.00000E+00      2.20000E-03      0.00000E+00
      1.61400E+02      0.00000E+00      2.10000E-03      0.00000E+00
      1.61400E+02      0.00000E+00      3.70000E-03      6.00000E-04
      1.61400E+02      0.00000E+00      2.70000E-03      0.00000E+00
      1.61400E+02      0.00000E+00      2.60000E-03      0.00000E+00
      1.61400E+02      0.00000E+00      2.70000E-03      0.00000E+00
      1.61400E+02      0.00000E+00      2.90000E-03      0.00000E+00
      1.61400E+02      0.00000E+00      2.30000E-03      0.00000E+00
      1.61400E+02      0.00000E+00      2.20000E-03      0.00000E+00
      1.61400E+02      0.00000E+00      1.80000E-03      0.00000E+00
      1.61400E+02      0.00000E+00      2.10000E-03      0.00000E+00
      1.61400E+02      0.00000E+00      2.40000E-03      0.00000E+00
      1.61400E+02      0.00000E+00      2.60000E-03      0.00000E+00
      1.71800E+02      0.00000E+00      6.50000E-03      9.00000E-04
      1.71800E+02      0.00000E+00      3.00000E-03      7.00000E-04
      1.71800E+02      0.00000E+00      2.70000E-03      0.00000E+00
      1.71800E+02      0.00000E+00      1.14000E-02      7.00000E-04
      1.71800E+02      0.00000E+00      5.50000E-03      0.00000E+00
      1.71800E+02      0.00000E+00      6.40000E-03      7.00000E-04
      1.71800E+02      0.00000E+00      2.80000E-03      0.00000E+00
      1.71800E+02      0.00000E+00      4.70000E-03      7.00000E-04
      1.71800E+02      0.00000E+00      1.09000E-02      9.00000E-04
      1.71800E+02      0.00000E+00      5.80000E-03      5.00000E-04
      1.71800E+02      0.00000E+00      7.00000E-03      5.00000E-04
      1.71800E+02      0.00000E+00      1.40000E-03      0.00000E+00
      1.71800E+02      0.00000E+00      1.20000E-03      0.00000E+00
      1.71800E+02      0.00000E+00      2.30000E-03      0.00000E+00
      1.71800E+02      0.00000E+00      8.60000E-03      6.00000E-04
      1.71800E+02      0.00000E+00      7.30000E-03      7.00000E-04
      1.71800E+02      0.00000E+00      5.80000E-03      7.00000E-04
      1.71800E+02      0.00000E+00      2.90000E-03      0.00000E+00
      1.71800E+02      0.00000E+00      5.30000E-03      0.00000E+00
      1.71800E+02      0.00000E+00      8.40000E-03      7.00000E-04
      1.71800E+02      0.00000E+00      4.00000E-03      8.00000E-04
      1.71800E+02      0.00000E+00      3.10000E-03      0.00000E+00
      1.71800E+02      0.00000E+00      4.90000E-03      7.00000E-04
      1.71800E+02      0.00000E+00      2.00000E-03      0.00000E+00
      1.71800E+02      0.00000E+00      6.90000E-03      0.00000E+00
      1.71800E+02      0.00000E+00      4.00000E-03      0.00000E+00
      1.71800E+02      0.00000E+00      2.20000E-03      0.00000E+00
      1.71800E+02      0.00000E+00      2.90000E-03      0.00000E+00
      1.71800E+02      0.00000E+00      2.40000E-03      7.00000E-04
      1.71800E+02      0.00000E+00      2.80000E-03      0.00000E+00
      1.71800E+02      0.00000E+00      2.00000E-03      0.00000E+00
      1.71800E+02      0.00000E+00      1.70000E-03      0.00000E+00
      1.71800E+02      0.00000E+00      2.10000E-03      6.00000E-04
      1.71800E+02      0.00000E+00      2.50000E-03      0.00000E+00
      1.71800E+02      0.00000E+00      3.80000E-03      0.00000E+00
      1.71800E+02      0.00000E+00      3.00000E-03      0.00000E+00
      1.71800E+02      0.00000E+00      2.50000E-03      7.00000E-04
      1.71800E+02      0.00000E+00      3.20000E-03      0.00000E+00
      1.71800E+02      0.00000E+00      3.00000E-03      0.00000E+00
      1.71800E+02      0.00000E+00      2.20000E-03      0.00000E+00
      1.71800E+02      0.00000E+00      3.50000E-03      5.00000E-04
      1.71800E+02      0.00000E+00      2.70000E-03      0.00000E+00
      1.71800E+02      0.00000E+00      4.30000E-03      6.00000E-04
      1.71800E+02      0.00000E+00      2.80000E-03      0.00000E+00
      1.71800E+02      0.00000E+00      3.20000E-03      0.00000E+00
      1.71800E+02      0.00000E+00      3.20000E-03      0.00000E+00
      1.71800E+02      0.00000E+00      3.30000E-03      0.00000E+00
      1.71800E+02      0.00000E+00      3.50000E-03      0.00000E+00
      1.71800E+02      0.00000E+00      3.00000E-03      0.00000E+00
      1.71800E+02      0.00000E+00      2.50000E-03      0.00000E+00
      1.71800E+02      0.00000E+00      2.30000E-03      0.00000E+00
      1.71800E+02      0.00000E+00      2.60000E-03      0.00000E+00
      1.71800E+02      0.00000E+00      2.40000E-03      0.00000E+00
