# entry-subent-pointer  : C1188--04-4-0 
# EXFOR reaction        : ['6-C-12', ['A,INL'], '6-C-12,PAR,DA'] 
# incident energy       : 1.04e+01 MeV - 1.97e+01 MeV 
# target                : C-12 
# product               : C-12 
# level energy          : 4.44e+00 MeV 
# MF-MT number          : 4 - ['51'] 
# first author          : L.L.Ames 
# institute             : (1USAWIS): University of Wisconsin, Madison, WI 
# reference             : (J,PR/C,25,729,1982) 
# year                  : 1982 
# facility              : (ACCEL): Accelerator 
# git                   : https://github.com/IAEA-NDS/exfor_master/blob/main/exforall/C11/C1188.x4 
# nds                   : https://nds.iaea.org/EXFOR/C1188
#
# Angle(dgrees)     dAngle(dgrees)  XS(b/steradian)  dXS(b/steradian)
      1.05000E+02      0.00000E+00      9.94590E-03      6.02600E-04
      1.05000E+02      0.00000E+00      8.65550E-03      5.90500E-04
      1.05000E+02      0.00000E+00      9.56940E-03      5.84400E-04
      1.05000E+02      0.00000E+00      9.24980E-03      5.95400E-04
      1.05000E+02      0.00000E+00      9.79190E-03      5.81400E-04
      1.05000E+02      0.00000E+00      1.08591E-02      5.60400E-04
      1.05000E+02      0.00000E+00      1.08651E-02      5.66200E-04
      1.05000E+02      0.00000E+00      1.06150E-02      5.60000E-04
      1.05000E+02      0.00000E+00      9.63990E-03      5.50000E-04
      1.05000E+02      0.00000E+00      1.16286E-02      5.25300E-04
      1.05000E+02      0.00000E+00      8.62840E-03      5.60300E-04
      1.05000E+02      0.00000E+00      9.87070E-03      5.59400E-04
      1.05000E+02      0.00000E+00      8.98730E-03      5.50800E-04
      1.05000E+02      0.00000E+00      8.17170E-03      5.42300E-04
      1.05000E+02      0.00000E+00      6.02400E-03      5.40600E-04
      1.05000E+02      0.00000E+00      6.48680E-03      5.24300E-04
      1.05000E+02      0.00000E+00      6.25030E-03      5.21600E-04
      1.05000E+02      0.00000E+00      7.20220E-03      4.51500E-04
      1.05000E+02      0.00000E+00      7.02120E-03      4.49100E-04
      1.05000E+02      0.00000E+00      6.39870E-03      4.42600E-04
      1.05000E+02      0.00000E+00      6.17380E-03      4.39600E-04
      1.05000E+02      0.00000E+00      6.31310E-03      4.12900E-04
      1.05000E+02      0.00000E+00      6.57600E-03      4.09500E-04
      1.05000E+02      0.00000E+00      5.97590E-03      3.91000E-04
      1.05000E+02      0.00000E+00      6.77060E-03      4.04700E-04
      1.05000E+02      0.00000E+00      6.91160E-03      4.06500E-04
      1.05000E+02      0.00000E+00      6.98620E-03      4.07400E-04
      1.05000E+02      0.00000E+00      6.55180E-03      4.01300E-04
      1.05000E+02      0.00000E+00      6.91240E-03      4.06000E-04
      1.05000E+02      0.00000E+00      6.83170E-03      4.04800E-04
      1.05000E+02      0.00000E+00      7.14790E-03      4.08900E-04
      1.05000E+02      0.00000E+00      7.29930E-03      4.10800E-04
      1.05000E+02      0.00000E+00      6.99960E-03      4.06700E-04
      1.05000E+02      0.00000E+00      8.10840E-03      4.21300E-04
      1.05000E+02      0.00000E+00      8.26830E-03      3.83100E-04
      1.05000E+02      0.00000E+00      6.87760E-03      4.02400E-04
      1.05000E+02      0.00000E+00      6.90760E-03      4.02700E-04
      1.05000E+02      0.00000E+00      7.63020E-03      3.83100E-04
      1.05000E+02      0.00000E+00      7.00100E-03      3.73900E-04
      1.05000E+02      0.00000E+00      6.82220E-03      3.69200E-04
      1.05000E+02      0.00000E+00      7.24740E-03      3.75300E-04
      1.05000E+02      0.00000E+00      7.20080E-03      3.95800E-04
      1.05000E+02      0.00000E+00      6.58980E-03      3.87400E-04
      1.05000E+02      0.00000E+00      6.77370E-03      3.89900E-04
      1.05000E+02      0.00000E+00      7.07760E-03      3.94000E-04
      1.05000E+02      0.00000E+00      8.75260E-03      3.98200E-04
      1.05000E+02      0.00000E+00      7.77330E-03      3.84400E-04
      1.05000E+02      0.00000E+00      6.82790E-03      4.06800E-04
      1.05000E+02      0.00000E+00      7.37530E-03      4.16000E-04
      1.05000E+02      0.00000E+00      5.48970E-03      3.98500E-04
      1.05000E+02      0.00000E+00      8.38840E-03      3.97000E-04
      1.05000E+02      0.00000E+00      8.39600E-03      3.97000E-04
      1.05000E+02      0.00000E+00      8.05380E-03      3.92100E-04
      1.05000E+02      0.00000E+00      8.13780E-03      3.93200E-04
      1.05000E+02      0.00000E+00      8.24340E-03      3.94500E-04
      1.05000E+02      0.00000E+00      7.66100E-03      3.86300E-04
      1.05000E+02      0.00000E+00      7.37450E-03      3.82100E-04
      1.05000E+02      0.00000E+00      6.92400E-03      3.75500E-04
      1.05000E+02      0.00000E+00      7.93170E-03      3.89600E-04
      1.05000E+02      0.00000E+00      8.13320E-03      3.78100E-04
      1.05000E+02      0.00000E+00      7.59570E-03      3.70100E-04
      1.05000E+02      0.00000E+00      7.62550E-03      3.70500E-04
      1.05000E+02      0.00000E+00      7.77600E-03      3.72600E-04
      1.05000E+02      0.00000E+00      7.49030E-03      3.95700E-04
      1.05000E+02      0.00000E+00      7.61830E-03      3.97300E-04
      1.05000E+02      0.00000E+00      7.85560E-03      4.00500E-04
      1.05000E+02      0.00000E+00      8.15790E-03      4.04500E-04
      1.05000E+02      0.00000E+00      9.84230E-03      4.10600E-04
      1.05000E+02      0.00000E+00      9.33650E-03      4.03700E-04
      1.05000E+02      0.00000E+00      9.26600E-03      4.02600E-04
      1.05000E+02      0.00000E+00      9.01240E-03      3.99000E-04
      1.05000E+02      0.00000E+00      1.01185E-02      4.13000E-04
      1.05000E+02      0.00000E+00      9.71260E-03      4.08300E-04
      1.05000E+02      0.00000E+00      1.00355E-02      4.12500E-04
      1.05000E+02      0.00000E+00      1.02493E-02      4.15200E-04
      1.05000E+02      0.00000E+00      1.10702E-02      3.98500E-04
      1.05000E+02      0.00000E+00      1.09357E-02      3.96600E-04
      1.05000E+02      0.00000E+00      1.15619E-02      4.05000E-04
      1.05000E+02      0.00000E+00      1.12000E-02      4.00000E-04
      1.05000E+02      0.00000E+00      1.13366E-02      4.06400E-04
      1.05000E+02      0.00000E+00      1.14510E-02      4.07900E-04
      1.05000E+02      0.00000E+00      1.13093E-02      4.05400E-04
      1.05000E+02      0.00000E+00      1.17048E-02      4.10500E-04
      1.05000E+02      0.00000E+00      1.14186E-02      4.06600E-04
      1.05000E+02      0.00000E+00      1.16738E-02      4.09900E-04
      1.05000E+02      0.00000E+00      1.25287E-02      4.06300E-04
      1.05000E+02      0.00000E+00      1.25958E-02      4.09400E-04
      1.05000E+02      0.00000E+00      1.26559E-02      4.10100E-04
      1.05000E+02      0.00000E+00      1.27898E-02      3.97900E-04
      1.05000E+02      0.00000E+00      1.33691E-02      4.05800E-04
      1.05000E+02      0.00000E+00      1.33963E-02      4.05900E-04
      1.05000E+02      0.00000E+00      1.20630E-02      3.87600E-04
      1.05000E+02      0.00000E+00      1.27592E-02      3.97100E-04
      1.05000E+02      0.00000E+00      1.33796E-02      4.05300E-04
      1.05000E+02      0.00000E+00      1.40978E-02      4.14700E-04
      1.05000E+02      0.00000E+00      1.38904E-02      4.12000E-04
      1.05000E+02      0.00000E+00      1.31444E-02      4.02100E-04
      1.05000E+02      0.00000E+00      1.28174E-02      5.97600E-04
      1.05000E+02      0.00000E+00      1.33001E-02      4.04800E-04
      1.05000E+02      0.00000E+00      1.40770E-02      4.14100E-04
      1.05000E+02      0.00000E+00      1.38434E-02      4.10900E-04
      1.05000E+02      0.00000E+00      1.31399E-02      4.01500E-04
      1.05000E+02      0.00000E+00      1.35239E-02      4.96700E-04
      1.05000E+02      0.00000E+00      1.32990E-02      4.57800E-04
      1.05000E+02      0.00000E+00      1.39516E-02      4.65300E-04
      1.05000E+02      0.00000E+00      1.40432E-02      4.58800E-04
      1.05000E+02      0.00000E+00      1.40049E-02      4.58200E-04
      1.05000E+02      0.00000E+00      1.39885E-02      4.57900E-04
      1.05000E+02      0.00000E+00      1.42844E-02      4.61300E-04
      1.05000E+02      0.00000E+00      1.39675E-02      4.57400E-04
      1.05000E+02      0.00000E+00      1.29381E-02      4.45000E-04
      1.05000E+02      0.00000E+00      1.56225E-02      4.53100E-04
      1.05000E+02      0.00000E+00      1.48516E-02      4.67300E-04
      1.05000E+02      0.00000E+00      1.44730E-02      4.60200E-04
      1.05000E+02      0.00000E+00      1.38897E-02      4.55200E-04
      1.05000E+02      0.00000E+00      1.43154E-02      4.50200E-04
      1.05000E+02      0.00000E+00      1.34095E-02      4.47300E-04
      1.05000E+02      0.00000E+00      1.47457E-02      4.74000E-04
      1.05000E+02      0.00000E+00      1.33151E-02      4.72500E-04
      1.05000E+02      0.00000E+00      1.42739E-02      4.30700E-04
      1.05000E+02      0.00000E+00      1.37018E-02      4.81400E-04
      1.05000E+02      0.00000E+00      1.51000E-02      4.40900E-04
      1.05000E+02      0.00000E+00      1.47323E-02      4.46000E-04
      1.05000E+02      0.00000E+00      1.39984E-02      4.55500E-04
      1.05000E+02      0.00000E+00      1.51944E-02      4.50100E-04
      1.05000E+02      0.00000E+00      1.38545E-02      5.01500E-04
      1.05000E+02      0.00000E+00      1.33475E-02      4.28500E-04
      1.05000E+02      0.00000E+00      1.34191E-02      4.65300E-04
      1.05000E+02      0.00000E+00      1.55405E-02      5.00500E-04
      1.05000E+02      0.00000E+00      1.34763E-02      4.59600E-04
      1.05000E+02      0.00000E+00      1.39302E-02      4.90700E-04
      1.05000E+02      0.00000E+00      1.40979E-02      4.40800E-04
      1.05000E+02      0.00000E+00      1.36129E-02      4.35500E-04
      1.05000E+02      0.00000E+00      1.40901E-02      4.28700E-04
      1.05000E+02      0.00000E+00      1.32839E-02      4.13500E-04
      1.05000E+02      0.00000E+00      1.42183E-02      4.90800E-04
      1.05000E+02      0.00000E+00      1.28488E-02      4.75600E-04
      1.05000E+02      0.00000E+00      1.35903E-02      4.54900E-04
      1.05000E+02      0.00000E+00      1.38000E-02      4.28400E-04
      1.05000E+02      0.00000E+00      1.31601E-02      4.28100E-04
      1.05000E+02      0.00000E+00      1.28475E-02      4.10500E-04
      1.05000E+02      0.00000E+00      1.34946E-02      4.43500E-04
      1.05000E+02      0.00000E+00      1.39495E-02      4.18000E-04
      1.05000E+02      0.00000E+00      1.35633E-02      4.16300E-04
      1.05000E+02      0.00000E+00      1.31773E-02      4.11300E-04
      1.05000E+02      0.00000E+00      1.38087E-02      4.16600E-04
      1.05000E+02      0.00000E+00      1.36145E-02      4.14000E-04
      1.05000E+02      0.00000E+00      1.36652E-02      4.09700E-04
      1.05000E+02      0.00000E+00      1.33112E-02      4.05000E-04
      1.05000E+02      0.00000E+00      1.30114E-02      4.05500E-04
      1.05000E+02      0.00000E+00      1.21798E-02      3.94400E-04
      1.05000E+02      0.00000E+00      1.24206E-02      3.97600E-04
      1.05000E+02      0.00000E+00      1.28214E-02      3.97800E-04
      1.05000E+02      0.00000E+00      1.25701E-02      4.05700E-04
      1.05000E+02      0.00000E+00      1.34002E-02      4.16300E-04
      1.05000E+02      0.00000E+00      1.29058E-02      4.09600E-04
      1.05000E+02      0.00000E+00      1.24150E-02      4.03100E-04
      1.05000E+02      0.00000E+00      1.21549E-02      3.99500E-04
      1.05000E+02      0.00000E+00      1.22188E-02      4.00400E-04
      1.05000E+02      0.00000E+00      1.15766E-02      4.15800E-04
      1.05000E+02      0.00000E+00      1.20545E-02      3.98100E-04
      1.05000E+02      0.00000E+00      1.29460E-02      4.35000E-04
      1.05000E+02      0.00000E+00      1.25262E-02      4.04400E-04
      1.05000E+02      0.00000E+00      1.21897E-02      4.24400E-04
      1.05000E+02      0.00000E+00      1.22799E-02      4.01200E-04
      1.05000E+02      0.00000E+00      1.24249E-02      4.27600E-04
      1.05000E+02      0.00000E+00      1.07810E-02      3.80700E-04
      1.05000E+02      0.00000E+00      1.16233E-02      4.16200E-04
      1.05000E+02      0.00000E+00      1.06913E-02      3.79400E-04
      1.05000E+02      0.00000E+00      1.14880E-02      4.14200E-04
      1.05000E+02      0.00000E+00      1.20648E-02      3.75400E-04
      1.05000E+02      0.00000E+00      1.23446E-02      4.26300E-04
      1.05000E+02      0.00000E+00      1.13520E-02      3.65200E-04
      1.05000E+02      0.00000E+00      1.09094E-02      4.23500E-04
      1.05000E+02      0.00000E+00      1.13183E-02      3.64700E-04
      1.05000E+02      0.00000E+00      1.10021E-02      4.24700E-04
      1.05000E+02      0.00000E+00      1.09767E-02      3.59600E-04
      1.05000E+02      0.00000E+00      1.11906E-02      4.27300E-04
      1.05000E+02      0.00000E+00      1.10054E-02      3.60000E-04
      1.05000E+02      0.00000E+00      1.22583E-02      4.01400E-04
      1.05000E+02      0.00000E+00      1.11591E-02      3.84700E-04
      1.05000E+02      0.00000E+00      1.09505E-02      3.81600E-04
      1.05000E+02      0.00000E+00      1.11079E-02      3.84100E-04
      1.05000E+02      0.00000E+00      1.19615E-02      4.08600E-04
      1.05000E+02      0.00000E+00      1.19003E-02      4.08100E-04
      1.05000E+02      0.00000E+00      1.13336E-02      3.99600E-04
      1.05000E+02      0.00000E+00      1.06629E-02      3.89300E-04
      1.05000E+02      0.00000E+00      1.20066E-02      4.09400E-04
      1.05000E+02      0.00000E+00      1.13026E-02      3.99000E-04
      1.05000E+02      0.00000E+00      1.12770E-02      3.98500E-04
      1.05000E+02      0.00000E+00      1.12115E-02      3.97400E-04
      1.05000E+02      0.00000E+00      1.11671E-02      3.84800E-04
      1.05000E+02      0.00000E+00      1.13014E-02      3.82000E-04
      1.05000E+02      0.00000E+00      1.13503E-02      3.83500E-04
      1.05000E+02      0.00000E+00      1.19012E-02      3.96300E-04
      1.05000E+02      0.00000E+00      1.13486E-02      3.89800E-04
      1.05000E+02      0.00000E+00      1.08954E-02      3.82100E-04
      1.05000E+02      0.00000E+00      1.11889E-02      3.87500E-04
      1.05000E+02      0.00000E+00      1.14553E-02      3.91500E-04
      1.05000E+02      0.00000E+00      1.07993E-02      3.78000E-04
      1.05000E+02      0.00000E+00      1.07306E-02      3.76700E-04
      1.05000E+02      0.00000E+00      1.01924E-02      3.68000E-04
      1.05000E+02      0.00000E+00      1.07172E-02      3.76500E-04
      1.05000E+02      0.00000E+00      1.08296E-02      3.78100E-04
      1.05000E+02      0.00000E+00      1.00449E-02      3.65500E-04
      1.05000E+02      0.00000E+00      9.98320E-03      3.64500E-04
      1.05000E+02      0.00000E+00      9.97470E-03      3.64200E-04
      1.05000E+02      0.00000E+00      9.61990E-03      3.58400E-04
      1.05000E+02      0.00000E+00      1.01741E-02      3.67400E-04
      1.05000E+02      0.00000E+00      1.00886E-02      3.65900E-04
      1.05000E+02      0.00000E+00      1.42492E-02      4.27900E-04
      1.05000E+02      0.00000E+00      1.99759E-02      5.01000E-04
      1.05000E+02      0.00000E+00      2.11564E-02      5.14600E-04
      1.05000E+02      0.00000E+00      1.69905E-02      4.64100E-04
      1.05000E+02      0.00000E+00      1.49809E-02      4.37700E-04
      1.05000E+02      0.00000E+00      1.54713E-02      4.44200E-04
      1.05000E+02      0.00000E+00      1.33551E-02      4.15100E-04
      1.05000E+02      0.00000E+00      1.28823E-02      4.08300E-04
      1.05000E+02      0.00000E+00      1.33243E-02      4.14500E-04
      1.05000E+02      0.00000E+00      1.30805E-02      4.03400E-04
      1.05000E+02      0.00000E+00      1.26332E-02      3.86000E-04
      1.05000E+02      0.00000E+00      1.25126E-02      4.00500E-04
      1.05000E+02      0.00000E+00      1.24015E-02      3.96800E-04
      1.05000E+02      0.00000E+00      1.23858E-02      3.98500E-04
      1.05000E+02      0.00000E+00      1.22648E-02      3.96700E-04
      1.05000E+02      0.00000E+00      1.17459E-02      3.88900E-04
      1.05000E+02      0.00000E+00      1.23571E-02      3.98000E-04
      1.05000E+02      0.00000E+00      1.12812E-02      3.81700E-04
      1.05000E+02      0.00000E+00      1.22212E-02      3.95900E-04
      1.05000E+02      0.00000E+00      1.18244E-02      3.89800E-04
      1.05000E+02      0.00000E+00      1.17282E-02      3.88300E-04
      1.05000E+02      0.00000E+00      1.13125E-02      3.81800E-04
      1.05000E+02      0.00000E+00      1.11264E-02      3.79000E-04
      1.05000E+02      0.00000E+00      1.11019E-02      3.76900E-04
      1.05000E+02      0.00000E+00      1.10929E-02      3.80100E-04
      1.05000E+02      0.00000E+00      1.10799E-02      3.79900E-04
      1.05000E+02      0.00000E+00      1.12081E-02      3.81900E-04
      1.05000E+02      0.00000E+00      1.10294E-02      3.85900E-04
      1.05000E+02      0.00000E+00      1.15994E-02      3.94400E-04
      1.05000E+02      0.00000E+00      1.12056E-02      3.87000E-04
      1.05000E+02      0.00000E+00      1.01055E-02      3.71400E-04
      1.05000E+02      0.00000E+00      1.03700E-02      3.75500E-04
      1.05000E+02      0.00000E+00      1.05236E-02      3.77900E-04
      1.05000E+02      0.00000E+00      1.05699E-02      3.78000E-04
      1.05000E+02      0.00000E+00      1.03759E-02      3.74700E-04
      1.05000E+02      0.00000E+00      1.06469E-02      3.79700E-04
      1.05000E+02      0.00000E+00      1.06020E-02      3.75700E-04
      1.05000E+02      0.00000E+00      1.00905E-02      3.70900E-04
      1.05000E+02      0.00000E+00      1.01686E-02      3.54900E-04
      1.05000E+02      0.00000E+00      1.04437E-02      5.70700E-04
      1.05000E+02      0.00000E+00      1.00493E-02      3.67100E-04
      1.05000E+02      0.00000E+00      1.00947E-02      3.67800E-04
      1.05000E+02      0.00000E+00      9.40290E-03      3.57800E-04
      1.05000E+02      0.00000E+00      9.42300E-03      3.51400E-04
      1.05000E+02      0.00000E+00      9.80780E-03      3.63100E-04
      1.05000E+02      0.00000E+00      9.37070E-03      3.55900E-04
      1.05000E+02      0.00000E+00      9.60640E-03      3.58800E-04
      1.05000E+02      0.00000E+00      8.58020E-03      3.35500E-04
      1.05000E+02      0.00000E+00      8.82360E-03      3.40200E-04
      1.05000E+02      0.00000E+00      8.18330E-03      3.35600E-04
      1.05000E+02      0.00000E+00      8.45200E-03      3.40300E-04
      1.05000E+02      0.00000E+00      9.05530E-03      3.23700E-04
      1.05000E+02      0.00000E+00      9.37840E-03      3.31000E-04
      1.05000E+02      0.00000E+00      8.52760E-03      3.39800E-04
      1.05000E+02      0.00000E+00      8.39740E-03      3.30200E-04
      1.05000E+02      0.00000E+00      9.15100E-03      3.43100E-04
      1.05000E+02      0.00000E+00      8.59220E-03      3.33500E-04
      1.05000E+02      0.00000E+00      8.82280E-03      3.37500E-04
      1.05000E+02      0.00000E+00      8.92740E-03      3.39300E-04
      1.05000E+02      0.00000E+00      8.07400E-03      3.24200E-04
      1.05000E+02      0.00000E+00      8.51570E-03      3.32100E-04
      1.05000E+02      0.00000E+00      8.28070E-03      3.27900E-04
      1.05000E+02      0.00000E+00      8.03370E-03      3.22600E-04
      1.05000E+02      0.00000E+00      7.80990E-03      3.20100E-04
      1.05000E+02      0.00000E+00      7.56420E-03      3.15600E-04
      1.05000E+02      0.00000E+00      7.79040E-03      2.23700E-04
      1.05000E+02      0.00000E+00      8.22730E-03      3.23400E-04
      1.05000E+02      0.00000E+00      7.78450E-03      2.64800E-04
      1.05000E+02      0.00000E+00      7.59390E-03      3.11700E-04
      1.05000E+02      0.00000E+00      7.72070E-03      3.14000E-04
      1.05000E+02      0.00000E+00      7.66050E-03      3.12900E-04
      1.05000E+02      0.00000E+00      7.36940E-03      3.07400E-04
      1.05000E+02      0.00000E+00      7.57620E-03      3.11200E-04
      1.05000E+02      0.00000E+00      7.61100E-03      3.14900E-04
      1.05000E+02      0.00000E+00      7.51690E-03      3.13100E-04
      1.05000E+02      0.00000E+00      7.65230E-03      3.15500E-04
      1.05000E+02      0.00000E+00      7.48970E-03      3.12500E-04
      1.05000E+02      0.00000E+00      7.69750E-03      3.16300E-04
      1.05000E+02      0.00000E+00      7.74340E-03      3.17200E-04
      1.05000E+02      0.00000E+00      6.50870E-03      3.28400E-04
      1.05000E+02      0.00000E+00      7.78660E-03      3.15300E-04
      1.05000E+02      0.00000E+00      7.46840E-03      3.09300E-04
      1.05000E+02      0.00000E+00      7.63590E-03      3.12600E-04
      1.05000E+02      0.00000E+00      7.67770E-03      3.13200E-04
      1.05000E+02      0.00000E+00      8.11010E-03      3.20500E-04
      1.05000E+02      0.00000E+00      9.33410E-03      3.29300E-04
      1.05000E+02      0.00000E+00      9.39200E-03      3.30300E-04
      1.05000E+02      0.00000E+00      6.96020E-03      3.22500E-04
      1.05000E+02      0.00000E+00      9.45290E-03      3.31200E-04
      1.05000E+02      0.00000E+00      1.00700E-02      3.41900E-04
      1.05000E+02      0.00000E+00      9.85990E-03      3.38300E-04
      1.05000E+02      0.00000E+00      1.01593E-02      3.43300E-04
      1.05000E+02      0.00000E+00      1.04015E-02      3.47400E-04
      1.05000E+02      0.00000E+00      1.23251E-02      3.78100E-04
      1.05000E+02      0.00000E+00      1.39520E-02      4.02900E-04
      1.05000E+02      0.00000E+00      1.50785E-02      4.18200E-04
      1.05000E+02      0.00000E+00      1.36137E-02      3.97300E-04
      1.05000E+02      0.00000E+00      1.47031E-02      4.12900E-04
      1.05000E+02      0.00000E+00      1.43405E-02      4.07700E-04
      1.05000E+02      0.00000E+00      1.38764E-02      4.01000E-04
      1.05000E+02      0.00000E+00      1.37230E-02      3.98800E-04
      1.05000E+02      0.00000E+00      1.36907E-02      3.98200E-04
      1.05000E+02      0.00000E+00      1.53613E-02      4.21800E-04
      1.05000E+02      0.00000E+00      1.51727E-02      4.19200E-04
      1.05000E+02      0.00000E+00      1.42793E-02      4.06600E-04
      1.05000E+02      0.00000E+00      1.52481E-02      4.20100E-04
      1.05000E+02      0.00000E+00      1.58833E-02      4.20800E-04
      1.05000E+02      0.00000E+00      1.64574E-02      4.36400E-04
      1.05000E+02      0.00000E+00      1.64089E-02      4.35700E-04
      1.05000E+02      0.00000E+00      1.70408E-02      4.44000E-04
      1.05000E+02      0.00000E+00      1.71655E-02      4.45600E-04
      1.05000E+02      0.00000E+00      1.73358E-02      4.47600E-04
      1.05000E+02      0.00000E+00      1.83499E-02      4.60600E-04
      1.05000E+02      0.00000E+00      1.83318E-02      4.60300E-04
      1.05000E+02      0.00000E+00      1.86730E-02      4.64500E-04
      1.05000E+02      0.00000E+00      1.91132E-02      4.69400E-04
      1.05000E+02      0.00000E+00      1.94129E-02      4.73400E-04
      1.05000E+02      0.00000E+00      2.08589E-02      4.90900E-04
      1.05000E+02      0.00000E+00      1.91503E-02      4.70300E-04
      1.05000E+02      0.00000E+00      1.96533E-02      4.76400E-04
      1.05000E+02      0.00000E+00      1.91766E-02      4.70600E-04
      1.05000E+02      0.00000E+00      2.02207E-02      4.83100E-04
      1.05000E+02      0.00000E+00      1.80528E-02      4.56500E-04
      1.05000E+02      0.00000E+00      2.04485E-02      4.90100E-04
      1.05000E+02      0.00000E+00      2.04973E-02      4.86300E-04
      1.05000E+02      0.00000E+00      2.00844E-02      4.80900E-04
      1.05000E+02      0.00000E+00      1.96106E-02      4.73500E-04
      1.05000E+02      0.00000E+00      2.09395E-02      4.90900E-04
      1.05000E+02      0.00000E+00      2.03210E-02      4.84000E-04
      1.05000E+02      0.00000E+00      1.96627E-02      4.70000E-04
      1.05000E+02      0.00000E+00      1.96657E-02      4.76000E-04
      1.05000E+02      0.00000E+00      2.03290E-02      4.81900E-04
      1.05000E+02      0.00000E+00      1.95095E-02      4.73900E-04
      1.05000E+02      0.00000E+00      1.93923E-02      4.72300E-04
      1.05000E+02      0.00000E+00      1.92784E-02      4.71200E-04
      1.05000E+02      0.00000E+00      1.82676E-02      4.57300E-04
      1.05000E+02      0.00000E+00      1.80928E-02      4.56500E-04
      1.05000E+02      0.00000E+00      1.74463E-02      4.40200E-04
      1.05000E+02      0.00000E+00      1.67683E-02      4.39700E-04
      1.05000E+02      0.00000E+00      1.67504E-02      4.36100E-04
      1.05000E+02      0.00000E+00      1.65311E-02      4.36200E-04
      1.05000E+02      0.00000E+00      1.47460E-02      4.12000E-04
      1.05000E+02      0.00000E+00      1.48169E-02      4.15000E-04
      1.05000E+02      0.00000E+00      1.44536E-02      4.07500E-04
      1.05000E+02      0.00000E+00      1.40078E-02      4.01500E-04
      1.05000E+02      0.00000E+00      1.37263E-02      3.97300E-04
      1.05000E+02      0.00000E+00      1.42092E-02      4.04300E-04
      1.05000E+02      0.00000E+00      1.49521E-02      4.14700E-04
      1.05000E+02      0.00000E+00      1.51371E-02      4.17200E-04
      1.05000E+02      0.00000E+00      1.47204E-02      4.11400E-04
      1.05000E+02      0.00000E+00      1.52095E-02      4.16100E-04
      1.05000E+02      0.00000E+00      1.52910E-02      4.19300E-04
      1.05000E+02      0.00000E+00      1.54255E-02      4.21100E-04
      1.05000E+02      0.00000E+00      1.59121E-02      4.54100E-04
      1.05000E+02      0.00000E+00      1.62244E-02      4.31800E-04
      1.05000E+02      0.00000E+00      1.58201E-02      4.26300E-04
      1.05000E+02      0.00000E+00      1.56758E-02      4.46000E-04
      1.05000E+02      0.00000E+00      1.50284E-02      4.15500E-04
      1.05000E+02      0.00000E+00      1.50037E-02      4.41400E-04
      1.05000E+02      0.00000E+00      1.53120E-02      4.19400E-04
      1.05000E+02      0.00000E+00      1.45036E-02      4.00100E-04
      1.05000E+02      0.00000E+00      1.52258E-02      4.18100E-04
      1.05000E+02      0.00000E+00      1.52234E-02      4.35800E-04
      1.05000E+02      0.00000E+00      1.48400E-02      4.12700E-04
      1.05000E+02      0.00000E+00      1.64222E-02      4.61700E-04
      1.05000E+02      0.00000E+00      1.49915E-02      4.14800E-04
      1.05000E+02      0.00000E+00      1.60044E-02      4.55800E-04
      1.05000E+02      0.00000E+00      1.53747E-02      4.20000E-04
      1.05000E+02      0.00000E+00      1.76726E-02      4.79100E-04
      1.05000E+02      0.00000E+00      1.75785E-02      4.77700E-04
      1.05000E+02      0.00000E+00      1.86253E-02      4.91700E-04
      1.05000E+02      0.00000E+00      1.94527E-02      5.02500E-04
      1.05000E+02      0.00000E+00      1.91546E-02      4.98600E-04
      1.05000E+02      0.00000E+00      2.14850E-02      5.20100E-04
      1.05000E+02      0.00000E+00      2.11711E-02      5.24200E-04
      1.05000E+02      0.00000E+00      2.20970E-02      5.35400E-04
      1.05000E+02      0.00000E+00      2.16817E-02      5.30500E-04
      1.05000E+02      0.00000E+00      2.38084E-02      5.55800E-04
      1.05000E+02      0.00000E+00      2.35689E-02      5.52900E-04
      1.05000E+02      0.00000E+00      2.40662E-02      5.56900E-04
      1.05000E+02      0.00000E+00      2.54506E-02      5.74500E-04
      1.05000E+02      0.00000E+00      2.61566E-02      5.82300E-04
      1.05000E+02      0.00000E+00      2.65347E-02      5.85600E-04
      1.05000E+02      0.00000E+00      2.80256E-02      6.02700E-04
      1.05000E+02      0.00000E+00      2.84054E-02      6.00400E-04
      1.05000E+02      0.00000E+00      2.94830E-02      6.18100E-04
      1.05000E+02      0.00000E+00      2.91535E-02      6.14600E-04
      1.05000E+02      0.00000E+00      2.96426E-02      6.19700E-04
      1.05000E+02      0.00000E+00      3.23534E-02      6.47400E-04
      1.05000E+02      0.00000E+00      3.28616E-02      6.52700E-04
      1.05000E+02      0.00000E+00      3.32265E-02      6.56000E-04
      1.05000E+02      0.00000E+00      3.34240E-02      6.57900E-04
      1.05000E+02      0.00000E+00      3.40337E-02      6.63900E-04
      1.05000E+02      0.00000E+00      3.41947E-02      6.65400E-04
      1.05000E+02      0.00000E+00      3.33727E-02      6.22100E-04
      1.05000E+02      0.00000E+00      3.36487E-02      6.24700E-04
      1.05000E+02      0.00000E+00      3.46926E-02      6.34300E-04
      1.05000E+02      0.00000E+00      3.41280E-02      6.29000E-04
      1.05000E+02      0.00000E+00      3.44847E-02      6.32200E-04
      1.05000E+02      0.00000E+00      3.36115E-02      6.24000E-04
      1.05000E+02      0.00000E+00      3.43376E-02      6.30900E-04
      1.05000E+02      0.00000E+00      3.44682E-02      6.32000E-04
      1.05000E+02      0.00000E+00      3.46761E-02      6.33900E-04
      1.05000E+02      0.00000E+00      3.38450E-02      6.26100E-04
      1.05000E+02      0.00000E+00      3.43564E-02      6.30900E-04
      1.05000E+02      0.00000E+00      3.43540E-02      6.30800E-04
      1.05000E+02      0.00000E+00      3.46663E-02      6.33600E-04
      1.05000E+02      0.00000E+00      3.36671E-02      6.24300E-04
      1.05000E+02      0.00000E+00      3.44462E-02      6.31500E-04
      1.05000E+02      0.00000E+00      3.32725E-02      6.20500E-04
      1.05000E+02      0.00000E+00      3.32470E-02      6.20300E-04
      1.05000E+02      0.00000E+00      3.24512E-02      6.13000E-04
      1.05000E+02      0.00000E+00      3.30686E-02      6.18600E-04
      1.05000E+02      0.00000E+00      3.25746E-02      6.13800E-04
      1.05000E+02      0.00000E+00      3.32252E-02      5.91000E-04
      1.05000E+02      0.00000E+00      3.21149E-02      6.09300E-04
      1.05000E+02      0.00000E+00      3.34841E-02      6.22300E-04
      1.05000E+02      0.00000E+00      3.52732E-02      6.35400E-04
      1.05000E+02      0.00000E+00      3.20744E-02      6.08900E-04
      1.05000E+02      0.00000E+00      2.89192E-02      5.78000E-04
      1.05000E+02      0.00000E+00      2.85160E-02      5.74000E-04
      1.05000E+02      0.00000E+00      2.80311E-02      5.69100E-04
      1.05000E+02      0.00000E+00      2.68405E-02      5.77200E-04
      1.05000E+02      0.00000E+00      2.71623E-02      5.60200E-04
      1.05000E+02      0.00000E+00      2.83657E-02      5.72200E-04
      1.05000E+02      0.00000E+00      2.70345E-02      5.58700E-04
      1.05000E+02      0.00000E+00      2.80893E-02      5.69900E-04
      1.05000E+02      0.00000E+00      2.72671E-02      5.61200E-04
      1.05000E+02      0.00000E+00      2.66149E-02      5.51500E-04
      1.05000E+02      0.00000E+00      2.72919E-02      5.61300E-04
      1.05000E+02      0.00000E+00      2.61014E-02      5.48900E-04
      1.05000E+02      0.00000E+00      2.62613E-02      5.50600E-04
      1.05000E+02      0.00000E+00      2.64422E-02      5.52400E-04
      1.05000E+02      0.00000E+00      2.57583E-02      5.45000E-04
      1.05000E+02      0.00000E+00      2.56966E-02      5.44400E-04
      1.05000E+02      0.00000E+00      2.53477E-02      5.40700E-04
      1.05000E+02      0.00000E+00      2.49983E-02      5.06400E-04
      1.05000E+02      0.00000E+00      2.48729E-02      5.38600E-04
      1.05000E+02      0.00000E+00      2.47901E-02      5.04400E-04
      1.05000E+02      0.00000E+00      2.50311E-02      5.37100E-04
      1.05000E+02      0.00000E+00      2.45042E-02      5.01500E-04
      1.05000E+02      0.00000E+00      2.41983E-02      5.28200E-04
      1.05000E+02      0.00000E+00      2.46393E-02      5.02800E-04
      1.05000E+02      0.00000E+00      2.41988E-02      5.27200E-04
      1.05000E+02      0.00000E+00      2.37215E-02      4.93500E-04
      1.05000E+02      0.00000E+00      2.47671E-02      5.34200E-04
      1.05000E+02      0.00000E+00      2.34255E-02      4.90400E-04
      1.05000E+02      0.00000E+00      2.44135E-02      5.30200E-04
      1.05000E+02      0.00000E+00      2.32827E-02      4.86900E-04
      1.05000E+02      0.00000E+00      2.34953E-02      5.20200E-04
      1.05000E+02      0.00000E+00      2.23191E-02      4.78800E-04
      1.05000E+02      0.00000E+00      2.19839E-02      5.03300E-04
      1.05000E+02      0.00000E+00      2.22908E-02      4.78500E-04
      1.05000E+02      0.00000E+00      2.13476E-02      4.95500E-04
      1.05000E+02      0.00000E+00      2.14596E-02      4.69600E-04
      1.05000E+02      0.00000E+00      2.17711E-02      5.00500E-04
      1.05000E+02      0.00000E+00      2.10384E-02      4.64700E-04
      1.05000E+02      0.00000E+00      2.13697E-02      4.68700E-04
      1.05000E+02      0.00000E+00      2.12979E-02      4.95200E-04
      1.05000E+02      0.00000E+00      2.02975E-02      4.56900E-04
      1.05000E+02      0.00000E+00      2.01058E-02      4.54800E-04
      1.05000E+02      0.00000E+00      1.94895E-02      4.47900E-04
      1.05000E+02      0.00000E+00      2.01693E-02      4.55400E-04
      1.05000E+02      0.00000E+00      1.94015E-02      4.46800E-04
      1.05000E+02      0.00000E+00      1.83930E-02      4.35300E-04
      1.05000E+02      0.00000E+00      1.77355E-02      4.27500E-04
      1.05000E+02      0.00000E+00      1.76939E-02      4.27000E-04
      1.05000E+02      0.00000E+00      1.62307E-02      4.09400E-04
      1.05000E+02      0.00000E+00      1.68118E-02      4.16400E-04
      1.05000E+02      0.00000E+00      1.56478E-02      4.01900E-04
      1.05000E+02      0.00000E+00      1.56368E-02      4.01700E-04
      1.05000E+02      0.00000E+00      1.52034E-02      3.97000E-04
      1.05000E+02      0.00000E+00      1.49608E-02      3.93100E-04
      1.05000E+02      0.00000E+00      1.37824E-02      3.77700E-04
      1.05000E+02      0.00000E+00      1.41616E-02      3.82700E-04
      1.05000E+02      0.00000E+00      1.26941E-02      3.62600E-04
      1.05000E+02      0.00000E+00      1.28521E-02      3.64700E-04
      1.05000E+02      0.00000E+00      1.20976E-02      3.54200E-04
      1.05000E+02      0.00000E+00      1.20351E-02      3.53300E-04
      1.05000E+02      0.00000E+00      1.15633E-02      3.46500E-04
      1.05000E+02      0.00000E+00      1.13606E-02      3.43800E-04
      1.05000E+02      0.00000E+00      1.06651E-02      3.33100E-04
      1.05000E+02      0.00000E+00      1.05643E-02      3.31600E-04
      1.05000E+02      0.00000E+00      9.64980E-03      3.17400E-04
      1.05000E+02      0.00000E+00      9.44810E-03      3.14200E-04
      1.05000E+02      0.00000E+00      9.64780E-03      3.17400E-04
      1.05000E+02      0.00000E+00      8.78310E-03      3.03300E-04
      1.05000E+02      0.00000E+00      8.42150E-03      2.97300E-04
      1.05000E+02      0.00000E+00      8.52000E-03      2.98900E-04
      1.05000E+02      0.00000E+00      7.62640E-03      2.83500E-04
      1.05000E+02      0.00000E+00      7.08340E-03      2.73700E-04
      1.05000E+02      0.00000E+00      7.28410E-03      2.77000E-04
      1.05000E+02      0.00000E+00      6.75100E-03      2.67100E-04
      1.05000E+02      0.00000E+00      6.08830E-03      2.54400E-04
      1.05000E+02      0.00000E+00      5.56670E-03      2.43900E-04
      1.05000E+02      0.00000E+00      5.79690E-03      2.48500E-04
      1.05000E+02      0.00000E+00      4.88410E-03      2.29400E-04
      1.05000E+02      0.00000E+00      4.65310E-03      2.24300E-04
      1.05000E+02      0.00000E+00      4.11690E-03      2.10700E-04
      1.05000E+02      0.00000E+00      3.83010E-03      2.05000E-04
      1.05000E+02      0.00000E+00      3.47890E-03      1.96200E-04
      1.05000E+02      0.00000E+00      3.27740E-03      1.91500E-04
      1.05000E+02      0.00000E+00      3.26670E-03      1.91200E-04
      1.05000E+02      0.00000E+00      2.89360E-03      1.95500E-04
      1.05000E+02      0.00000E+00      2.39400E-03      1.66700E-04
      1.05000E+02      0.00000E+00      2.04330E-03      1.55800E-04
      1.05000E+02      0.00000E+00      1.86280E-03      1.49900E-04
      1.05000E+02      0.00000E+00      1.55210E-03      1.39100E-04
      1.05000E+02      0.00000E+00      1.22150E-03      1.26700E-04
      1.05000E+02      0.00000E+00      9.30900E-04      1.14600E-04
      1.05000E+02      0.00000E+00      9.70800E-04      1.16300E-04
      1.05000E+02      0.00000E+00      9.60700E-04      1.15800E-04
      1.05000E+02      0.00000E+00      8.30400E-04      1.10100E-04
      1.05000E+02      0.00000E+00      9.20400E-04      1.14100E-04
      1.05000E+02      0.00000E+00      1.05040E-03      1.18800E-04
      1.05000E+02      0.00000E+00      1.50040E-03      1.41500E-04
      1.05000E+02      0.00000E+00      1.29030E-03      1.30600E-04
      1.05000E+02      0.00000E+00      1.72030E-03      1.46500E-04
      1.05000E+02      0.00000E+00      2.31030E-03      1.65300E-04
      1.05000E+02      0.00000E+00      2.77020E-03      1.70600E-04
      1.05000E+02      0.00000E+00      3.37020E-03      1.94700E-04
      1.05000E+02      0.00000E+00      3.40980E-03      1.95700E-04
      1.05000E+02      0.00000E+00      4.57920E-03      2.23600E-04
      1.05000E+02      0.00000E+00      4.78860E-03      2.26200E-04
      1.05000E+02      0.00000E+00      5.27790E-03      2.43600E-04
      1.05000E+02      0.00000E+00      5.65660E-03      2.51300E-04
      1.05000E+02      0.00000E+00      6.41600E-03      2.65900E-04
      1.05000E+02      0.00000E+00      7.08510E-03      2.73200E-04
      1.05000E+02      0.00000E+00      7.92360E-03      2.92900E-04
      1.05000E+02      0.00000E+00      8.23180E-03      2.98100E-04
      1.05000E+02      0.00000E+00      8.69070E-03      3.05700E-04
      1.05000E+02      0.00000E+00      8.83980E-03      3.06100E-04
      1.05000E+02      0.00000E+00      1.04668E-02      3.33400E-04
      1.05000E+02      0.00000E+00      1.01144E-02      3.20000E-04
      1.05000E+02      0.00000E+00      1.10020E-02      3.41300E-04
      1.05000E+02      0.00000E+00      1.11712E-02      3.43700E-04
      1.05000E+02      0.00000E+00      1.24280E-02      3.61500E-04
      1.05000E+02      0.00000E+00      1.17391E-02      3.51900E-04
      1.05000E+02      0.00000E+00      1.21191E-02      3.57200E-04
      1.05000E+02      0.00000E+00      1.29856E-02      3.60100E-04
      1.05000E+02      0.00000E+00      1.31409E-02      3.62200E-04
      1.05000E+02      0.00000E+00      1.35898E-02      3.68300E-04
      1.05000E+02      0.00000E+00      1.43766E-02      3.78800E-04
      1.05000E+02      0.00000E+00      1.38656E-02      3.72000E-04
      1.05000E+02      0.00000E+00      1.44406E-02      3.79600E-04
      1.05000E+02      0.00000E+00      1.52798E-02      3.90500E-04
      1.05000E+02      0.00000E+00      1.48802E-02      3.85300E-04
      1.05000E+02      0.00000E+00      1.47108E-02      3.83100E-04
      1.05000E+02      0.00000E+00      1.51673E-02      3.89000E-04
      1.05000E+02      0.00000E+00      1.62228E-02      4.02300E-04
      1.05000E+02      0.00000E+00      1.51242E-02      3.88400E-04
      1.05000E+02      0.00000E+00      1.59901E-02      3.99400E-04
      1.05000E+02      0.00000E+00      1.66056E-02      4.07000E-04
      1.05000E+02      0.00000E+00      1.62533E-02      4.02600E-04
      1.05000E+02      0.00000E+00      1.72455E-02      4.14600E-04
      1.05000E+02      0.00000E+00      1.66892E-02      4.07900E-04
      1.05000E+02      0.00000E+00      1.62970E-02      4.03000E-04
      1.05000E+02      0.00000E+00      1.67832E-02      4.09000E-04
      1.05000E+02      0.00000E+00      1.80073E-02      4.23600E-04
      1.05000E+02      0.00000E+00      1.88343E-02      4.33300E-04
      1.05000E+02      0.00000E+00      1.79556E-02      4.23000E-04
      1.05000E+02      0.00000E+00      1.63923E-02      4.28100E-04
      1.05000E+02      0.00000E+00      1.83114E-02      4.27100E-04
      1.05000E+02      0.00000E+00      1.88972E-02      4.33900E-04
      1.05000E+02      0.00000E+00      1.91066E-02      4.56300E-04
      1.05000E+02      0.00000E+00      1.90884E-02      4.36000E-04
      1.05000E+02      0.00000E+00      1.92911E-02      4.37500E-04
      1.05000E+02      0.00000E+00      2.04038E-02      4.50400E-04
      1.05000E+02      0.00000E+00      2.00737E-02      4.46700E-04
      1.05000E+02      0.00000E+00      2.05216E-02      4.63400E-04
      1.05000E+02      0.00000E+00      2.14950E-02      4.74200E-04
      1.05000E+02      0.00000E+00      2.08751E-02      4.67300E-04
      1.05000E+02      0.00000E+00      2.11141E-02      4.70000E-04
      1.05000E+02      0.00000E+00      2.24391E-02      4.84500E-04
      1.05000E+02      0.00000E+00      2.15362E-02      4.74600E-04
      1.05000E+02      0.00000E+00      2.14892E-02      4.74000E-04
      1.05000E+02      0.00000E+00      2.22425E-02      4.82300E-04
      1.05000E+02      0.00000E+00      2.13570E-02      4.78600E-04
      1.05000E+02      0.00000E+00      2.20142E-02      4.78000E-04
      1.05000E+02      0.00000E+00      2.11490E-02      4.70200E-04
      1.05000E+02      0.00000E+00      2.13582E-02      4.72500E-04
      1.05000E+02      0.00000E+00      2.22945E-02      4.82700E-04
      1.05000E+02      0.00000E+00      2.33587E-02      4.94100E-04
      1.05000E+02      0.00000E+00      2.25732E-02      4.85700E-04
      1.05000E+02      0.00000E+00      2.17756E-02      4.77000E-04
      1.05000E+02      0.00000E+00      2.27550E-02      4.87600E-04
      1.05000E+02      0.00000E+00      2.25129E-02      4.84900E-04
      1.05000E+02      0.00000E+00      2.19907E-02      4.79300E-04
      1.05000E+02      0.00000E+00      2.41714E-02      5.02400E-04
      1.05000E+02      0.00000E+00      2.43072E-02      5.03900E-04
      1.05000E+02      0.00000E+00      2.51895E-02      5.13000E-04
      1.05000E+02      0.00000E+00      2.34469E-02      4.95000E-04
      1.05000E+02      0.00000E+00      2.51632E-02      5.12800E-04
      1.05000E+02      0.00000E+00      2.50582E-02      5.11700E-04
      1.05000E+02      0.00000E+00      2.56232E-02      5.17400E-04
      1.05000E+02      0.00000E+00      2.54037E-02      5.15200E-04
      1.05000E+02      0.00000E+00      2.44600E-02      5.05500E-04
      1.05000E+02      0.00000E+00      2.27718E-02      4.87500E-04
      1.05000E+02      0.00000E+00      2.36997E-02      4.97400E-04
      1.05000E+02      0.00000E+00      2.44566E-02      5.05500E-04
      1.05000E+02      0.00000E+00      2.26544E-02      4.86300E-04
      1.05000E+02      0.00000E+00      2.18074E-02      4.77100E-04
      1.05000E+02      0.00000E+00      2.11787E-02      4.70000E-04
      1.05000E+02      0.00000E+00      2.19972E-02      4.79200E-04
      1.05000E+02      0.00000E+00      2.24068E-02      4.83800E-04
      1.05000E+02      0.00000E+00      2.08030E-02      4.65700E-04
      1.05000E+02      0.00000E+00      2.26557E-02      4.86200E-04
      1.05000E+02      0.00000E+00      2.04501E-02      4.62000E-04
      1.05000E+02      0.00000E+00      2.19306E-02      4.78300E-04
      1.05000E+02      0.00000E+00      2.38588E-02      4.98800E-04
      1.05000E+02      0.00000E+00      2.29916E-02      4.89400E-04
      1.05000E+02      0.00000E+00      2.27913E-02      4.87200E-04
      1.05000E+02      0.00000E+00      1.94188E-02      4.49700E-04
      1.05000E+02      0.00000E+00      1.58664E-02      4.06400E-04
      1.05000E+02      0.00000E+00      1.72915E-02      4.24300E-04
      1.05000E+02      0.00000E+00      2.08168E-02      4.65500E-04
      1.05000E+02      0.00000E+00      2.21776E-02      4.80500E-04
      1.05000E+02      0.00000E+00      2.29550E-02      4.80900E-04
      1.05000E+02      0.00000E+00      2.41591E-02      5.01500E-04
      1.05000E+02      0.00000E+00      2.41250E-02      5.01100E-04
      1.05000E+02      0.00000E+00      2.41965E-02      5.01800E-04
      1.05000E+02      0.00000E+00      2.38072E-02      4.97700E-04
      1.05000E+02      0.00000E+00      2.36101E-02      4.95700E-04
      1.05000E+02      0.00000E+00      2.30999E-02      4.90300E-04
      1.05000E+02      0.00000E+00      2.33961E-02      4.93300E-04
      1.05000E+02      0.00000E+00      2.20454E-02      4.76900E-04
      1.05000E+02      0.00000E+00      2.20750E-02      4.75200E-04
      1.05000E+02      0.00000E+00      2.14882E-02      4.72700E-04
      1.05000E+02      0.00000E+00      2.10187E-02      4.67500E-04
      1.05000E+02      0.00000E+00      2.18971E-02      4.77200E-04
      1.05000E+02      0.00000E+00      2.20919E-02      4.79300E-04
      1.05000E+02      0.00000E+00      2.11941E-02      4.69400E-04
      1.05000E+02      0.00000E+00      2.18226E-02      4.76300E-04
      1.05000E+02      0.00000E+00      2.16473E-02      4.93200E-04
      1.05000E+02      0.00000E+00      2.09468E-02      4.66600E-04
      1.05000E+02      0.00000E+00      2.07492E-02      4.82900E-04
      1.05000E+02      0.00000E+00      2.02276E-02      4.58500E-04
      1.05000E+02      0.00000E+00      2.12669E-02      4.86800E-04
      1.05000E+02      0.00000E+00      2.08535E-02      4.66600E-04
      1.05000E+02      0.00000E+00      2.09111E-02      4.84800E-04
      1.05000E+02      0.00000E+00      2.02759E-02      4.59100E-04
      1.05000E+02      0.00000E+00      2.07878E-02      4.83300E-04
      1.05000E+02      0.00000E+00      2.08110E-02      4.65100E-04
      1.05000E+02      0.00000E+00      2.07972E-02      4.83400E-04
      1.05000E+02      0.00000E+00      2.06382E-02      4.63200E-04
      1.05000E+02      0.00000E+00      2.06194E-02      4.81400E-04
      1.05000E+02      0.00000E+00      2.08431E-02      4.65400E-04
      1.05000E+02      0.00000E+00      2.07944E-02      4.84600E-04
      1.05000E+02      0.00000E+00      2.06598E-02      3.65900E-04
      1.05000E+02      0.00000E+00      2.10741E-02      3.69200E-04
      1.05000E+02      0.00000E+00      2.03172E-02      3.62900E-04
      1.05000E+02      0.00000E+00      2.08464E-02      3.67500E-04
      1.05000E+02      0.00000E+00      2.10033E-02      4.67200E-04
      1.05000E+02      0.00000E+00      1.98199E-02      4.73300E-04
      1.05000E+02      0.00000E+00      1.94962E-02      3.95600E-04
      1.05000E+02      0.00000E+00      2.08581E-02      4.68500E-04
      1.05000E+02      0.00000E+00      2.10012E-02      4.86900E-04
      1.05000E+02      0.00000E+00      2.06940E-02      4.07600E-04
      1.05000E+02      0.00000E+00      2.11551E-02      4.66600E-04
      1.05000E+02      0.00000E+00      2.07234E-02      4.85700E-04
      1.05000E+02      0.00000E+00      2.06976E-02      4.63700E-04
      1.05000E+02      0.00000E+00      2.10282E-02      4.67400E-04
      1.05000E+02      0.00000E+00      2.05181E-02      4.05900E-04
      1.05000E+02      0.00000E+00      2.06991E-02      4.63400E-04
      1.05000E+02      0.00000E+00      2.02671E-02      4.56800E-04
      1.05000E+02      0.00000E+00      2.02252E-02      4.56300E-04
      1.05000E+02      0.00000E+00      2.04352E-02      4.05100E-04
      1.05000E+02      0.00000E+00      2.11651E-02      4.68900E-04
      1.05000E+02      0.00000E+00      2.02551E-02      4.73300E-04
      1.05000E+02      0.00000E+00      2.10491E-02      4.67600E-04
      1.05000E+02      0.00000E+00      2.17296E-02      4.75100E-04
      1.05000E+02      0.00000E+00      2.05459E-02      4.06100E-04
      1.05000E+02      0.00000E+00      2.17231E-02      4.95000E-04
      1.05000E+02      0.00000E+00      2.15635E-02      4.73200E-04
      1.05000E+02      0.00000E+00      2.07130E-02      4.63600E-04
      1.05000E+02      0.00000E+00      2.15880E-02      4.16200E-04
      1.05000E+02      0.00000E+00      2.10640E-02      4.67700E-04
      1.05000E+02      0.00000E+00      2.11129E-02      4.88100E-04
      1.05000E+02      0.00000E+00      2.07762E-02      4.64500E-04
      1.05000E+02      0.00000E+00      2.18175E-02      4.76000E-04
      1.05000E+02      0.00000E+00      2.09186E-02      4.09700E-04
      1.05000E+02      0.00000E+00      2.11878E-02      4.88900E-04
      1.05000E+02      0.00000E+00      2.11201E-02      4.68300E-04
      1.05000E+02      0.00000E+00      2.05589E-02      4.62000E-04
      1.05000E+02      0.00000E+00      2.12661E-02      4.13000E-04
      1.05000E+02      0.00000E+00      2.17501E-02      4.75200E-04
      1.05000E+02      0.00000E+00      2.14524E-02      4.91900E-04
      1.05000E+02      0.00000E+00      2.13563E-02      4.70800E-04
      1.05000E+02      0.00000E+00      2.15536E-02      4.73000E-04
      1.05000E+02      0.00000E+00      2.05034E-02      4.05600E-04
      1.05000E+02      0.00000E+00      2.09959E-02      4.86700E-04
      1.05000E+02      0.00000E+00      2.09310E-02      4.66100E-04
      1.05000E+02      0.00000E+00      2.16562E-02      4.74100E-04
      1.05000E+02      0.00000E+00      2.12135E-02      4.12500E-04
      1.05000E+02      0.00000E+00      2.15311E-02      4.72800E-04
      1.05000E+02      0.00000E+00      2.14369E-02      4.91700E-04
      1.05000E+02      0.00000E+00      2.07935E-02      4.64600E-04
      1.05000E+02      0.00000E+00      2.11973E-02      4.69000E-04
      1.05000E+02      0.00000E+00      2.23069E-02      4.22800E-04
      1.05000E+02      0.00000E+00      2.14029E-02      4.89000E-04
      1.05000E+02      0.00000E+00      2.16020E-02      4.73500E-04
      1.05000E+02      0.00000E+00      2.24215E-02      4.82400E-04
      1.05000E+02      0.00000E+00      2.18742E-02      4.16700E-04
      1.05000E+02      0.00000E+00      2.15509E-02      4.72800E-04
      1.05000E+02      0.00000E+00      2.09942E-02      4.84300E-04
      1.05000E+02      0.00000E+00      2.12927E-02      4.70000E-04
      1.05000E+02      0.00000E+00      2.23890E-02      4.81900E-04
      1.05000E+02      0.00000E+00      2.18686E-02      4.15600E-04
      1.05000E+02      0.00000E+00      2.21795E-02      4.97600E-04
      1.05000E+02      0.00000E+00      2.15587E-02      4.15700E-04
      1.05000E+02      0.00000E+00      2.06501E-02      4.80400E-04
      1.05000E+02      0.00000E+00      2.20062E-02      4.20400E-04
      1.05000E+02      0.00000E+00      2.21648E-02      4.98600E-04
      1.05000E+02      0.00000E+00      2.21923E-02      4.21600E-04
      1.05000E+02      0.00000E+00      2.16577E-02      4.93000E-04
      1.05000E+02      0.00000E+00      2.26232E-02      4.25600E-04
      1.05000E+02      0.00000E+00      2.16009E-02      4.91800E-04
      1.05000E+02      0.00000E+00      2.19717E-02      4.19500E-04
      1.05000E+02      0.00000E+00      2.19398E-02      4.95600E-04
      1.05000E+02      0.00000E+00      2.29377E-02      4.28500E-04
      1.05000E+02      0.00000E+00      2.27777E-02      5.06100E-04
      1.05000E+02      0.00000E+00      2.20089E-02      4.19800E-04
      1.05000E+02      0.00000E+00      2.09074E-02      4.85900E-04
      1.05000E+02      0.00000E+00      2.15408E-02      4.92400E-04
      1.05000E+02      0.00000E+00      2.22243E-02      5.00000E-04
      1.05000E+02      0.00000E+00      2.31403E-02      5.10000E-04
      1.05000E+02      0.00000E+00      2.23096E-02      5.00900E-04
      1.05000E+02      0.00000E+00      2.18450E-02      4.95700E-04
      1.05000E+02      0.00000E+00      2.30027E-02      5.08400E-04
      1.05000E+02      0.00000E+00      2.27802E-02      5.06000E-04
      1.05000E+02      0.00000E+00      2.15422E-02      4.92300E-04
      1.05000E+02      0.00000E+00      2.32181E-02      5.10700E-04
      1.05000E+02      0.00000E+00      2.25864E-02      5.05800E-04
      1.05000E+02      0.00000E+00      2.18131E-02      4.95200E-04
      1.05000E+02      0.00000E+00      2.03883E-02      4.79100E-04
      1.05000E+02      0.00000E+00      2.16553E-02      4.93400E-04
      1.05000E+02      0.00000E+00      2.09035E-02      4.84900E-04
      1.05000E+02      0.00000E+00      1.93681E-02      4.67100E-04
      1.05000E+02      0.00000E+00      1.98524E-02      4.72800E-04
      1.05000E+02      0.00000E+00      2.06455E-02      4.81900E-04
      1.05000E+02      0.00000E+00      2.01033E-02      4.75700E-04
      1.05000E+02      0.00000E+00      1.80934E-02      4.51700E-04
      1.05000E+02      0.00000E+00      1.89414E-02      4.61100E-04
      1.05000E+02      0.00000E+00      1.94341E-02      4.66900E-04
      1.05000E+02      0.00000E+00      1.87923E-02      4.59300E-04
      1.05000E+02      0.00000E+00      1.82292E-02      4.52400E-04
      1.05000E+02      0.00000E+00      1.76214E-02      4.44900E-04
      1.05000E+02      0.00000E+00      1.74541E-02      4.42800E-04
      1.05000E+02      0.00000E+00      1.72978E-02      4.40900E-04
      1.05000E+02      0.00000E+00      1.65251E-02      4.32200E-04
      1.05000E+02      0.00000E+00      1.63362E-02      4.29700E-04
      1.05000E+02      0.00000E+00      1.65002E-02      4.31800E-04
      1.05000E+02      0.00000E+00      1.59490E-02      4.24700E-04
      1.05000E+02      0.00000E+00      1.56388E-02      4.20700E-04
      1.05000E+02      0.00000E+00      1.60129E-02      4.25500E-04
      1.05000E+02      0.00000E+00      1.57363E-02      4.21900E-04
      1.05000E+02      0.00000E+00      1.62638E-02      4.20700E-04
      1.05000E+02      0.00000E+00      1.55468E-02      4.19400E-04
      1.05000E+02      0.00000E+00      1.53370E-02      4.16600E-04
      1.05000E+02      0.00000E+00      1.67450E-02      4.34800E-04
      1.05000E+02      0.00000E+00      1.63255E-02      4.28600E-04
      1.05000E+02      0.00000E+00      1.03357E-02      4.20700E-04
      1.05000E+02      0.00000E+00      1.59052E-02      4.23200E-04
      1.05000E+02      0.00000E+00      1.57937E-02      4.21700E-04
      1.05000E+02      0.00000E+00      1.58147E-02      4.21900E-04
      1.05000E+02      0.00000E+00      1.53184E-02      4.15400E-04
      1.05000E+02      0.00000E+00      1.69900E-02      4.37000E-04
      1.05000E+02      0.00000E+00      1.58461E-02      4.22300E-04
      1.05000E+02      0.00000E+00      1.57661E-02      4.21500E-04
      1.05000E+02      0.00000E+00      1.59720E-02      4.23900E-04
      1.05000E+02      0.00000E+00      1.59287E-02      4.23300E-04
      1.05000E+02      0.00000E+00      1.64672E-02      4.32500E-04
      1.05000E+02      0.00000E+00      1.61241E-02      4.28100E-04
      1.05000E+02      0.00000E+00      1.55642E-02      4.21100E-04
      1.05000E+02      0.00000E+00      1.52345E-02      4.16500E-04
      1.05000E+02      0.00000E+00      1.65963E-02      4.34100E-04
      1.05000E+02      0.00000E+00      1.72997E-02      4.42900E-04
      1.05000E+02      0.00000E+00      1.61321E-02      4.28200E-04
      1.05000E+02      0.00000E+00      1.59882E-02      4.26300E-04
      1.05000E+02      0.00000E+00      1.53915E-02      4.18500E-04
      1.05000E+02      0.00000E+00      1.63469E-02      4.30800E-04
      1.05000E+02      0.00000E+00      1.60483E-02      4.27000E-04
      1.05000E+02      0.00000E+00      1.56944E-02      4.22400E-04
      1.05000E+02      0.00000E+00      1.68156E-02      4.36700E-04
      1.05000E+02      0.00000E+00      1.60790E-02      4.27400E-04
      1.05000E+02      0.00000E+00      1.68912E-02      4.37700E-04
      1.05000E+02      0.00000E+00      1.65056E-02      4.32800E-04
      1.05000E+02      0.00000E+00      1.63506E-02      4.30800E-04
      1.05000E+02      0.00000E+00      1.62384E-02      4.27600E-04
      1.05000E+02      0.00000E+00      1.70283E-02      4.37700E-04
      1.05000E+02      0.00000E+00      1.79061E-02      4.48500E-04
      1.05000E+02      0.00000E+00      1.67732E-02      4.34400E-04
      1.05000E+02      0.00000E+00      1.74201E-02      4.42500E-04
      1.05000E+02      0.00000E+00      1.07055E-02      4.33500E-04
      1.05000E+02      0.00000E+00      1.67495E-02      4.31900E-04
      1.05000E+02      0.00000E+00      1.81756E-02      4.51800E-04
      1.05000E+02      0.00000E+00      1.81756E-02      4.49600E-04
      1.05000E+02      0.00000E+00      1.72192E-02      4.40000E-04
      1.05000E+02      0.00000E+00      1.72521E-02      4.36200E-04
      1.05000E+02      0.00000E+00      1.79538E-02      4.46900E-04
      1.05000E+02      0.00000E+00      1.71283E-02      4.36600E-04
      1.05000E+02      0.00000E+00      1.82139E-02      4.50000E-04
      1.05000E+02      0.00000E+00      1.78177E-02      4.45200E-04
      1.05000E+02      0.00000E+00      1.73551E-02      4.39400E-04
      1.05000E+02      0.00000E+00      1.74059E-02      4.41000E-04
      1.05000E+02      0.00000E+00      1.77826E-02      4.44700E-04
      1.05000E+02      0.00000E+00      1.73981E-02      4.39900E-04
      1.05000E+02      0.00000E+00      1.83279E-02      4.51300E-04
      1.05000E+02      0.00000E+00      1.62097E-02      4.50600E-04
      1.05000E+02      0.00000E+00      1.81712E-02      4.49400E-04
      1.05000E+02      0.00000E+00      1.74999E-02      4.41100E-04
      1.05000E+02      0.00000E+00      1.80814E-02      4.48300E-04
      1.05000E+02      0.00000E+00      1.84087E-02      4.52200E-04
      1.05000E+02      0.00000E+00      1.84188E-02      4.52300E-04
      1.05000E+02      0.00000E+00      1.92624E-02      4.62500E-04
      1.05000E+02      0.00000E+00      1.88672E-02      4.57700E-04
      1.05000E+02      0.00000E+00      1.93484E-02      4.63500E-04
      1.05000E+02      0.00000E+00      2.00065E-02      4.71200E-04
      1.05000E+02      0.00000E+00      1.99275E-02      4.70200E-04
      1.05000E+02      0.00000E+00      2.12100E-02      4.85000E-04
      1.05000E+02      0.00000E+00      2.12739E-02      4.85700E-04
      1.05000E+02      0.00000E+00      2.23039E-02      4.97200E-04
      1.05000E+02      0.00000E+00      2.28176E-02      5.02800E-04
      1.05000E+02      0.00000E+00      2.44063E-02      5.15900E-04
      1.05000E+02      0.00000E+00      2.56782E-02      5.33100E-04
      1.05000E+02      0.00000E+00      2.63973E-02      5.40500E-04
      1.05000E+02      0.00000E+00      2.76357E-02      5.52900E-04
      1.05000E+02      0.00000E+00      2.73840E-02      5.50400E-04
      1.05000E+02      0.00000E+00      2.94106E-02      5.70200E-04
      1.05000E+02      0.00000E+00      2.83666E-02      5.60100E-04
      1.05000E+02      0.00000E+00      2.79092E-02      5.55800E-04
      1.05000E+02      0.00000E+00      2.90689E-02      5.67100E-04
      1.05000E+02      0.00000E+00      2.71970E-02      5.48600E-04
      1.05000E+02      0.00000E+00      2.29632E-02      5.04400E-04
      1.05000E+02      0.00000E+00      2.49141E-02      5.25200E-04
      1.05000E+02      0.00000E+00      2.81456E-02      5.58000E-04
      1.05000E+02      0.00000E+00      2.74858E-02      5.51400E-04
      1.05000E+02      0.00000E+00      2.82519E-02      5.59000E-04
      1.05000E+02      0.00000E+00      2.80960E-02      5.57400E-04
      1.05000E+02      0.00000E+00      2.88397E-02      5.64700E-04
      1.05000E+02      0.00000E+00      2.73033E-02      5.49500E-04
      1.05000E+02      0.00000E+00      2.73461E-02      5.50000E-04
      1.05000E+02      0.00000E+00      2.73873E-02      5.50300E-04
      1.05000E+02      0.00000E+00      2.65535E-02      5.42000E-04
      1.05000E+02      0.00000E+00      2.75697E-02      5.52100E-04
      1.05000E+02      0.00000E+00      2.55924E-02      5.33300E-04
      1.05000E+02      0.00000E+00      2.64398E-02      5.40800E-04
      1.05000E+02      0.00000E+00      2.48658E-02      5.25700E-04
      1.05000E+02      0.00000E+00      2.58359E-02      5.34000E-04
      1.05000E+02      0.00000E+00      2.53546E-02      5.30700E-04
      1.05000E+02      0.00000E+00      2.64162E-02      5.40500E-04
      1.05000E+02      0.00000E+00      2.36590E-02      5.12900E-04
      1.05000E+02      0.00000E+00      2.52316E-02      5.28300E-04
      1.05000E+02      0.00000E+00      2.37966E-02      5.14400E-04
      1.05000E+02      0.00000E+00      2.48239E-02      5.24000E-04
      1.05000E+02      0.00000E+00      2.30100E-02      5.05900E-04
      1.05000E+02      0.00000E+00      2.46818E-02      5.22500E-04
      1.05000E+02      0.00000E+00      2.34265E-02      5.08100E-04
      1.05000E+02      0.00000E+00      2.28987E-02      5.04700E-04
      1.05000E+02      0.00000E+00      2.23568E-02      4.97500E-04
      1.05000E+02      0.00000E+00      2.10255E-02      4.82600E-04
      1.05000E+02      0.00000E+00      2.09968E-02      4.83500E-04
      1.05000E+02      0.00000E+00      1.69949E-02      4.60300E-04
      1.05000E+02      0.00000E+00      2.02085E-02      4.74500E-04
      1.05000E+02      0.00000E+00      1.93416E-02      4.64300E-04
      1.05000E+02      0.00000E+00      1.65646E-02      4.51700E-04
      1.05000E+02      0.00000E+00      1.84768E-02      4.54000E-04
      1.05000E+02      0.00000E+00      1.77194E-02      4.44700E-04
      1.05000E+02      0.00000E+00      1.76424E-02      4.45800E-04
      1.05000E+02      0.00000E+00      1.61648E-02      4.25100E-04
      1.05000E+02      0.00000E+00      1.58800E-02      4.21400E-04
      1.05000E+02      0.00000E+00      1.52329E-02      4.12900E-04
      1.05000E+02      0.00000E+00      1.47108E-02      4.04900E-04
      1.05000E+02      0.00000E+00      1.38655E-02      3.94400E-04
      1.05000E+02      0.00000E+00      1.42252E-02      3.99300E-04
      1.05000E+02      0.00000E+00      1.37206E-02      3.92300E-04
      1.05000E+02      0.00000E+00      1.35896E-02      3.90500E-04
      1.05000E+02      0.00000E+00      1.28349E-02      3.79800E-04
      1.05000E+02      0.00000E+00      1.34777E-02      3.88900E-04
      1.05000E+02      0.00000E+00      1.34572E-02      3.88600E-04
      1.05000E+02      0.00000E+00      1.34355E-02      3.88300E-04
      1.05000E+02      0.00000E+00      1.32919E-02      3.86300E-04
      1.05000E+02      0.00000E+00      1.33242E-02      3.86700E-04
      1.05000E+02      0.00000E+00      1.35408E-02      3.89700E-04
      1.05000E+02      0.00000E+00      1.26880E-02      3.77600E-04
      1.05000E+02      0.00000E+00      1.27398E-02      3.78300E-04
      1.05000E+02      0.00000E+00      1.31550E-02      3.84200E-04
      1.05000E+02      0.00000E+00      1.22149E-02      3.70600E-04
      1.05000E+02      0.00000E+00      1.31635E-02      3.84300E-04
      1.05000E+02      0.00000E+00      1.21308E-02      3.69400E-04
      1.05000E+02      0.00000E+00      1.20981E-02      3.68900E-04
      1.05000E+02      0.00000E+00      1.12765E-02      3.56500E-04
      1.05000E+02      0.00000E+00      1.19660E-02      3.66900E-04
      1.05000E+02      0.00000E+00      1.15076E-02      3.60100E-04
      1.05000E+02      0.00000E+00      1.17239E-02      3.63300E-04
      1.05000E+02      0.00000E+00      1.11434E-02      3.54400E-04
      1.05000E+02      0.00000E+00      1.06420E-02      5.46600E-04
      1.05000E+02      0.00000E+00      1.06739E-02      3.47100E-04
      1.05000E+02      0.00000E+00      1.06416E-02      3.46600E-04
      1.05000E+02      0.00000E+00      1.09942E-02      3.52200E-04
      1.05000E+02      0.00000E+00      1.20962E-02      3.60800E-04
      1.05000E+02      0.00000E+00      1.22663E-02      3.71300E-04
      1.05000E+02      0.00000E+00      1.29407E-02      3.81100E-04
      1.05000E+02      0.00000E+00      1.55083E-02      4.14100E-04
      1.05000E+02      0.00000E+00      1.55556E-02      4.17300E-04
      1.05000E+02      0.00000E+00      1.80029E-02      4.47900E-04
      1.05000E+02      0.00000E+00      1.89523E-02      4.59500E-04
      1.05000E+02      0.00000E+00      2.10134E-02      4.83600E-04
      1.05000E+02      0.00000E+00      2.07652E-02      4.80800E-04
      1.05000E+02      0.00000E+00      2.25058E-02      5.00300E-04
      1.05000E+02      0.00000E+00      2.33800E-02      5.09800E-04
      1.05000E+02      0.00000E+00      2.31684E-02      5.07400E-04
      1.05000E+02      0.00000E+00      2.45127E-02      5.21000E-04
      1.05000E+02      0.00000E+00      2.05294E-02      5.42300E-04
      1.05000E+02      0.00000E+00      2.71140E-02      5.53900E-04
      1.05000E+02      0.00000E+00      2.77010E-02      5.54300E-04
      1.05000E+02      0.00000E+00      2.71522E-02      5.48800E-04
      1.05000E+02      0.00000E+00      2.78673E-02      5.55800E-04
      1.05000E+02      0.00000E+00      2.84312E-02      5.61300E-04
      1.05000E+02      0.00000E+00      2.94966E-02      5.71600E-04
      1.05000E+02      0.00000E+00      2.94793E-02      5.71300E-04
      1.05000E+02      0.00000E+00      2.94781E-02      5.71500E-04
      1.05000E+02      0.00000E+00      2.89383E-02      5.66300E-04
      1.05000E+02      0.00000E+00      3.04002E-02      5.80200E-04
      1.05000E+02      0.00000E+00      2.96336E-02      5.72900E-04
      1.05000E+02      0.00000E+00      3.17432E-02      5.92800E-04
      1.05000E+02      0.00000E+00      3.08741E-02      5.84600E-04
      1.05000E+02      0.00000E+00      3.12494E-02      5.88200E-04
      1.05000E+02      0.00000E+00      3.07872E-02      5.83800E-04
      1.05000E+02      0.00000E+00      3.09964E-02      5.85800E-04
      1.05000E+02      0.00000E+00      3.19587E-02      5.94700E-04
      1.05000E+02      0.00000E+00      3.10195E-02      5.85900E-04
      1.05000E+02      0.00000E+00      3.05934E-02      5.81900E-04
      1.05000E+02      0.00000E+00      3.21221E-02      5.90100E-04
      1.05000E+02      0.00000E+00      3.18254E-02      5.93400E-04
      1.05000E+02      0.00000E+00      3.16989E-02      5.92100E-04
      1.05000E+02      0.00000E+00      3.23336E-02      5.98000E-04
      1.05000E+02      0.00000E+00      3.33699E-02      6.07400E-04
      1.05000E+02      0.00000E+00      3.22960E-02      5.97600E-04
      1.05000E+02      0.00000E+00      3.32765E-02      6.06500E-04
      1.05000E+02      0.00000E+00      3.31268E-02      6.05200E-04
      1.05000E+02      0.00000E+00      3.33509E-02      6.07200E-04
      1.05000E+02      0.00000E+00      3.36022E-02      6.09400E-04
      1.05000E+02      0.00000E+00      3.31781E-02      6.05600E-04
      1.05000E+02      0.00000E+00      3.43135E-02      6.18200E-04
      1.05000E+02      0.00000E+00      3.57077E-02      6.30500E-04
      1.05000E+02      0.00000E+00      3.55021E-02      6.28600E-04
      1.05000E+02      0.00000E+00      3.59328E-02      6.32300E-04
      1.05000E+02      0.00000E+00      3.53256E-02      6.27100E-04
      1.05000E+02      0.00000E+00      3.45056E-02      6.23900E-04
      1.05000E+02      0.00000E+00      3.53603E-02      6.27300E-04
      1.05000E+02      0.00000E+00      3.73956E-02      6.44800E-04
      1.05000E+02      0.00000E+00      3.59776E-02      6.32600E-04
      1.05000E+02      0.00000E+00      3.78079E-02      6.46200E-04
      1.05000E+02      0.00000E+00      3.66060E-02      6.38000E-04
      1.05000E+02      0.00000E+00      3.86096E-02      6.54900E-04
      1.05000E+02      0.00000E+00      3.79907E-02      6.48700E-04
      1.05000E+02      0.00000E+00      3.76929E-02      6.47100E-04
      1.05000E+02      0.00000E+00      3.81619E-02      6.51100E-04
      1.05000E+02      0.00000E+00      3.95062E-02      6.62200E-04
      1.05000E+02      0.00000E+00      3.79985E-02      6.49600E-04
      1.05000E+02      0.00000E+00      3.86452E-02      6.56700E-04
      1.05000E+02      0.00000E+00      4.04593E-02      6.70000E-04
      1.05000E+02      0.00000E+00      4.02053E-02      6.67900E-04
      1.05000E+02      0.00000E+00      4.00635E-02      6.66700E-04
      1.05000E+02      0.00000E+00      4.12457E-02      6.76300E-04
      1.05000E+02      0.00000E+00      4.11991E-02      6.78900E-04
      1.05000E+02      0.00000E+00      4.21721E-02      6.83700E-04
      1.05000E+02      0.00000E+00      4.19888E-02      6.82200E-04
      1.05000E+02      0.00000E+00      4.10834E-02      6.74700E-04
      1.05000E+02      0.00000E+00      4.24498E-02      6.85900E-04
      1.05000E+02      0.00000E+00      4.28851E-02      6.88400E-04
      1.05000E+02      0.00000E+00      4.18478E-02      6.81100E-04
      1.05000E+02      0.00000E+00      4.30409E-02      6.90500E-04
      1.05000E+02      0.00000E+00      4.34894E-02      6.94100E-04
      1.05000E+02      0.00000E+00      4.61942E-02      7.15000E-04
      1.05000E+02      0.00000E+00      4.62397E-02      7.18400E-04
      1.05000E+02      0.00000E+00      4.57556E-02      7.11500E-04
      1.05000E+02      0.00000E+00      4.56434E-02      7.10700E-04
      1.05000E+02      0.00000E+00      4.63704E-02      7.16300E-04
      1.05000E+02      0.00000E+00      4.81438E-02      7.29700E-04
      1.05000E+02      0.00000E+00      4.88169E-02      7.34700E-04
      1.05000E+02      0.00000E+00      5.03022E-02      7.45600E-04
      1.05000E+02      0.00000E+00      4.96405E-02      7.40800E-04
      1.05000E+02      0.00000E+00      4.89902E-02      7.35900E-04
      1.05000E+02      0.00000E+00      4.84874E-02      7.32100E-04
      1.05000E+02      0.00000E+00      4.60938E-02      7.14000E-04
      1.05000E+02      0.00000E+00      4.61755E-02      7.14500E-04
      1.05000E+02      0.00000E+00      4.34256E-02      6.93200E-04
      1.05000E+02      0.00000E+00      4.22621E-02      6.83800E-04
      1.05000E+02      0.00000E+00      4.12785E-02      6.70000E-04
      1.05000E+02      0.00000E+00      4.07230E-02      6.71500E-04
      1.05000E+02      0.00000E+00      3.78180E-02      6.47500E-04
      1.05000E+02      0.00000E+00      3.74684E-02      6.44600E-04
      1.05000E+02      0.00000E+00      3.78492E-02      6.47700E-04
      1.05000E+02      0.00000E+00      3.72445E-02      6.42600E-04
      1.05000E+02      0.00000E+00      3.56547E-02      6.28000E-04
      1.05000E+02      0.00000E+00      3.61799E-02      6.38400E-04
      1.05000E+02      0.00000E+00      3.40334E-02      6.14700E-04
      1.05000E+02      0.00000E+00      3.44779E-02      6.18200E-04
      1.05000E+02      0.00000E+00      3.56695E-02      6.28700E-04
      1.05000E+02      0.00000E+00      3.40292E-02      6.14200E-04
      1.05000E+02      0.00000E+00      3.35271E-02      6.09700E-04
      1.05000E+02      0.00000E+00      3.35362E-02      6.09700E-04
      1.05000E+02      0.00000E+00      3.13699E-02      5.90000E-04
      1.05000E+02      0.00000E+00      3.59751E-02      6.31100E-04
      1.05000E+02      0.00000E+00      3.51117E-02      6.28800E-04
      1.05000E+02      0.00000E+00      3.63557E-02      6.34600E-04
      1.05000E+02      0.00000E+00      3.44508E-02      6.18000E-04
      1.05000E+02      0.00000E+00      3.53472E-02      6.25800E-04
      1.05000E+02      0.00000E+00      3.50534E-02      6.23200E-04
      1.05000E+02      0.00000E+00      3.45021E-02      6.18300E-04
      1.05000E+02      0.00000E+00      3.36396E-02      6.10700E-04
      1.05000E+02      0.00000E+00      3.42284E-02      6.16000E-04
      1.05000E+02      0.00000E+00      3.31951E-02      6.06800E-04
      1.05000E+02      0.00000E+00      3.50652E-02      6.28200E-04
      1.05000E+02      0.00000E+00      3.47676E-02      6.20700E-04
      1.05000E+02      0.00000E+00      3.43816E-02      6.17200E-04
      1.05000E+02      0.00000E+00      3.29564E-02      6.04500E-04
      1.05000E+02      0.00000E+00      3.37105E-02      6.11300E-04
      1.05000E+02      0.00000E+00      3.31903E-02      6.06600E-04
      1.05000E+02      0.00000E+00      3.36720E-02      6.10800E-04
      1.05000E+02      0.00000E+00      3.21552E-02      5.97200E-04
      1.05000E+02      0.00000E+00      3.26210E-02      6.01400E-04
      1.05000E+02      0.00000E+00      3.30487E-02      6.05200E-04
      1.05000E+02      0.00000E+00      3.26656E-02      6.01700E-04
      1.05000E+02      0.00000E+00      3.15170E-02      5.91200E-04
      1.05000E+02      0.00000E+00      3.14346E-02      5.90500E-04
      1.05000E+02      0.00000E+00      3.13307E-02      5.89500E-04
