# entry-subent-pointer  : 12882-008-0 
# EXFOR reaction        : (24-CR-0(N,TOT),,SIG) 
# incident energy       : 1.9994e+00 MeV - 8.0620e+01 MeV 
# target                : Cr-0 
# product               : - 
# level energy          : - 
# MF-MT number          : 3 - 1 
# first author          : Larson 
# institute             : (1USAORL): Oak Ridge National Laboratory, Oak Ridge, TN 
# reference             : (C,80BNL,,277,8007) 
# year                  : 1980 
# facility              : (LINAC): Linear accelerator 
# git                   : https://github.com/IAEA-NDS/exfor_master/blob/main/exforall/128/12882.x4 
# nds                   : https://nds.iaea.org/EXFOR/12882
#
#       E_in(MeV)         dE_in(MeV)        XS(B)             dXS(B)
        1.9994E+00        0.0000E+00        3.1185E+00        2.7797E-01
        2.0043E+00        0.0000E+00        3.2197E+00        2.7302E-01
        2.0092E+00        0.0000E+00        3.1036E+00        2.7687E-01
        2.0141E+00        0.0000E+00        3.2599E+00        2.8270E-01
        2.0191E+00        0.0000E+00        3.6705E+00        2.8784E-01
        2.0240E+00        0.0000E+00        3.8868E+00        2.8426E-01
        2.0290E+00        0.0000E+00        3.4880E+00        2.8693E-01
        2.0340E+00        0.0000E+00        3.2535E+00        2.7769E-01
        2.0390E+00        0.0000E+00        3.1858E+00        2.7209E-01
        2.0441E+00        0.0000E+00        3.2121E+00        2.7597E-01
        2.0491E+00        0.0000E+00        3.8421E+00        2.8484E-01
        2.0542E+00        0.0000E+00        4.2479E+00        2.9631E-01
        2.0593E+00        0.0000E+00        3.3870E+00        2.9483E-01
        2.0644E+00        0.0000E+00        3.2421E+00        3.0362E-01
        2.0696E+00        0.0000E+00        3.0159E+00        3.8980E-01
        2.0747E+00        0.0000E+00        3.5586E+00        5.2743E-01
        2.0799E+00        0.0000E+00        2.9896E+00        5.6572E-01
        2.0851E+00        0.0000E+00        2.5900E+00        4.5100E-01
        2.0903E+00        0.0000E+00        3.2403E+00        3.3581E-01
        2.0955E+00        0.0000E+00        2.9481E+00        3.0198E-01
        2.1008E+00        0.0000E+00        3.7579E+00        2.8523E-01
        2.1061E+00        0.0000E+00        3.7560E+00        2.8805E-01
        2.1113E+00        0.0000E+00        4.5436E+00        3.0123E-01
        2.1167E+00        0.0000E+00        4.1423E+00        2.9438E-01
        2.1220E+00        0.0000E+00        3.6336E+00        2.7241E-01
        2.1273E+00        0.0000E+00        3.3341E+00        2.7274E-01
        2.1327E+00        0.0000E+00        2.8427E+00        2.5337E-01
        2.1381E+00        0.0000E+00        3.1439E+00        2.5270E-01
        2.1435E+00        0.0000E+00        2.6956E+00        2.5324E-01
        2.1489E+00        0.0000E+00        3.1651E+00        2.5319E-01
        2.1544E+00        0.0000E+00        3.3799E+00        2.5094E-01
        2.1599E+00        0.0000E+00        3.4455E+00        2.5727E-01
        2.1654E+00        0.0000E+00        3.8419E+00        2.6034E-01
        2.1709E+00        0.0000E+00        3.4756E+00        2.5807E-01
        2.1764E+00        0.0000E+00        3.6629E+00        2.5517E-01
        2.1820E+00        0.0000E+00        4.2055E+00        2.5827E-01
        2.1876E+00        0.0000E+00        3.5482E+00        2.5247E-01
        2.1932E+00        0.0000E+00        3.5692E+00        2.5076E-01
        2.1988E+00        0.0000E+00        3.9347E+00        2.5231E-01
        2.2044E+00        0.0000E+00        3.7405E+00        2.5150E-01
        2.2101E+00        0.0000E+00        3.1943E+00        2.4242E-01
        2.2158E+00        0.0000E+00        2.9221E+00        2.3301E-01
        2.2215E+00        0.0000E+00        3.1094E+00        2.4334E-01
        2.2272E+00        0.0000E+00        3.9419E+00        2.4278E-01
        2.2330E+00        0.0000E+00        3.6887E+00        2.4851E-01
        2.2388E+00        0.0000E+00        3.8690E+00        2.5116E-01
        2.2446E+00        0.0000E+00        3.9427E+00        2.4973E-01
        2.2504E+00        0.0000E+00        4.0355E+00        2.5171E-01
        2.2562E+00        0.0000E+00        3.6176E+00        2.3973E-01
        2.2621E+00        0.0000E+00        3.0878E+00        2.3271E-01
        2.2680E+00        0.0000E+00        3.3211E+00        2.3424E-01
        2.2739E+00        0.0000E+00        3.5680E+00        2.3939E-01
        2.2798E+00        0.0000E+00        4.4656E+00        2.4330E-01
        2.2858E+00        0.0000E+00        4.1010E+00        2.3769E-01
        2.2918E+00        0.0000E+00        3.1648E+00        2.2980E-01
        2.2978E+00        0.0000E+00        3.4880E+00        2.2930E-01
        2.3038E+00        0.0000E+00        3.9562E+00        2.4053E-01
        2.3099E+00        0.0000E+00        3.5633E+00        2.3668E-01
        2.3160E+00        0.0000E+00        3.5373E+00        2.3005E-01
        2.3221E+00        0.0000E+00        3.2718E+00        2.2480E-01
        2.3282E+00        0.0000E+00        3.3581E+00        2.2925E-01
        2.3343E+00        0.0000E+00        3.7033E+00        2.2681E-01
        2.3405E+00        0.0000E+00        3.6135E+00        2.2095E-01
        2.3467E+00        0.0000E+00        3.2564E+00        2.1962E-01
        2.3529E+00        0.0000E+00        2.7425E+00        2.1985E-01
        2.3592E+00        0.0000E+00        2.9495E+00        2.1728E-01
        2.3655E+00        0.0000E+00        3.3019E+00        2.1550E-01
        2.3718E+00        0.0000E+00        3.4837E+00        2.1761E-01
        2.3781E+00        0.0000E+00        3.4231E+00        2.1785E-01
        2.3844E+00        0.0000E+00        2.7406E+00        2.1174E-01
        2.3908E+00        0.0000E+00        2.7665E+00        2.1149E-01
        2.3972E+00        0.0000E+00        3.1371E+00        2.1164E-01
        2.4036E+00        0.0000E+00        3.3128E+00        2.1727E-01
        2.4101E+00        0.0000E+00        3.4081E+00        2.1525E-01
        2.4166E+00        0.0000E+00        3.2279E+00        2.0971E-01
        2.4231E+00        0.0000E+00        3.4710E+00        2.1786E-01
        2.4296E+00        0.0000E+00        4.1015E+00        2.2283E-01
        2.4362E+00        0.0000E+00        5.0459E+00        2.3040E-01
        2.4428E+00        0.0000E+00        4.8864E+00        2.3832E-01
        2.4494E+00        0.0000E+00        4.2678E+00        2.2540E-01
        2.4560E+00        0.0000E+00        4.3546E+00        2.2080E-01
        2.4627E+00        0.0000E+00        4.1106E+00        2.1703E-01
        2.4694E+00        0.0000E+00        3.8362E+00        2.1787E-01
        2.4761E+00        0.0000E+00        3.7150E+00        2.0926E-01
        2.4828E+00        0.0000E+00        3.8807E+00        2.1222E-01
        2.4896E+00        0.0000E+00        3.6573E+00        2.1376E-01
        2.4964E+00        0.0000E+00        3.8537E+00        2.1384E-01
        2.5032E+00        0.0000E+00        3.5058E+00        2.1236E-01
        2.5101E+00        0.0000E+00        2.6409E+00        2.0020E-01
        2.5170E+00        0.0000E+00        3.3243E+00        2.0308E-01
        2.5239E+00        0.0000E+00        3.1740E+00        1.9928E-01
        2.5308E+00        0.0000E+00        3.5577E+00        2.0580E-01
        2.5378E+00        0.0000E+00        3.5663E+00        2.0745E-01
        2.5448E+00        0.0000E+00        3.7682E+00        2.0707E-01
        2.5519E+00        0.0000E+00        3.7562E+00        2.0753E-01
        2.5589E+00        0.0000E+00        3.4496E+00        2.0602E-01
        2.5660E+00        0.0000E+00        3.7493E+00        2.0488E-01
        2.5731E+00        0.0000E+00        3.3828E+00        2.0387E-01
        2.5803E+00        0.0000E+00        3.2175E+00        2.0104E-01
        2.5875E+00        0.0000E+00        3.7142E+00        2.0509E-01
        2.5947E+00        0.0000E+00        3.7321E+00        2.0548E-01
        2.6019E+00        0.0000E+00        3.6507E+00        2.0385E-01
        2.6092E+00        0.0000E+00        3.7126E+00        2.0460E-01
        2.6165E+00        0.0000E+00        3.7954E+00        2.0568E-01
        2.6238E+00        0.0000E+00        4.3549E+00        2.1591E-01
        2.6312E+00        0.0000E+00        4.2613E+00        2.1423E-01
        2.6386E+00        0.0000E+00        4.1438E+00        2.1220E-01
        2.6460E+00        0.0000E+00        3.7685E+00        2.1006E-01
        2.6534E+00        0.0000E+00        3.8204E+00        2.1096E-01
        2.6609E+00        0.0000E+00        4.0154E+00        2.2024E-01
        2.6684E+00        0.0000E+00        3.4675E+00        2.1691E-01
        2.6760E+00        0.0000E+00        3.6967E+00        2.2840E-01
        2.6836E+00        0.0000E+00        3.4684E+00        2.2351E-01
        2.6912E+00        0.0000E+00        3.9547E+00        2.3963E-01
        2.6988E+00        0.0000E+00        4.3372E+00        2.4929E-01
        2.7065E+00        0.0000E+00        3.8098E+00        2.5162E-01
        2.7142E+00        0.0000E+00        4.2440E+00        2.5583E-01
        2.7220E+00        0.0000E+00        3.9549E+00        2.4515E-01
        2.7298E+00        0.0000E+00        3.5072E+00        2.4080E-01
        2.7376E+00        0.0000E+00        3.5602E+00        2.3814E-01
        2.7454E+00        0.0000E+00        3.2657E+00        2.3496E-01
        2.7533E+00        0.0000E+00        3.5450E+00        2.4314E-01
        2.7612E+00        0.0000E+00        4.0623E+00        2.4686E-01
        2.7692E+00        0.0000E+00        3.4845E+00        2.4109E-01
        2.7772E+00        0.0000E+00        3.4943E+00        2.3948E-01
        2.7852E+00        0.0000E+00        3.8927E+00        2.5607E-01
        2.7932E+00        0.0000E+00        4.0549E+00        2.5441E-01
        2.8013E+00        0.0000E+00        4.3000E+00        2.6290E-01
        2.8094E+00        0.0000E+00        3.7776E+00        2.6880E-01
        2.8176E+00        0.0000E+00        3.7811E+00        2.7809E-01
        2.8258E+00        0.0000E+00        4.2574E+00        2.7095E-01
        2.8340E+00        0.0000E+00        3.7948E+00        2.5328E-01
        2.8423E+00        0.0000E+00        3.4602E+00        2.5388E-01
        2.8506E+00        0.0000E+00        3.2449E+00        2.5263E-01
        2.8589E+00        0.0000E+00        3.2290E+00        2.6460E-01
        2.8673E+00        0.0000E+00        3.9283E+00        2.7361E-01
        2.8757E+00        0.0000E+00        4.0686E+00        2.8823E-01
        2.8842E+00        0.0000E+00        4.5283E+00        3.0660E-01
        2.8927E+00        0.0000E+00        4.2484E+00        3.0388E-01
        2.9012E+00        0.0000E+00        4.2191E+00        3.1830E-01
        2.9097E+00        0.0000E+00        3.7134E+00        3.1972E-01
        2.9183E+00        0.0000E+00        2.8834E+00        3.2876E-01
        2.9270E+00        0.0000E+00        2.9069E+00        3.4320E-01
        2.9357E+00        0.0000E+00        3.6622E+00        3.6365E-01
        2.9444E+00        0.0000E+00        3.5395E+00        3.6875E-01
        2.9531E+00        0.0000E+00        4.1127E+00        3.6528E-01
        2.9619E+00        0.0000E+00        3.6808E+00        3.0803E-01
        2.9708E+00        0.0000E+00        3.9489E+00        2.5220E-01
        2.9796E+00        0.0000E+00        3.4886E+00        2.0670E-01
        2.9885E+00        0.0000E+00        2.9700E+00        1.7312E-01
        2.9975E+00        0.0000E+00        3.3962E+00        1.6197E-01
        3.0065E+00        0.0000E+00        3.5581E+00        1.5669E-01
        3.0155E+00        0.0000E+00        3.9140E+00        1.5735E-01
        3.0246E+00        0.0000E+00        4.1990E+00        1.6000E-01
        3.0337E+00        0.0000E+00        3.9843E+00        1.5965E-01
        3.0429E+00        0.0000E+00        3.6752E+00        1.6024E-01
        3.0521E+00        0.0000E+00        3.2791E+00        1.5901E-01
        3.0613E+00        0.0000E+00        3.5535E+00        1.6201E-01
        3.0706E+00        0.0000E+00        3.8087E+00        1.6541E-01
        3.0799E+00        0.0000E+00        3.3412E+00        1.6563E-01
        3.0893E+00        0.0000E+00        3.3160E+00        1.6725E-01
        3.0987E+00        0.0000E+00        3.4088E+00        1.7219E-01
        3.1081E+00        0.0000E+00        3.4931E+00        1.7647E-01
        3.1176E+00        0.0000E+00        3.7517E+00        1.8044E-01
        3.1272E+00        0.0000E+00        3.5694E+00        1.7837E-01
        3.1368E+00        0.0000E+00        3.6260E+00        1.8230E-01
        3.1464E+00        0.0000E+00        3.8314E+00        1.8739E-01
        3.1561E+00        0.0000E+00        3.8421E+00        1.9080E-01
        3.1658E+00        0.0000E+00        3.6752E+00        1.9027E-01
        3.1756E+00        0.0000E+00        3.5463E+00        1.9066E-01
        3.1854E+00        0.0000E+00        3.4485E+00        1.8887E-01
        3.1952E+00        0.0000E+00        3.6274E+00        1.9784E-01
        3.2051E+00        0.0000E+00        3.8081E+00        1.9871E-01
        3.2151E+00        0.0000E+00        3.8127E+00        2.0428E-01
        3.2251E+00        0.0000E+00        3.9917E+00        2.1029E-01
        3.2351E+00        0.0000E+00        3.8385E+00        2.1019E-01
        3.2452E+00        0.0000E+00        3.7352E+00        2.1481E-01
        3.2553E+00        0.0000E+00        3.8199E+00        2.1611E-01
        3.2655E+00        0.0000E+00        4.1592E+00        2.2099E-01
        3.2757E+00        0.0000E+00        3.6927E+00        2.2002E-01
        3.2860E+00        0.0000E+00        3.8858E+00        2.1997E-01
        3.2963E+00        0.0000E+00        3.7511E+00        2.2084E-01
        3.3067E+00        0.0000E+00        4.0217E+00        2.2431E-01
        3.3171E+00        0.0000E+00        3.5471E+00        2.2892E-01
        3.3276E+00        0.0000E+00        3.6479E+00        2.2778E-01
        3.3381E+00        0.0000E+00        4.0143E+00        2.3742E-01
        3.3487E+00        0.0000E+00        3.6276E+00        2.3253E-01
        3.3593E+00        0.0000E+00        4.0983E+00        2.4177E-01
        3.3700E+00        0.0000E+00        4.3459E+00        2.4266E-01
        3.3807E+00        0.0000E+00        3.6292E+00        2.4103E-01
        3.3915E+00        0.0000E+00        3.5871E+00        2.3582E-01
        3.4023E+00        0.0000E+00        3.7580E+00        2.3579E-01
        3.4132E+00        0.0000E+00        3.3156E+00        2.3432E-01
        3.4241E+00        0.0000E+00        3.8189E+00        2.2627E-01
        3.4351E+00        0.0000E+00        4.0087E+00        2.2776E-01
        3.4462E+00        0.0000E+00        3.6576E+00        2.2937E-01
        3.4573E+00        0.0000E+00        3.7349E+00        2.2911E-01
        3.4684E+00        0.0000E+00        4.0350E+00        2.3819E-01
        3.4796E+00        0.0000E+00        3.8859E+00        2.3364E-01
        3.4909E+00        0.0000E+00        3.9949E+00        2.2762E-01
        3.5022E+00        0.0000E+00        3.5460E+00        2.2446E-01
        3.5135E+00        0.0000E+00        4.0459E+00        2.3401E-01
        3.5250E+00        0.0000E+00        3.8361E+00        2.2559E-01
        3.5364E+00        0.0000E+00        4.0649E+00        2.2286E-01
        3.5480E+00        0.0000E+00        3.8141E+00        2.2780E-01
        3.5595E+00        0.0000E+00        3.5896E+00        2.1973E-01
        3.5712E+00        0.0000E+00        3.4400E+00        2.1544E-01
        3.5829E+00        0.0000E+00        3.3338E+00        2.1418E-01
        3.5947E+00        0.0000E+00        3.6036E+00        2.1262E-01
        3.6065E+00        0.0000E+00        3.6403E+00        2.1200E-01
        3.6184E+00        0.0000E+00        3.6572E+00        2.0916E-01
        3.6303E+00        0.0000E+00        3.5993E+00        2.1022E-01
        3.6423E+00        0.0000E+00        3.5162E+00        2.0682E-01
        3.6543E+00        0.0000E+00        3.5753E+00        2.0205E-01
        3.6665E+00        0.0000E+00        3.6968E+00        2.0360E-01
        3.6786E+00        0.0000E+00        3.8322E+00        1.9898E-01
        3.6909E+00        0.0000E+00        3.8661E+00        1.9971E-01
        3.7032E+00        0.0000E+00        4.0400E+00        1.9583E-01
        3.7155E+00        0.0000E+00        4.0262E+00        1.9327E-01
        3.7279E+00        0.0000E+00        4.2273E+00        1.9383E-01
        3.7404E+00        0.0000E+00        3.8955E+00        1.8853E-01
        3.7530E+00        0.0000E+00        3.4855E+00        1.8341E-01
        3.7656E+00        0.0000E+00        3.4200E+00        1.8187E-01
        3.7783E+00        0.0000E+00        3.5241E+00        1.7941E-01
        3.7910E+00        0.0000E+00        3.4867E+00        1.7460E-01
        3.8038E+00        0.0000E+00        3.6689E+00        1.7271E-01
        3.8167E+00        0.0000E+00        3.9621E+00        1.7295E-01
        3.8296E+00        0.0000E+00        3.9434E+00        1.6809E-01
        3.8426E+00        0.0000E+00        3.4395E+00        1.6564E-01
        3.8557E+00        0.0000E+00        3.5538E+00        1.6179E-01
        3.8688E+00        0.0000E+00        3.5294E+00        1.5685E-01
        3.8820E+00        0.0000E+00        3.5756E+00        1.5395E-01
        3.8953E+00        0.0000E+00        3.6303E+00        1.5401E-01
        3.9086E+00        0.0000E+00        3.4814E+00        1.5239E-01
        3.9220E+00        0.0000E+00        3.4787E+00        1.4936E-01
        3.9355E+00        0.0000E+00        3.8306E+00        1.4935E-01
        3.9490E+00        0.0000E+00        3.7333E+00        1.4667E-01
        3.9627E+00        0.0000E+00        3.7598E+00        1.4437E-01
        3.9763E+00        0.0000E+00        3.8782E+00        1.4334E-01
        3.9901E+00        0.0000E+00        3.9364E+00        1.4144E-01
        4.0039E+00        0.0000E+00        3.6864E+00        1.3756E-01
        4.0178E+00        0.0000E+00        3.5336E+00        1.3518E-01
        4.0318E+00        0.0000E+00        3.7042E+00        1.3229E-01
        4.0458E+00        0.0000E+00        3.7956E+00        1.3298E-01
        4.0600E+00        0.0000E+00        4.0280E+00        1.3301E-01
        4.0742E+00        0.0000E+00        4.0825E+00        1.3171E-01
        4.0884E+00        0.0000E+00        4.0001E+00        1.3119E-01
        4.1028E+00        0.0000E+00        4.0709E+00        1.2854E-01
        4.1172E+00        0.0000E+00        3.9549E+00        1.2855E-01
        4.1317E+00        0.0000E+00        3.7627E+00        1.2752E-01
        4.1463E+00        0.0000E+00        3.7338E+00        1.2582E-01
        4.1609E+00        0.0000E+00        3.8081E+00        1.2929E-01
        4.1756E+00        0.0000E+00        4.0214E+00        1.2902E-01
        4.1904E+00        0.0000E+00        3.8163E+00        1.3136E-01
        4.2053E+00        0.0000E+00        3.9326E+00        1.3685E-01
        4.2203E+00        0.0000E+00        3.6839E+00        1.3688E-01
        4.2353E+00        0.0000E+00        3.8041E+00        1.4152E-01
        4.2505E+00        0.0000E+00        3.7798E+00        1.4409E-01
        4.2657E+00        0.0000E+00        3.7134E+00        1.4581E-01
        4.2810E+00        0.0000E+00        3.8761E+00        1.4624E-01
        4.2963E+00        0.0000E+00        3.7193E+00        1.4283E-01
        4.3118E+00        0.0000E+00        3.6968E+00        1.3956E-01
        4.3273E+00        0.0000E+00        3.5862E+00        1.3644E-01
        4.3429E+00        0.0000E+00        3.8129E+00        1.3418E-01
        4.3587E+00        0.0000E+00        3.4856E+00        1.3084E-01
        4.3745E+00        0.0000E+00        3.5068E+00        1.2650E-01
        4.3903E+00        0.0000E+00        3.8319E+00        1.2561E-01
        4.4063E+00        0.0000E+00        3.8772E+00        1.2223E-01
        4.4224E+00        0.0000E+00        3.9340E+00        1.2020E-01
        4.4385E+00        0.0000E+00        3.8824E+00        1.1826E-01
        4.4547E+00        0.0000E+00        3.9606E+00        1.1526E-01
        4.4710E+00        0.0000E+00        3.9044E+00        1.1422E-01
        4.4875E+00        0.0000E+00        3.8493E+00        1.1048E-01
        4.5040E+00        0.0000E+00        3.8365E+00        1.0966E-01
        4.5206E+00        0.0000E+00        3.9686E+00        1.0792E-01
        4.5372E+00        0.0000E+00        3.9555E+00        1.0668E-01
        4.5540E+00        0.0000E+00        3.6268E+00        1.0373E-01
        4.5709E+00        0.0000E+00        3.5388E+00        1.0184E-01
        4.5879E+00        0.0000E+00        3.7909E+00        1.0209E-01
        4.6049E+00        0.0000E+00        3.8816E+00        1.0213E-01
        4.6221E+00        0.0000E+00        3.8123E+00        1.0011E-01
        4.6393E+00        0.0000E+00        3.6224E+00        9.7967E-02
        4.6567E+00        0.0000E+00        3.7458E+00        9.6449E-02
        4.6741E+00        0.0000E+00        3.8230E+00        9.6577E-02
        4.6917E+00        0.0000E+00        3.8663E+00        9.6003E-02
        4.7093E+00        0.0000E+00        3.8986E+00        9.5173E-02
        4.7271E+00        0.0000E+00        3.8253E+00        9.3734E-02
        4.7449E+00        0.0000E+00        3.7963E+00        9.1797E-02
        4.7628E+00        0.0000E+00        3.8660E+00        9.1604E-02
        4.7809E+00        0.0000E+00        3.6969E+00        8.9901E-02
        4.7990E+00        0.0000E+00        3.5950E+00        8.8446E-02
        4.8173E+00        0.0000E+00        3.8703E+00        8.8906E-02
        4.8357E+00        0.0000E+00        3.9340E+00        8.8446E-02
        4.8541E+00        0.0000E+00        3.7031E+00        8.6574E-02
        4.8727E+00        0.0000E+00        3.7692E+00        8.6586E-02
        4.8914E+00        0.0000E+00        3.8686E+00        8.6015E-02
        4.9102E+00        0.0000E+00        3.9624E+00        8.6635E-02
        4.9291E+00        0.0000E+00        3.9481E+00        8.8823E-02
        4.9481E+00        0.0000E+00        3.9279E+00        8.7257E-02
        4.9672E+00        0.0000E+00        3.5786E+00        8.3326E-02
        4.9864E+00        0.0000E+00        3.8191E+00        8.3938E-02
        5.0058E+00        0.0000E+00        3.9203E+00        8.3131E-02
        5.0252E+00        0.0000E+00        3.7613E+00        8.2141E-02
        5.0448E+00        0.0000E+00        3.7281E+00        8.0483E-02
        5.0645E+00        0.0000E+00        3.7983E+00        8.0106E-02
        5.0842E+00        0.0000E+00        3.7596E+00        7.9063E-02
        5.1042E+00        0.0000E+00        3.7347E+00        7.8886E-02
        5.1242E+00        0.0000E+00        3.8294E+00        7.8716E-02
        5.1443E+00        0.0000E+00        3.7459E+00        7.8212E-02
        5.1646E+00        0.0000E+00        3.5879E+00        7.6649E-02
        5.1850E+00        0.0000E+00        3.6935E+00        7.6695E-02
        5.2055E+00        0.0000E+00        3.7906E+00        7.5832E-02
        5.2261E+00        0.0000E+00        3.7487E+00        7.5411E-02
        5.2469E+00        0.0000E+00        3.8269E+00        7.4819E-02
        5.2678E+00        0.0000E+00        3.6835E+00        7.3857E-02
        5.2888E+00        0.0000E+00        3.6663E+00        7.3736E-02
        5.3099E+00        0.0000E+00        3.8508E+00        7.3729E-02
        5.3312E+00        0.0000E+00        3.8380E+00        7.6963E-02
        5.3526E+00        0.0000E+00        3.6951E+00        8.3584E-02
        5.3741E+00        0.0000E+00        3.6992E+00        8.9462E-02
        5.3957E+00        0.0000E+00        3.6804E+00        8.3727E-02
        5.4175E+00        0.0000E+00        3.7361E+00        7.8282E-02
        5.4394E+00        0.0000E+00        3.6303E+00        7.5538E-02
        5.4615E+00        0.0000E+00        3.6871E+00        7.4380E-02
        5.4837E+00        0.0000E+00        3.9216E+00        7.3863E-02
        5.5060E+00        0.0000E+00        3.8569E+00        7.3313E-02
        5.5284E+00        0.0000E+00        3.6204E+00        7.2059E-02
        5.5510E+00        0.0000E+00        3.6970E+00        7.2032E-02
        5.5737E+00        0.0000E+00        3.6703E+00        7.1476E-02
        5.5966E+00        0.0000E+00        3.7935E+00        7.1416E-02
        5.6196E+00        0.0000E+00        3.8005E+00        7.1206E-02
        5.6428E+00        0.0000E+00        3.7631E+00        6.9774E-02
        5.6661E+00        0.0000E+00        3.6870E+00        6.9332E-02
        5.6895E+00        0.0000E+00        3.7191E+00        6.8963E-02
        5.7131E+00        0.0000E+00        3.4787E+00        6.8574E-02
        5.7368E+00        0.0000E+00        3.5398E+00        6.8458E-02
        5.7607E+00        0.0000E+00        3.6867E+00        6.8072E-02
        5.7847E+00        0.0000E+00        3.6014E+00        6.7471E-02
        5.8089E+00        0.0000E+00        3.5105E+00        6.7789E-02
        5.8333E+00        0.0000E+00        3.8069E+00        6.7910E-02
        5.8578E+00        0.0000E+00        3.5613E+00        6.6872E-02
        5.8824E+00        0.0000E+00        3.5645E+00        6.7261E-02
        5.9072E+00        0.0000E+00        3.6587E+00        6.7164E-02
        5.9322E+00        0.0000E+00        3.7082E+00        6.7195E-02
        5.9573E+00        0.0000E+00        3.6969E+00        6.6902E-02
        5.9826E+00        0.0000E+00        3.7545E+00        6.7171E-02
        6.0080E+00        0.0000E+00        3.6820E+00        6.6564E-02
        6.0336E+00        0.0000E+00        3.6523E+00        6.5751E-02
        6.0594E+00        0.0000E+00        3.5043E+00        6.5814E-02
        6.0853E+00        0.0000E+00        3.5191E+00        6.5785E-02
        6.1114E+00        0.0000E+00        3.5998E+00        6.5957E-02
        6.1377E+00        0.0000E+00        3.6726E+00        6.6681E-02
        6.1642E+00        0.0000E+00        3.5496E+00        6.6998E-02
        6.1908E+00        0.0000E+00        3.5598E+00        6.7907E-02
        6.2176E+00        0.0000E+00        3.6717E+00        7.1560E-02
        6.2445E+00        0.0000E+00        3.7195E+00        7.8705E-02
        6.2717E+00        0.0000E+00        3.5855E+00        9.3547E-02
        6.2990E+00        0.0000E+00        3.6354E+00        9.8918E-02
        6.3265E+00        0.0000E+00        3.4408E+00        8.6221E-02
        6.3542E+00        0.0000E+00        3.5447E+00        7.4961E-02
        6.3820E+00        0.0000E+00        3.5023E+00        6.7838E-02
        6.4101E+00        0.0000E+00        3.5298E+00        6.3537E-02
        6.4383E+00        0.0000E+00        3.6466E+00        6.1958E-02
        6.4667E+00        0.0000E+00        3.5732E+00        6.0567E-02
        6.4953E+00        0.0000E+00        3.6576E+00        6.0085E-02
        6.5241E+00        0.0000E+00        3.6007E+00        5.8278E-02
        6.5531E+00        0.0000E+00        3.6071E+00        5.5727E-02
        6.5823E+00        0.0000E+00        3.6111E+00        5.3394E-02
        6.6117E+00        0.0000E+00        3.7659E+00        5.2846E-02
        6.6412E+00        0.0000E+00        3.6231E+00        5.3471E-02
        6.6710E+00        0.0000E+00        3.6101E+00        5.3538E-02
        6.7010E+00        0.0000E+00        3.5338E+00        5.3421E-02
        6.7312E+00        0.0000E+00        3.6047E+00        5.3255E-02
        6.7616E+00        0.0000E+00        3.4612E+00        5.2146E-02
        6.7922E+00        0.0000E+00        3.6943E+00        5.2282E-02
        6.8230E+00        0.0000E+00        3.5545E+00        5.1621E-02
        6.8540E+00        0.0000E+00        3.4743E+00        5.1009E-02
        6.8852E+00        0.0000E+00        3.5250E+00        5.0902E-02
        6.9167E+00        0.0000E+00        3.5427E+00        5.0579E-02
        6.9483E+00        0.0000E+00        3.5864E+00        5.0221E-02
        6.9802E+00        0.0000E+00        3.5616E+00        4.9617E-02
        7.0123E+00        0.0000E+00        3.5343E+00        4.9338E-02
        7.0446E+00        0.0000E+00        3.5477E+00        4.9205E-02
        7.0772E+00        0.0000E+00        3.5002E+00        4.9099E-02
        7.1099E+00        0.0000E+00        3.4953E+00        4.9070E-02
        7.1429E+00        0.0000E+00        3.5764E+00        4.9412E-02
        7.1762E+00        0.0000E+00        3.5010E+00        4.9467E-02
        7.2096E+00        0.0000E+00        3.4279E+00        5.0601E-02
        7.2433E+00        0.0000E+00        3.3829E+00        5.2830E-02
        7.2773E+00        0.0000E+00        3.5157E+00        5.7052E-02
        7.3115E+00        0.0000E+00        3.4388E+00        6.2480E-02
        7.3459E+00        0.0000E+00        3.4485E+00        6.9645E-02
        7.3806E+00        0.0000E+00        3.5528E+00        7.3159E-02
        7.4155E+00        0.0000E+00        3.4879E+00        7.2783E-02
        7.4506E+00        0.0000E+00        3.5121E+00        7.2701E-02
        7.4861E+00        0.0000E+00        3.4019E+00        7.2102E-02
        7.5217E+00        0.0000E+00        3.3806E+00        7.1650E-02
        7.5576E+00        0.0000E+00        3.3837E+00        7.0673E-02
        7.5938E+00        0.0000E+00        3.3762E+00        6.9946E-02
        7.6303E+00        0.0000E+00        3.4479E+00        7.0629E-02
        7.6670E+00        0.0000E+00        3.3802E+00        7.3196E-02
        7.7040E+00        0.0000E+00        3.4254E+00        7.8723E-02
        7.7412E+00        0.0000E+00        3.2952E+00        8.5299E-02
        7.7787E+00        0.0000E+00        3.3154E+00        8.4425E-02
        7.8165E+00        0.0000E+00        3.3054E+00        8.0815E-02
        7.8546E+00        0.0000E+00        3.5116E+00        7.7759E-02
        7.8929E+00        0.0000E+00        3.3364E+00        7.5814E-02
        7.9316E+00        0.0000E+00        3.3498E+00        7.4242E-02
        7.9705E+00        0.0000E+00        3.2353E+00        7.2212E-02
        8.0097E+00        0.0000E+00        3.2826E+00        7.1756E-02
        8.0492E+00        0.0000E+00        3.3089E+00        7.1528E-02
        8.0890E+00        0.0000E+00        3.2978E+00        7.1080E-02
        8.1291E+00        0.0000E+00        3.2407E+00        6.8173E-02
        8.1695E+00        0.0000E+00        3.1663E+00        6.3030E-02
        8.2102E+00        0.0000E+00        3.1952E+00        5.9277E-02
        8.2512E+00        0.0000E+00        3.1900E+00        5.6015E-02
        8.2925E+00        0.0000E+00        3.1827E+00        5.3699E-02
        8.3341E+00        0.0000E+00        3.2128E+00        5.2582E-02
        8.3760E+00        0.0000E+00        3.1859E+00        5.1526E-02
        8.4183E+00        0.0000E+00        3.2910E+00        5.0670E-02
        8.4609E+00        0.0000E+00        3.2739E+00        5.0411E-02
        8.5038E+00        0.0000E+00        3.1758E+00        4.9712E-02
        8.5470E+00        0.0000E+00        3.1580E+00        4.9053E-02
        8.5906E+00        0.0000E+00        3.1733E+00        4.8421E-02
        8.6344E+00        0.0000E+00        3.1234E+00        4.8009E-02
        8.6787E+00        0.0000E+00        3.1338E+00        4.7862E-02
        8.7233E+00        0.0000E+00        3.1484E+00        4.7807E-02
        8.7682E+00        0.0000E+00        3.2205E+00        4.7881E-02
        8.8135E+00        0.0000E+00        3.1067E+00        4.7597E-02
        8.8591E+00        0.0000E+00        3.1270E+00        4.7685E-02
        8.9051E+00        0.0000E+00        3.1210E+00        4.7731E-02
        8.9514E+00        0.0000E+00        3.1034E+00        4.7813E-02
        8.9981E+00        0.0000E+00        3.1449E+00        4.8363E-02
        9.0452E+00        0.0000E+00        3.1396E+00        4.9010E-02
        9.0927E+00        0.0000E+00        3.1146E+00        4.9726E-02
        9.1405E+00        0.0000E+00        3.0587E+00        5.0635E-02
        9.1887E+00        0.0000E+00        3.0550E+00        5.1138E-02
        9.2373E+00        0.0000E+00        3.0641E+00        5.1232E-02
        9.2863E+00        0.0000E+00        2.9958E+00        5.0817E-02
        9.3356E+00        0.0000E+00        3.0044E+00        5.0652E-02
        9.3854E+00        0.0000E+00        3.0030E+00        4.9701E-02
        9.4356E+00        0.0000E+00        2.9618E+00        4.9078E-02
        9.4862E+00        0.0000E+00        3.0265E+00        4.8525E-02
        9.5371E+00        0.0000E+00        3.0424E+00        4.8166E-02
        9.5885E+00        0.0000E+00        2.9396E+00        4.7883E-02
        9.6404E+00        0.0000E+00        2.9799E+00        4.7950E-02
        9.6926E+00        0.0000E+00        3.0502E+00        4.7901E-02
        9.7453E+00        0.0000E+00        2.9247E+00        4.7510E-02
        9.7984E+00        0.0000E+00        2.9891E+00        4.7138E-02
        9.8519E+00        0.0000E+00        2.8985E+00        4.6398E-02
        9.9059E+00        0.0000E+00        2.9509E+00        4.5766E-02
        9.9603E+00        0.0000E+00        2.9309E+00        4.5272E-02
        1.0015E+01        0.0000E+00        2.8899E+00        4.4991E-02
        1.0071E+01        0.0000E+00        2.8980E+00        4.4474E-02
        1.0126E+01        0.0000E+00        2.9840E+00        4.4350E-02
        1.0183E+01        0.0000E+00        2.9342E+00        4.3923E-02
        1.0239E+01        0.0000E+00        2.8802E+00        4.3591E-02
        1.0297E+01        0.0000E+00        2.8234E+00        4.3640E-02
        1.0354E+01        0.0000E+00        2.8872E+00        4.3804E-02
        1.0412E+01        0.0000E+00        2.8890E+00        4.3872E-02
        1.0471E+01        0.0000E+00        2.8463E+00        4.4363E-02
        1.0530E+01        0.0000E+00        2.8421E+00        4.4819E-02
        1.0590E+01        0.0000E+00        2.8165E+00        4.5313E-02
        1.0650E+01        0.0000E+00        2.8479E+00        4.5569E-02
        1.0711E+01        0.0000E+00        2.8742E+00        4.6086E-02
        1.0772E+01        0.0000E+00        2.8586E+00        4.6814E-02
        1.0834E+01        0.0000E+00        2.7627E+00        4.6665E-02
        1.0896E+01        0.0000E+00        2.7488E+00        4.6964E-02
        1.0959E+01        0.0000E+00        2.8226E+00        4.7161E-02
        1.1023E+01        0.0000E+00        2.7910E+00        4.7143E-02
        1.1087E+01        0.0000E+00        2.7830E+00        4.6884E-02
        1.1151E+01        0.0000E+00        2.7354E+00        4.6638E-02
        1.1216E+01        0.0000E+00        2.7207E+00        4.5876E-02
        1.1282E+01        0.0000E+00        2.7543E+00        5.3189E-02
        1.1348E+01        0.0000E+00        2.8150E+00        5.4323E-02
        1.1415E+01        0.0000E+00        2.8320E+00        5.4187E-02
        1.1482E+01        0.0000E+00        2.7731E+00        5.3644E-02
        1.1550E+01        0.0000E+00        2.6859E+00        5.2864E-02
        1.1619E+01        0.0000E+00        2.7615E+00        5.2909E-02
        1.1688E+01        0.0000E+00        2.7313E+00        5.2195E-02
        1.1758E+01        0.0000E+00        2.6658E+00        5.2466E-02
        1.1829E+01        0.0000E+00        2.7148E+00        5.2993E-02
        1.1900E+01        0.0000E+00        2.7023E+00        5.3493E-02
        1.1972E+01        0.0000E+00        2.7506E+00        5.4443E-02
        1.2044E+01        0.0000E+00        2.7052E+00        5.5138E-02
        1.2117E+01        0.0000E+00        2.7482E+00        5.5701E-02
        1.2191E+01        0.0000E+00        2.6107E+00        5.4477E-02
        1.2265E+01        0.0000E+00        2.6099E+00        5.3520E-02
        1.2341E+01        0.0000E+00        2.6252E+00        5.2414E-02
        1.2417E+01        0.0000E+00        2.6321E+00        5.1847E-02
        1.2493E+01        0.0000E+00        2.6955E+00        5.1700E-02
        1.2570E+01        0.0000E+00        2.6025E+00        5.1486E-02
        1.2648E+01        0.0000E+00        2.6093E+00        5.2048E-02
        1.2727E+01        0.0000E+00        2.5976E+00        5.2119E-02
        1.2807E+01        0.0000E+00        2.5050E+00        5.2357E-02
        1.2887E+01        0.0000E+00        2.4834E+00        5.2622E-02
        1.2968E+01        0.0000E+00        2.4738E+00        5.3195E-02
        1.3050E+01        0.0000E+00        2.5371E+00        5.2987E-02
        1.3132E+01        0.0000E+00        2.5112E+00        5.3195E-02
        1.3216E+01        0.0000E+00        2.4990E+00        5.2872E-02
        1.3300E+01        0.0000E+00        2.5866E+00        5.3026E-02
        1.3385E+01        0.0000E+00        2.5533E+00        5.2452E-02
        1.3470E+01        0.0000E+00        2.5764E+00        5.2515E-02
        1.3557E+01        0.0000E+00        2.6025E+00        5.2072E-02
        1.3645E+01        0.0000E+00        2.5208E+00        5.2102E-02
        1.3733E+01        0.0000E+00        2.4399E+00        5.1611E-02
        1.3822E+01        0.0000E+00        2.5661E+00        5.1015E-02
        1.3912E+01        0.0000E+00        2.3964E+00        5.0273E-02
        1.4003E+01        0.0000E+00        2.4213E+00        5.0330E-02
        1.4095E+01        0.0000E+00        2.3995E+00        5.0210E-02
        1.4188E+01        0.0000E+00        2.4067E+00        5.0080E-02
        1.4281E+01        0.0000E+00        2.4386E+00        5.0363E-02
        1.4376E+01        0.0000E+00        2.3641E+00        5.0401E-02
        1.4472E+01        0.0000E+00        2.4274E+00        5.0153E-02
        1.4568E+01        0.0000E+00        2.4376E+00        5.1082E-02
        1.4666E+01        0.0000E+00        2.4635E+00        5.1674E-02
        1.4764E+01        0.0000E+00        2.4213E+00        5.1849E-02
        1.4864E+01        0.0000E+00        2.3780E+00        5.1475E-02
        1.4964E+01        0.0000E+00        2.4005E+00        5.1639E-02
        1.5066E+01        0.0000E+00        2.3966E+00        5.1799E-02
        1.5168E+01        0.0000E+00        2.3925E+00        5.2225E-02
        1.5272E+01        0.0000E+00        2.3473E+00        5.2899E-02
        1.5377E+01        0.0000E+00        2.3116E+00        5.3402E-02
        1.5483E+01        0.0000E+00        2.3119E+00        5.4019E-02
        1.5590E+01        0.0000E+00        2.3826E+00        5.4823E-02
        1.5698E+01        0.0000E+00        2.3156E+00        5.5122E-02
        1.5807E+01        0.0000E+00        2.3596E+00        5.5565E-02
        1.5917E+01        0.0000E+00        2.2849E+00        5.5751E-02
        1.6029E+01        0.0000E+00        2.3349E+00        5.5960E-02
        1.6141E+01        0.0000E+00        2.3103E+00        5.5285E-02
        1.6255E+01        0.0000E+00        2.3393E+00        5.4636E-02
        1.6370E+01        0.0000E+00        2.2394E+00        5.4218E-02
        1.6487E+01        0.0000E+00        2.1983E+00        5.3681E-02
        1.6604E+01        0.0000E+00        2.2870E+00        5.3346E-02
        1.6723E+01        0.0000E+00        2.1705E+00        5.3058E-02
        1.6843E+01        0.0000E+00        2.2585E+00        5.2933E-02
        1.6965E+01        0.0000E+00        2.2929E+00        5.2748E-02
        1.7088E+01        0.0000E+00        2.2847E+00        5.2235E-02
        1.7212E+01        0.0000E+00        2.2952E+00        5.1955E-02
        1.7338E+01        0.0000E+00        2.2569E+00        5.1690E-02
        1.7465E+01        0.0000E+00        2.2417E+00        5.1206E-02
        1.7593E+01        0.0000E+00        2.2380E+00        5.1108E-02
        1.7723E+01        0.0000E+00        2.2839E+00        5.0958E-02
        1.7854E+01        0.0000E+00        2.2497E+00        5.0692E-02
        1.7987E+01        0.0000E+00        2.2331E+00        5.0774E-02
        1.8121E+01        0.0000E+00        2.2769E+00        5.1209E-02
        1.8257E+01        0.0000E+00        2.3175E+00        5.0989E-02
        1.8394E+01        0.0000E+00        2.1662E+00        5.0682E-02
        1.8533E+01        0.0000E+00        2.3187E+00        5.0602E-02
        1.8673E+01        0.0000E+00        2.2431E+00        5.0430E-02
        1.8815E+01        0.0000E+00        2.1786E+00        5.0699E-02
        1.8959E+01        0.0000E+00        2.2495E+00        5.0772E-02
        1.9104E+01        0.0000E+00        2.2793E+00        5.0721E-02
        1.9252E+01        0.0000E+00        2.1838E+00        5.0722E-02
        1.9400E+01        0.0000E+00        2.2701E+00        5.1072E-02
        1.9551E+01        0.0000E+00        2.0380E+00        5.0648E-02
        1.9703E+01        0.0000E+00        2.2309E+00        5.0287E-02
        1.9857E+01        0.0000E+00        2.2015E+00        4.9671E-02
        2.0013E+01        0.0000E+00        2.1664E+00        4.9377E-02
        2.0171E+01        0.0000E+00        2.2016E+00        4.8748E-02
        2.0331E+01        0.0000E+00        2.1998E+00        4.8139E-02
        2.0493E+01        0.0000E+00        2.1641E+00        4.7787E-02
        2.0656E+01        0.0000E+00        2.1807E+00        4.6944E-02
        2.0822E+01        0.0000E+00        2.2240E+00        4.6670E-02
        2.0990E+01        0.0000E+00        2.1783E+00        4.6407E-02
        2.1159E+01        0.0000E+00        2.2359E+00        4.6239E-02
        2.1331E+01        0.0000E+00        2.2487E+00        4.6070E-02
        2.1505E+01        0.0000E+00        2.2014E+00        4.5722E-02
        2.1681E+01        0.0000E+00        2.1670E+00        4.5562E-02
        2.1859E+01        0.0000E+00        2.1989E+00        4.5412E-02
        2.2040E+01        0.0000E+00        2.1704E+00        4.5066E-02
        2.2223E+01        0.0000E+00        2.2147E+00        4.4894E-02
        2.2408E+01        0.0000E+00        2.1891E+00        4.4712E-02
        2.2595E+01        0.0000E+00        2.2334E+00        4.4623E-02
        2.2785E+01        0.0000E+00        2.1295E+00        4.4763E-02
        2.2977E+01        0.0000E+00        2.2389E+00        4.4807E-02
        2.3172E+01        0.0000E+00        2.2386E+00        4.5024E-02
        2.3369E+01        0.0000E+00        2.2746E+00        4.4849E-02
        2.3569E+01        0.0000E+00        2.2003E+00        4.4828E-02
        2.3771E+01        0.0000E+00        2.1508E+00        4.4875E-02
        2.3976E+01        0.0000E+00        2.2070E+00        4.4809E-02
        2.4184E+01        0.0000E+00        2.2388E+00        4.4729E-02
        2.4395E+01        0.0000E+00        2.2458E+00        4.4630E-02
        2.4608E+01        0.0000E+00        2.0988E+00        4.4656E-02
        2.4824E+01        0.0000E+00        2.2327E+00        4.4725E-02
        2.5043E+01        0.0000E+00        2.2257E+00        4.5049E-02
        2.5265E+01        0.0000E+00        2.2328E+00        4.4794E-02
        2.5490E+01        0.0000E+00        2.2256E+00        4.4843E-02
        2.5718E+01        0.0000E+00        2.1951E+00        4.4592E-02
        2.5949E+01        0.0000E+00        2.2756E+00        4.4681E-02
        2.6184E+01        0.0000E+00        2.2814E+00        4.4646E-02
        2.6421E+01        0.0000E+00        2.1893E+00        4.4781E-02
        2.6662E+01        0.0000E+00        2.2580E+00        4.4814E-02
        2.6906E+01        0.0000E+00        2.2638E+00        4.4914E-02
        2.7154E+01        0.0000E+00        2.2797E+00        4.4974E-02
        2.7405E+01        0.0000E+00        2.2692E+00        4.5031E-02
        2.7660E+01        0.0000E+00        2.2566E+00        4.5185E-02
        2.7918E+01        0.0000E+00        2.2924E+00        4.5187E-02
        2.8180E+01        0.0000E+00        2.2350E+00        4.5427E-02
        2.8446E+01        0.0000E+00        2.2878E+00        4.5375E-02
        2.8716E+01        0.0000E+00        2.3303E+00        4.5617E-02
        2.8989E+01        0.0000E+00        2.3101E+00        4.5654E-02
        2.9267E+01        0.0000E+00        2.3452E+00        4.5988E-02
        2.9548E+01        0.0000E+00        2.2879E+00        4.5952E-02
        2.9834E+01        0.0000E+00        2.2839E+00        4.6063E-02
        3.0124E+01        0.0000E+00        2.2532E+00        4.6218E-02
        3.0418E+01        0.0000E+00        2.3363E+00        4.6314E-02
        3.0717E+01        0.0000E+00        2.3932E+00        4.6749E-02
        3.1020E+01        0.0000E+00        2.3377E+00        4.6680E-02
        3.1328E+01        0.0000E+00        2.2921E+00        4.6890E-02
        3.1640E+01        0.0000E+00        2.2335E+00        4.6998E-02
        3.1957E+01        0.0000E+00        2.3484E+00        4.7087E-02
        3.2279E+01        0.0000E+00        2.4752E+00        4.7787E-02
        3.2606E+01        0.0000E+00        2.3405E+00        4.7691E-02
        3.2938E+01        0.0000E+00        2.4243E+00        4.7880E-02
        3.3276E+01        0.0000E+00        2.3476E+00        4.8230E-02
        3.3618E+01        0.0000E+00        2.3992E+00        4.8571E-02
        3.3966E+01        0.0000E+00        2.3458E+00        4.8583E-02
        3.4320E+01        0.0000E+00        2.4563E+00        4.8980E-02
        3.4679E+01        0.0000E+00        2.3958E+00        4.9099E-02
        3.5044E+01        0.0000E+00        2.3918E+00        4.9322E-02
        3.5415E+01        0.0000E+00        2.4735E+00        4.9731E-02
        3.5792E+01        0.0000E+00        2.4732E+00        5.0117E-02
        3.6175E+01        0.0000E+00        2.4347E+00        5.0342E-02
        3.6565E+01        0.0000E+00        2.4573E+00        5.0458E-02
        3.6960E+01        0.0000E+00        2.4685E+00        5.1195E-02
        3.7363E+01        0.0000E+00        2.4289E+00        5.1257E-02
        3.7772E+01        0.0000E+00        2.3917E+00        5.1698E-02
        3.8188E+01        0.0000E+00        2.4939E+00        5.2059E-02
        3.8611E+01        0.0000E+00        2.4008E+00        5.2259E-02
        3.9041E+01        0.0000E+00        2.4541E+00        5.2917E-02
        3.9479E+01        0.0000E+00        2.5064E+00        5.3120E-02
        3.9924E+01        0.0000E+00        2.5424E+00        5.3525E-02
        4.0377E+01        0.0000E+00        2.6144E+00        5.4230E-02
        4.0838E+01        0.0000E+00        2.4613E+00        5.4627E-02
        4.1307E+01        0.0000E+00        2.4888E+00        5.5026E-02
        4.1784E+01        0.0000E+00        2.4609E+00        5.5742E-02
        4.2270E+01        0.0000E+00        2.4760E+00        5.5995E-02
        4.2764E+01        0.0000E+00        2.3925E+00        5.6413E-02
        4.3268E+01        0.0000E+00        2.5292E+00        5.7111E-02
        4.3781E+01        0.0000E+00        2.4723E+00        5.7663E-02
        4.4303E+01        0.0000E+00        2.4775E+00        5.8230E-02
        4.4834E+01        0.0000E+00        2.5879E+00        5.8877E-02
        4.5376E+01        0.0000E+00        2.5796E+00        5.9598E-02
        4.5927E+01        0.0000E+00        2.5039E+00        6.0222E-02
        4.6489E+01        0.0000E+00        2.4690E+00        6.0729E-02
        4.7062E+01        0.0000E+00        2.5408E+00        6.1585E-02
        4.7645E+01        0.0000E+00        2.5025E+00        6.2165E-02
        4.8240E+01        0.0000E+00        2.4401E+00        6.2819E-02
        4.8846E+01        0.0000E+00        2.4324E+00        6.3939E-02
        4.9464E+01        0.0000E+00        2.5552E+00        6.4686E-02
        5.0094E+01        0.0000E+00        2.4721E+00        6.5453E-02
        5.0736E+01        0.0000E+00        2.4186E+00        6.6449E-02
        5.1392E+01        0.0000E+00        2.5240E+00        6.7313E-02
        5.2060E+01        0.0000E+00        2.4758E+00        6.8363E-02
        5.2742E+01        0.0000E+00        2.5757E+00        6.9643E-02
        5.3438E+01        0.0000E+00        2.4794E+00        7.0676E-02
        5.4147E+01        0.0000E+00        2.4418E+00        7.1732E-02
        5.4872E+01        0.0000E+00        2.5569E+00        7.3145E-02
        5.5612E+01        0.0000E+00        2.4243E+00        7.3993E-02
        5.6367E+01        0.0000E+00        2.4583E+00        7.5331E-02
        5.7138E+01        0.0000E+00        2.5535E+00        7.7111E-02
        5.7925E+01        0.0000E+00        2.3468E+00        7.8357E-02
        5.8730E+01        0.0000E+00        2.4495E+00        7.9902E-02
        5.9552E+01        0.0000E+00        2.4149E+00        8.1029E-02
        6.0392E+01        0.0000E+00        2.2744E+00        8.2884E-02
        6.1250E+01        0.0000E+00        2.4456E+00        8.5161E-02
        6.2127E+01        0.0000E+00        2.4311E+00        8.6704E-02
        6.3024E+01        0.0000E+00        2.2966E+00        8.8969E-02
        6.3941E+01        0.0000E+00        2.4006E+00        9.1089E-02
        6.4879E+01        0.0000E+00        2.3915E+00        9.3220E-02
        6.5838E+01        0.0000E+00        2.2892E+00        9.6553E-02
        6.6819E+01        0.0000E+00        2.2553E+00        9.8762E-02
        6.7824E+01        0.0000E+00        2.2369E+00        1.0172E-01
        6.8852E+01        0.0000E+00        2.3008E+00        1.0497E-01
        6.9904E+01        0.0000E+00        2.3052E+00        1.0845E-01
        7.0982E+01        0.0000E+00        2.3023E+00        1.1187E-01
        7.2086E+01        0.0000E+00        2.3601E+00        1.1511E-01
        7.3216E+01        0.0000E+00        2.0890E+00        1.1890E-01
        7.4375E+01        0.0000E+00        2.2466E+00        1.2409E-01
        7.5562E+01        0.0000E+00        2.0001E+00        1.2800E-01
        7.6779E+01        0.0000E+00        2.1428E+00        1.3425E-01
        7.8027E+01        0.0000E+00        2.1513E+00        1.4167E-01
        7.9307E+01        0.0000E+00        2.2084E+00        1.4550E-01
        8.0620E+01        0.0000E+00        2.0988E+00        1.5280E-01
