# entry-subent-pointer  : 12965-002-0 
# EXFOR reaction        : (11-NA-23(N,P)10-NE-23,,SIG) 
# incident energy       : 5.2200e+00 MeV - 1.1000e+01 MeV 
# target                : Na-23 
# product               : Ne-23 
# level energy          : - 
# MF-MT number          : 3 - 103 
# first author          : Weigmann 
# institute             : (1USALAS): Los Alamos National Laboratory, NM 
# reference             : (C,82ANTWER,,814,8209) 
# year                  : 1982 
# facility              : (MESON): Meson facility 
# git                   : https://github.com/IAEA-NDS/exfor_master/blob/main/exforall/129/12965.x4 
# nds                   : https://nds.iaea.org/EXFOR/12965
#
#       E_in(MeV)         dE_in(MeV)        XS(B)             dXS(B)
        5.2200E+00        0.0000E+00        2.3420E-03        8.2920E-04
        5.2240E+00        0.0000E+00        9.2960E-04        6.7930E-04
        5.2290E+00        0.0000E+00       -2.4330E-04        5.3540E-04
        5.2330E+00        0.0000E+00        2.1880E-03        8.1430E-04
        5.2370E+00        0.0000E+00        1.0700E-03        6.9390E-04
        5.2410E+00        0.0000E+00        5.3370E-04        6.2300E-04
        5.2450E+00        0.0000E+00        1.5950E-03        7.5670E-04
        5.2490E+00        0.0000E+00        2.0290E-03        7.9820E-04
        5.2530E+00        0.0000E+00        2.8680E-03        8.7060E-04
        5.2570E+00        0.0000E+00        1.1610E-03        6.9820E-04
        5.2620E+00        0.0000E+00        1.5930E-03        7.4210E-04
        5.2660E+00        0.0000E+00        2.5270E-03        8.4930E-04
        5.2700E+00        0.0000E+00        2.2040E-03        8.0390E-04
        5.2740E+00        0.0000E+00        2.8150E-03        8.7420E-04
        5.2780E+00        0.0000E+00        2.5750E-03        8.4470E-04
        5.2820E+00        0.0000E+00        2.6660E-03        8.4800E-04
        5.2870E+00        0.0000E+00        2.2570E-03        8.1360E-04
        5.2910E+00        0.0000E+00        2.7670E-03        8.5320E-04
        5.2950E+00        0.0000E+00        2.0650E-03        7.9150E-04
        5.2990E+00        0.0000E+00        2.4040E-03        8.1440E-04
        5.3030E+00        0.0000E+00        1.9030E-03        7.8830E-04
        5.3080E+00        0.0000E+00        3.1890E-03        8.8860E-04
        5.3120E+00        0.0000E+00        2.8270E-03        8.5140E-04
        5.3160E+00        0.0000E+00        7.5410E-04        6.5660E-04
        5.3200E+00        0.0000E+00        3.2840E-03        8.9230E-04
        5.3240E+00        0.0000E+00        3.4180E-03        9.2650E-04
        5.3290E+00        0.0000E+00        4.1040E-03        9.5540E-04
        5.3330E+00        0.0000E+00        5.0580E-03        1.0340E-03
        5.3370E+00        0.0000E+00        4.4830E-03        9.9150E-04
        5.3410E+00        0.0000E+00        7.5890E-03        1.1930E-03
        5.3460E+00        0.0000E+00        5.9700E-03        1.1220E-03
        5.3500E+00        0.0000E+00        9.1630E-03        1.3150E-03
        5.3540E+00        0.0000E+00        8.3020E-03        1.2730E-03
        5.3580E+00        0.0000E+00        6.6880E-03        1.1500E-03
        5.3630E+00        0.0000E+00        8.7440E-03        1.2910E-03
        5.3670E+00        0.0000E+00        7.7330E-03        1.2480E-03
        5.3710E+00        0.0000E+00        1.1420E-02        1.4560E-03
        5.3750E+00        0.0000E+00        1.1030E-02        1.4060E-03
        5.3800E+00        0.0000E+00        1.1100E-02        1.4290E-03
        5.3840E+00        0.0000E+00        1.1750E-02        1.4840E-03
        5.3880E+00        0.0000E+00        1.1270E-02        1.4480E-03
        5.3930E+00        0.0000E+00        8.5110E-03        1.2710E-03
        5.3970E+00        0.0000E+00        1.0950E-02        1.4280E-03
        5.4010E+00        0.0000E+00        9.6840E-03        1.3430E-03
        5.4060E+00        0.0000E+00        5.9800E-03        1.0940E-03
        5.4100E+00        0.0000E+00        9.6580E-03        1.3310E-03
        5.4140E+00        0.0000E+00        6.8370E-03        1.1700E-03
        5.4180E+00        0.0000E+00        7.3640E-03        1.2010E-03
        5.4230E+00        0.0000E+00        4.2710E-03        9.7000E-04
        5.4270E+00        0.0000E+00        7.1670E-03        1.2030E-03
        5.4320E+00        0.0000E+00        7.5730E-03        1.2090E-03
        5.4360E+00        0.0000E+00        6.5970E-03        1.1290E-03
        5.4400E+00        0.0000E+00        9.0470E-03        1.3190E-03
        5.4450E+00        0.0000E+00        9.0670E-03        1.3040E-03
        5.4490E+00        0.0000E+00        1.1190E-02        1.4310E-03
        5.4530E+00        0.0000E+00        9.1270E-03        1.3030E-03
        5.4580E+00        0.0000E+00        1.0380E-02        1.3650E-03
        5.4620E+00        0.0000E+00        9.5460E-03        1.3190E-03
        5.4670E+00        0.0000E+00        1.1540E-02        1.4220E-03
        5.4710E+00        0.0000E+00        9.9100E-03        1.3520E-03
        5.4750E+00        0.0000E+00        9.0960E-03        1.2990E-03
        5.4800E+00        0.0000E+00        9.9590E-03        1.3340E-03
        5.4840E+00        0.0000E+00        1.2310E-02        1.4740E-03
        5.4890E+00        0.0000E+00        1.2690E-02        1.5290E-03
        5.4930E+00        0.0000E+00        1.1240E-02        1.4210E-03
        5.4970E+00        0.0000E+00        1.1110E-02        1.4220E-03
        5.5020E+00        0.0000E+00        9.7110E-03        1.3370E-03
        5.5060E+00        0.0000E+00        1.0100E-02        1.3570E-03
        5.5110E+00        0.0000E+00        8.1720E-03        1.2390E-03
        5.5150E+00        0.0000E+00        1.3180E-02        1.5280E-03
        5.5200E+00        0.0000E+00        9.9330E-03        1.3470E-03
        5.5240E+00        0.0000E+00        1.7880E-02        1.7430E-03
        5.5280E+00        0.0000E+00        1.8750E-02        1.7970E-03
        5.5330E+00        0.0000E+00        1.3190E-02        1.5080E-03
        5.5380E+00        0.0000E+00        1.0190E-02        1.3510E-03
        5.5420E+00        0.0000E+00        1.2260E-02        1.4840E-03
        5.5470E+00        0.0000E+00        1.1410E-02        1.4470E-03
        5.5510E+00        0.0000E+00        9.2780E-03        1.3120E-03
        5.5560E+00        0.0000E+00        7.7320E-03        1.2030E-03
        5.5600E+00        0.0000E+00        1.1070E-02        1.4030E-03
        5.5640E+00        0.0000E+00        1.0060E-02        1.3530E-03
        5.5690E+00        0.0000E+00        9.0540E-03        1.2860E-03
        5.5730E+00        0.0000E+00        1.0770E-02        1.3860E-03
        5.5780E+00        0.0000E+00        8.3140E-03        1.2310E-03
        5.5830E+00        0.0000E+00        6.7750E-03        1.1430E-03
        5.5870E+00        0.0000E+00        1.0450E-02        1.3810E-03
        5.5920E+00        0.0000E+00        9.2020E-03        1.2870E-03
        5.5960E+00        0.0000E+00        7.7330E-03        1.2030E-03
        5.6010E+00        0.0000E+00        8.8910E-03        1.2670E-03
        5.6050E+00        0.0000E+00        9.9710E-03        1.3350E-03
        5.6100E+00        0.0000E+00        8.0920E-03        1.2380E-03
        5.6140E+00        0.0000E+00        1.0240E-02        1.3580E-03
        5.6190E+00        0.0000E+00        1.0700E-02        1.3850E-03
        5.6240E+00        0.0000E+00        7.4540E-03        1.1940E-03
        5.6280E+00        0.0000E+00        9.2240E-03        1.3140E-03
        5.6330E+00        0.0000E+00        9.3710E-03        1.3070E-03
        5.6370E+00        0.0000E+00        1.3620E-02        1.5310E-03
        5.6420E+00        0.0000E+00        8.0710E-03        1.2100E-03
        5.6470E+00        0.0000E+00        1.0560E-02        1.3860E-03
        5.6510E+00        0.0000E+00        1.0360E-02        1.3630E-03
        5.6560E+00        0.0000E+00        1.1780E-02        1.4490E-03
        5.6600E+00        0.0000E+00        9.9340E-03        1.3230E-03
        5.6650E+00        0.0000E+00        1.3830E-02        1.5800E-03
        5.6700E+00        0.0000E+00        1.4500E-02        1.5900E-03
        5.6740E+00        0.0000E+00        1.3230E-02        1.4990E-03
        5.6790E+00        0.0000E+00        1.2990E-02        1.5020E-03
        5.6840E+00        0.0000E+00        1.6220E-02        1.6430E-03
        5.6880E+00        0.0000E+00        1.4050E-02        1.5450E-03
        5.6930E+00        0.0000E+00        1.9010E-02        1.8070E-03
        5.6980E+00        0.0000E+00        1.6990E-02        1.7200E-03
        5.7020E+00        0.0000E+00        2.2960E-02        1.9380E-03
        5.7070E+00        0.0000E+00        1.8780E-02        1.7750E-03
        5.7120E+00        0.0000E+00        1.7420E-02        1.7030E-03
        5.7160E+00        0.0000E+00        1.5420E-02        1.6050E-03
        5.7210E+00        0.0000E+00        1.8940E-02        1.7950E-03
        5.7260E+00        0.0000E+00        1.5180E-02        1.5950E-03
        5.7310E+00        0.0000E+00        1.4650E-02        1.5710E-03
        5.7350E+00        0.0000E+00        1.5880E-02        1.6430E-03
        5.7400E+00        0.0000E+00        1.5770E-02        1.6330E-03
        5.7450E+00        0.0000E+00        1.7850E-02        1.7230E-03
        5.7490E+00        0.0000E+00        1.7260E-02        1.7060E-03
        5.7540E+00        0.0000E+00        1.4670E-02        1.5930E-03
        5.7590E+00        0.0000E+00        1.7580E-02        1.7290E-03
        5.7640E+00        0.0000E+00        1.6150E-02        1.6580E-03
        5.7680E+00        0.0000E+00        1.5060E-02        1.6100E-03
        5.7730E+00        0.0000E+00        1.4850E-02        1.5740E-03
        5.7780E+00        0.0000E+00        1.1960E-02        1.4230E-03
        5.7830E+00        0.0000E+00        1.5180E-02        1.6250E-03
        5.7880E+00        0.0000E+00        1.5080E-02        1.6230E-03
        5.7920E+00        0.0000E+00        1.8350E-02        1.7710E-03
        5.7970E+00        0.0000E+00        1.8190E-02        1.7330E-03
        5.8020E+00        0.0000E+00        2.1330E-02        1.8870E-03
        5.8070E+00        0.0000E+00        1.5400E-02        1.6230E-03
        5.8110E+00        0.0000E+00        2.0430E-02        1.8230E-03
        5.8160E+00        0.0000E+00        1.3490E-02        1.5080E-03
        5.8210E+00        0.0000E+00        1.5910E-02        1.6510E-03
        5.8260E+00        0.0000E+00        1.7920E-02        1.7030E-03
        5.8310E+00        0.0000E+00        2.1810E-02        1.8670E-03
        5.8360E+00        0.0000E+00        1.7200E-02        1.6700E-03
        5.8410E+00        0.0000E+00        2.2640E-02        1.9350E-03
        5.8450E+00        0.0000E+00        2.4560E-02        2.0290E-03
        5.8500E+00        0.0000E+00        2.5700E-02        2.0550E-03
        5.8550E+00        0.0000E+00        2.0980E-02        1.8320E-03
        5.8600E+00        0.0000E+00        2.4880E-02        1.9830E-03
        5.8650E+00        0.0000E+00        2.3020E-02        1.9440E-03
        5.8700E+00        0.0000E+00        2.6370E-02        2.0730E-03
        5.8750E+00        0.0000E+00        2.7160E-02        2.1030E-03
        5.8800E+00        0.0000E+00        2.9250E-02        2.2010E-03
        5.8840E+00        0.0000E+00        3.1720E-02        2.2880E-03
        5.8890E+00        0.0000E+00        3.4480E-02        2.3930E-03
        5.8940E+00        0.0000E+00        3.2960E-02        2.3440E-03
        5.8990E+00        0.0000E+00        3.7370E-02        2.5360E-03
        5.9040E+00        0.0000E+00        3.1430E-02        2.2740E-03
        5.9090E+00        0.0000E+00        3.5780E-02        2.4450E-03
        5.9140E+00        0.0000E+00        3.0420E-02        2.2700E-03
        5.9190E+00        0.0000E+00        2.9930E-02        2.2340E-03
        5.9240E+00        0.0000E+00        2.8770E-02        2.1430E-03
        5.9290E+00        0.0000E+00        3.3840E-02        2.3570E-03
        5.9340E+00        0.0000E+00        3.2420E-02        2.2990E-03
        5.9390E+00        0.0000E+00        2.9270E-02        2.1830E-03
        5.9440E+00        0.0000E+00        2.9750E-02        2.2170E-03
        5.9490E+00        0.0000E+00        2.6790E-02        2.0900E-03
        5.9540E+00        0.0000E+00        2.5800E-02        2.0610E-03
        5.9590E+00        0.0000E+00        2.5790E-02        2.0270E-03
        5.9640E+00        0.0000E+00        2.6720E-02        2.0830E-03
        5.9690E+00        0.0000E+00        2.1820E-02        1.9010E-03
        5.9740E+00        0.0000E+00        1.9390E-02        1.7930E-03
        5.9790E+00        0.0000E+00        1.7470E-02        1.6990E-03
        5.9840E+00        0.0000E+00        2.1810E-02        1.8630E-03
        5.9890E+00        0.0000E+00        1.5550E-02        1.5840E-03
        5.9940E+00        0.0000E+00        1.9550E-02        1.7640E-03
        5.9990E+00        0.0000E+00        1.6720E-02        1.6650E-03
        6.0040E+00        0.0000E+00        1.8630E-02        1.7430E-03
        6.0090E+00        0.0000E+00        1.6400E-02        1.6620E-03
        6.0140E+00        0.0000E+00        1.5410E-02        1.6140E-03
        6.0190E+00        0.0000E+00        1.5100E-02        1.5810E-03
        6.0240E+00        0.0000E+00        1.4300E-02        1.5420E-03
        6.0290E+00        0.0000E+00        1.5830E-02        1.6610E-03
        6.0350E+00        0.0000E+00        1.6700E-02        1.6660E-03
        6.0400E+00        0.0000E+00        1.7980E-02        1.7390E-03
        6.0450E+00        0.0000E+00        1.7030E-02        1.6630E-03
        6.0500E+00        0.0000E+00        2.1160E-02        1.8550E-03
        6.0550E+00        0.0000E+00        2.1460E-02        1.8890E-03
        6.0600E+00        0.0000E+00        2.3320E-02        1.9650E-03
        6.0650E+00        0.0000E+00        2.5690E-02        2.0320E-03
        6.0700E+00        0.0000E+00        2.2140E-02        1.8980E-03
        6.0750E+00        0.0000E+00        2.2430E-02        1.9480E-03
        6.0810E+00        0.0000E+00        2.0220E-02        1.8400E-03
        6.0860E+00        0.0000E+00        2.3550E-02        1.9660E-03
        6.0910E+00        0.0000E+00        2.1050E-02        1.8700E-03
        6.0960E+00        0.0000E+00        2.8710E-02        2.1650E-03
        6.1010E+00        0.0000E+00        2.8470E-02        2.1700E-03
        6.1060E+00        0.0000E+00        2.4950E-02        2.0600E-03
        6.1120E+00        0.0000E+00        2.2110E-02        1.9060E-03
        6.1170E+00        0.0000E+00        2.1750E-02        1.8690E-03
        6.1220E+00        0.0000E+00        2.2980E-02        1.9060E-03
        6.1270E+00        0.0000E+00        2.1550E-02        1.8650E-03
        6.1320E+00        0.0000E+00        2.1740E-02        1.8500E-03
        6.1380E+00        0.0000E+00        2.3070E-02        1.9150E-03
        6.1430E+00        0.0000E+00        2.1410E-02        1.8530E-03
        6.1480E+00        0.0000E+00        2.0620E-02        1.8290E-03
        6.1530E+00        0.0000E+00        1.8610E-02        1.7440E-03
        6.1590E+00        0.0000E+00        2.2240E-02        1.8880E-03
        6.1640E+00        0.0000E+00        1.8350E-02        1.7270E-03
        6.1690E+00        0.0000E+00        1.7180E-02        1.7070E-03
        6.1750E+00        0.0000E+00        1.6920E-02        1.6800E-03
        6.1800E+00        0.0000E+00        1.4580E-02        1.5520E-03
        6.1850E+00        0.0000E+00        1.7050E-02        1.6620E-03
        6.1900E+00        0.0000E+00        1.9710E-02        1.7590E-03
        6.1960E+00        0.0000E+00        2.3270E-02        1.9470E-03
        6.2010E+00        0.0000E+00        2.0840E-02        1.8480E-03
        6.2060E+00        0.0000E+00        2.4860E-02        1.9730E-03
        6.2120E+00        0.0000E+00        2.7170E-02        2.0770E-03
        6.2170E+00        0.0000E+00        3.2180E-02        2.2940E-03
        6.2220E+00        0.0000E+00        4.0680E-02        2.5580E-03
        6.2280E+00        0.0000E+00        4.5550E-02        2.7030E-03
        6.2330E+00        0.0000E+00        4.5280E-02        2.7030E-03
        6.2380E+00        0.0000E+00        4.2840E-02        2.5900E-03
        6.2440E+00        0.0000E+00        4.7180E-02        2.7910E-03
        6.2490E+00        0.0000E+00        5.0670E-02        2.8980E-03
        6.2550E+00        0.0000E+00        4.1060E-02        2.5830E-03
        6.2600E+00        0.0000E+00        4.1590E-02        2.5960E-03
        6.2650E+00        0.0000E+00        4.6280E-02        2.7830E-03
        6.2710E+00        0.0000E+00        4.1830E-02        2.6480E-03
        6.2760E+00        0.0000E+00        4.1320E-02        2.6260E-03
        6.2810E+00        0.0000E+00        3.9760E-02        2.5850E-03
        6.2870E+00        0.0000E+00        3.6420E-02        2.4550E-03
        6.2920E+00        0.0000E+00        3.8560E-02        2.5700E-03
        6.2980E+00        0.0000E+00        3.9090E-02        2.5850E-03
        6.3030E+00        0.0000E+00        3.2310E-02        2.3320E-03
        6.3090E+00        0.0000E+00        4.3200E-02        2.6910E-03
        6.3140E+00        0.0000E+00        3.8630E-02        2.5680E-03
        6.3190E+00        0.0000E+00        3.6770E-02        2.4940E-03
        6.3250E+00        0.0000E+00        3.2360E-02        2.3160E-03
        6.3300E+00        0.0000E+00        3.2550E-02        2.2960E-03
        6.3360E+00        0.0000E+00        2.7560E-02        2.1200E-03
        6.3410E+00        0.0000E+00        2.6040E-02        2.0510E-03
        6.3470E+00        0.0000E+00        2.7180E-02        2.1090E-03
        6.3520E+00        0.0000E+00        2.9310E-02        2.1990E-03
        6.3580E+00        0.0000E+00        2.7210E-02        2.0950E-03
        6.3630E+00        0.0000E+00        3.0040E-02        2.2270E-03
        6.3690E+00        0.0000E+00        2.7070E-02        2.0990E-03
        6.3750E+00        0.0000E+00        2.8180E-02        2.1380E-03
        6.3800E+00        0.0000E+00        2.8170E-02        2.1260E-03
        6.3860E+00        0.0000E+00        2.4970E-02        1.9850E-03
        6.3910E+00        0.0000E+00        2.9560E-02        2.1520E-03
        6.3970E+00        0.0000E+00        3.1620E-02        2.2510E-03
        6.4020E+00        0.0000E+00        3.3450E-02        2.3400E-03
        6.4080E+00        0.0000E+00        3.6640E-02        2.4580E-03
        6.4130E+00        0.0000E+00        3.4670E-02        2.3640E-03
        6.4190E+00        0.0000E+00        4.2970E-02        2.6260E-03
        6.4250E+00        0.0000E+00        3.9010E-02        2.5000E-03
        6.4300E+00        0.0000E+00        3.9210E-02        2.4900E-03
        6.4360E+00        0.0000E+00        4.2680E-02        2.6410E-03
        6.4410E+00        0.0000E+00        4.1430E-02        2.5830E-03
        6.4470E+00        0.0000E+00        3.9340E-02        2.4990E-03
        6.4530E+00        0.0000E+00        2.6420E-02        2.0370E-03
        6.4580E+00        0.0000E+00        3.3590E-02        2.3370E-03
        6.4640E+00        0.0000E+00        2.6760E-02        2.0800E-03
        6.4700E+00        0.0000E+00        2.7080E-02        2.0820E-03
        6.4750E+00        0.0000E+00        2.3300E-02        1.9410E-03
        6.4810E+00        0.0000E+00        2.7740E-02        2.1260E-03
        6.4870E+00        0.0000E+00        3.1790E-02        2.2270E-03
        6.4920E+00        0.0000E+00        2.9460E-02        2.1440E-03
        6.4980E+00        0.0000E+00        3.2400E-02        2.2590E-03
        6.5040E+00        0.0000E+00        3.1340E-02        2.2300E-03
        6.5090E+00        0.0000E+00        2.7550E-02        2.0580E-03
        6.5150E+00        0.0000E+00        2.7520E-02        2.0630E-03
        6.5210E+00        0.0000E+00        2.6300E-02        2.0550E-03
        6.5270E+00        0.0000E+00        2.3590E-02        1.9510E-03
        6.5320E+00        0.0000E+00        2.6030E-02        2.0220E-03
        6.5380E+00        0.0000E+00        2.5140E-02        1.9820E-03
        6.5440E+00        0.0000E+00        2.5210E-02        1.9930E-03
        6.5500E+00        0.0000E+00        2.4230E-02        1.9520E-03
        6.5550E+00        0.0000E+00        1.9980E-02        1.7690E-03
        6.5610E+00        0.0000E+00        2.2030E-02        1.8560E-03
        6.5670E+00        0.0000E+00        2.4830E-02        1.9620E-03
        6.5730E+00        0.0000E+00        2.3930E-02        1.9200E-03
        6.5790E+00        0.0000E+00        2.1680E-02        1.8270E-03
        6.5840E+00        0.0000E+00        2.1990E-02        1.8600E-03
        6.5900E+00        0.0000E+00        2.3880E-02        1.9390E-03
        6.5960E+00        0.0000E+00        2.3500E-02        1.9310E-03
        6.6020E+00        0.0000E+00        2.0860E-02        1.8200E-03
        6.6080E+00        0.0000E+00        1.8640E-02        1.7160E-03
        6.6130E+00        0.0000E+00        2.1360E-02        1.8170E-03
        6.6190E+00        0.0000E+00        2.2930E-02        1.9140E-03
        6.6250E+00        0.0000E+00        2.5440E-02        1.9950E-03
        6.6310E+00        0.0000E+00        2.3820E-02        1.9100E-03
        6.6370E+00        0.0000E+00        2.6180E-02        2.0330E-03
        6.6430E+00        0.0000E+00        2.5650E-02        2.0190E-03
        6.6490E+00        0.0000E+00        2.6360E-02        2.0610E-03
        6.6550E+00        0.0000E+00        2.2460E-02        1.9010E-03
        6.6610E+00        0.0000E+00        1.8400E-02        1.7030E-03
        6.6670E+00        0.0000E+00        1.9990E-02        1.7510E-03
        6.6720E+00        0.0000E+00        2.2460E-02        1.8900E-03
        6.6780E+00        0.0000E+00        2.7140E-02        2.0870E-03
        6.6840E+00        0.0000E+00        2.0460E-02        1.7930E-03
        6.6900E+00        0.0000E+00        2.1610E-02        1.8690E-03
        6.6960E+00        0.0000E+00        2.2660E-02        1.8990E-03
        6.7020E+00        0.0000E+00        2.1620E-02        1.8510E-03
        6.7080E+00        0.0000E+00        2.0190E-02        1.7930E-03
        6.7140E+00        0.0000E+00        2.2220E-02        1.8640E-03
        6.7200E+00        0.0000E+00        2.0970E-02        1.8370E-03
        6.7260E+00        0.0000E+00        2.1890E-02        1.8710E-03
        6.7320E+00        0.0000E+00        2.2440E-02        1.8790E-03
        6.7380E+00        0.0000E+00        2.4770E-02        1.9810E-03
        6.7440E+00        0.0000E+00        2.7120E-02        2.0880E-03
        6.7500E+00        0.0000E+00        2.5780E-02        2.0260E-03
        6.7560E+00        0.0000E+00        2.4890E-02        1.9710E-03
        6.7620E+00        0.0000E+00        2.7850E-02        2.0470E-03
        6.7680E+00        0.0000E+00        2.6250E-02        2.0080E-03
        6.7740E+00        0.0000E+00        2.4850E-02        1.9370E-03
        6.7810E+00        0.0000E+00        3.0530E-02        2.1950E-03
        6.7860E+00        0.0000E+00        2.2380E-02        1.8650E-03
        6.7930E+00        0.0000E+00        2.6550E-02        2.0300E-03
        6.7990E+00        0.0000E+00        2.3230E-02        1.8870E-03
        6.8050E+00        0.0000E+00        2.3860E-02        1.9440E-03
        6.8110E+00        0.0000E+00        2.2810E-02        1.8800E-03
        6.8170E+00        0.0000E+00        2.5100E-02        1.9870E-03
        6.8230E+00        0.0000E+00        2.2230E-02        1.8590E-03
        6.8290E+00        0.0000E+00        2.3020E-02        1.9030E-03
        6.8350E+00        0.0000E+00        2.2710E-02        1.9020E-03
        6.8420E+00        0.0000E+00        2.1470E-02        1.8340E-03
        6.8480E+00        0.0000E+00        1.9520E-02        1.7410E-03
        6.8540E+00        0.0000E+00        2.2910E-02        1.8650E-03
        6.8600E+00        0.0000E+00        2.5200E-02        1.9980E-03
        6.8660E+00        0.0000E+00        2.1960E-02        1.8540E-03
        6.8730E+00        0.0000E+00        1.9510E-02        1.7380E-03
        6.8790E+00        0.0000E+00        1.9150E-02        1.7240E-03
        6.8850E+00        0.0000E+00        2.3660E-02        1.9400E-03
        6.8910E+00        0.0000E+00        2.1830E-02        1.8380E-03
        6.8970E+00        0.0000E+00        2.1860E-02        1.8350E-03
        6.9040E+00        0.0000E+00        2.1260E-02        1.8230E-03
        6.9100E+00        0.0000E+00        1.9770E-02        1.7450E-03
        6.9160E+00        0.0000E+00        2.2970E-02        1.8700E-03
        6.9220E+00        0.0000E+00        2.3690E-02        1.9020E-03
        6.9290E+00        0.0000E+00        2.5210E-02        1.9710E-03
        6.9350E+00        0.0000E+00        1.8410E-02        1.7210E-03
        6.9410E+00        0.0000E+00        2.5440E-02        1.9930E-03
        6.9480E+00        0.0000E+00        2.1210E-02        1.7810E-03
        6.9540E+00        0.0000E+00        2.4040E-02        1.9380E-03
        6.9600E+00        0.0000E+00        2.4840E-02        1.9790E-03
        6.9670E+00        0.0000E+00        2.4750E-02        1.9550E-03
        6.9730E+00        0.0000E+00        2.6190E-02        2.0060E-03
        6.9790E+00        0.0000E+00        2.9710E-02        2.1490E-03
        6.9860E+00        0.0000E+00        2.6660E-02        2.0550E-03
        6.9920E+00        0.0000E+00        2.6600E-02        2.0130E-03
        6.9980E+00        0.0000E+00        3.3330E-02        2.2450E-03
        7.0050E+00        0.0000E+00        2.8730E-02        2.0780E-03
        7.0110E+00        0.0000E+00        3.1580E-02        2.1830E-03
        7.0170E+00        0.0000E+00        3.1840E-02        2.2040E-03
        7.0240E+00        0.0000E+00        3.0780E-02        2.1570E-03
        7.0300E+00        0.0000E+00        3.4380E-02        2.3230E-03
        7.0370E+00        0.0000E+00        2.8400E-02        2.0890E-03
        7.0430E+00        0.0000E+00        3.2770E-02        2.2320E-03
        7.0490E+00        0.0000E+00        3.7500E-02        2.4140E-03
        7.0560E+00        0.0000E+00        3.1140E-02        2.1970E-03
        7.0620E+00        0.0000E+00        2.9440E-02        2.1270E-03
        7.0690E+00        0.0000E+00        3.3140E-02        2.2270E-03
        7.0750E+00        0.0000E+00        3.3540E-02        2.2510E-03
        7.0820E+00        0.0000E+00        3.5820E-02        2.3290E-03
        7.0880E+00        0.0000E+00        3.0950E-02        2.1650E-03
        7.0950E+00        0.0000E+00        3.1460E-02        2.1690E-03
        7.1010E+00        0.0000E+00        3.5840E-02        2.3440E-03
        7.1080E+00        0.0000E+00        3.4690E-02        2.2990E-03
        7.1140E+00        0.0000E+00        3.2470E-02        2.2280E-03
        7.1210E+00        0.0000E+00        2.9320E-02        2.1120E-03
        7.1270E+00        0.0000E+00        3.2240E-02        2.2210E-03
        7.1340E+00        0.0000E+00        2.9130E-02        2.1290E-03
        7.1410E+00        0.0000E+00        3.1190E-02        2.1810E-03
        7.1470E+00        0.0000E+00        2.8530E-02        2.0840E-03
        7.1540E+00        0.0000E+00        2.9080E-02        2.0940E-03
        7.1600E+00        0.0000E+00        3.0750E-02        2.1820E-03
        7.1670E+00        0.0000E+00        3.1020E-02        2.2030E-03
        7.1730E+00        0.0000E+00        3.7060E-02        2.4030E-03
        7.1800E+00        0.0000E+00        3.4960E-02        2.3360E-03
        7.1870E+00        0.0000E+00        3.8330E-02        2.4320E-03
        7.1930E+00        0.0000E+00        4.1200E-02        2.5100E-03
        7.2000E+00        0.0000E+00        4.4960E-02        2.6560E-03
        7.2070E+00        0.0000E+00        4.9400E-02        2.8070E-03
        7.2130E+00        0.0000E+00        4.6760E-02        2.7080E-03
        7.2200E+00        0.0000E+00        4.9180E-02        2.7410E-03
        7.2270E+00        0.0000E+00        4.6400E-02        2.6700E-03
        7.2330E+00        0.0000E+00        4.1320E-02        2.5420E-03
        7.2400E+00        0.0000E+00        3.6790E-02        2.3930E-03
        7.2470E+00        0.0000E+00        3.6160E-02        2.3570E-03
        7.2530E+00        0.0000E+00        3.6000E-02        2.3610E-03
        7.2600E+00        0.0000E+00        3.8720E-02        2.4820E-03
        7.2670E+00        0.0000E+00        3.1790E-02        2.2340E-03
        7.2740E+00        0.0000E+00        3.4140E-02        2.3090E-03
        7.2800E+00        0.0000E+00        3.5280E-02        2.3400E-03
        7.2870E+00        0.0000E+00        3.4280E-02        2.3070E-03
        7.2940E+00        0.0000E+00        3.8180E-02        2.4410E-03
        7.3010E+00        0.0000E+00        3.9390E-02        2.4690E-03
        7.3070E+00        0.0000E+00        4.0050E-02        2.5260E-03
        7.3140E+00        0.0000E+00        4.1790E-02        2.6130E-03
        7.3210E+00        0.0000E+00        5.0470E-02        2.8500E-03
        7.3280E+00        0.0000E+00        4.2400E-02        2.6090E-03
        7.3350E+00        0.0000E+00        3.9940E-02        2.5070E-03
        7.3420E+00        0.0000E+00        4.4710E-02        2.6700E-03
        7.3490E+00        0.0000E+00        3.7930E-02        2.4840E-03
        7.3550E+00        0.0000E+00        3.5750E-02        2.4090E-03
        7.3620E+00        0.0000E+00        3.7220E-02        2.4240E-03
        7.3690E+00        0.0000E+00        3.7490E-02        2.4450E-03
        7.3760E+00        0.0000E+00        3.7090E-02        2.4320E-03
        7.3830E+00        0.0000E+00        3.6410E-02        2.4170E-03
        7.3900E+00        0.0000E+00        3.2900E-02        2.2790E-03
        7.3970E+00        0.0000E+00        3.7360E-02        2.4320E-03
        7.4040E+00        0.0000E+00        3.7260E-02        2.4470E-03
        7.4110E+00        0.0000E+00        3.9590E-02        2.5040E-03
        7.4180E+00        0.0000E+00        3.6040E-02        2.3860E-03
        7.4250E+00        0.0000E+00        3.6400E-02        2.4520E-03
        7.4320E+00        0.0000E+00        3.9100E-02        2.5200E-03
        7.4390E+00        0.0000E+00        3.7760E-02        2.4530E-03
        7.4460E+00        0.0000E+00        3.6840E-02        2.4070E-03
        7.4530E+00        0.0000E+00        3.9250E-02        2.4570E-03
        7.4600E+00        0.0000E+00        4.3110E-02        2.5970E-03
        7.4670E+00        0.0000E+00        4.1720E-02        2.5480E-03
        7.4740E+00        0.0000E+00        4.3760E-02        2.6290E-03
        7.4810E+00        0.0000E+00        4.5650E-02        2.6930E-03
        7.4880E+00        0.0000E+00        4.5880E-02        2.7270E-03
        7.4950E+00        0.0000E+00        5.0970E-02        2.9300E-03
        7.5020E+00        0.0000E+00        4.3080E-02        2.6150E-03
        7.5090E+00        0.0000E+00        3.8120E-02        2.4190E-03
        7.5160E+00        0.0000E+00        3.9530E-02        2.5040E-03
        7.5230E+00        0.0000E+00        4.0170E-02        2.5010E-03
        7.5300E+00        0.0000E+00        3.7420E-02        2.4150E-03
        7.5370E+00        0.0000E+00        4.0360E-02        2.4830E-03
        7.5440E+00        0.0000E+00        3.8310E-02        2.4150E-03
        7.5520E+00        0.0000E+00        3.9030E-02        2.4560E-03
        7.5590E+00        0.0000E+00        4.6530E-02        2.7060E-03
        7.5660E+00        0.0000E+00        4.2220E-02        2.5620E-03
        7.5730E+00        0.0000E+00        4.0620E-02        2.5330E-03
        7.5800E+00        0.0000E+00        3.9360E-02        2.4890E-03
        7.5870E+00        0.0000E+00        4.6090E-02        2.7020E-03
        7.5940E+00        0.0000E+00        4.9710E-02        2.8130E-03
        7.6020E+00        0.0000E+00        4.0190E-02        2.5020E-03
        7.6090E+00        0.0000E+00        4.6480E-02        2.7390E-03
        7.6160E+00        0.0000E+00        4.6400E-02        2.7110E-03
        7.6230E+00        0.0000E+00        4.8970E-02        2.8190E-03
        7.6310E+00        0.0000E+00        4.7080E-02        2.7310E-03
        7.6380E+00        0.0000E+00        4.5850E-02        2.6710E-03
        7.6450E+00        0.0000E+00        4.4010E-02        2.6120E-03
        7.6530E+00        0.0000E+00        5.2200E-02        2.8720E-03
        7.6600E+00        0.0000E+00        5.1510E-02        2.8610E-03
        7.6670E+00        0.0000E+00        5.3270E-02        2.9370E-03
        7.6740E+00        0.0000E+00        5.4920E-02        3.0070E-03
        7.6820E+00        0.0000E+00        5.5620E-02        2.9940E-03
        7.6890E+00        0.0000E+00        4.9170E-02        2.8190E-03
        7.6960E+00        0.0000E+00        5.0810E-02        2.8520E-03
        7.7040E+00        0.0000E+00        4.6680E-02        2.7110E-03
        7.7110E+00        0.0000E+00        4.9170E-02        2.8190E-03
        7.7190E+00        0.0000E+00        4.5430E-02        2.7210E-03
        7.7260E+00        0.0000E+00        4.5010E-02        2.7080E-03
        7.7330E+00        0.0000E+00        4.3530E-02        2.6740E-03
        7.7410E+00        0.0000E+00        4.0980E-02        2.5840E-03
        7.7480E+00        0.0000E+00        4.3690E-02        2.6210E-03
        7.7560E+00        0.0000E+00        4.3660E-02        2.6520E-03
        7.7630E+00        0.0000E+00        4.3240E-02        2.6680E-03
        7.7710E+00        0.0000E+00        4.2640E-02        2.6730E-03
        7.7780E+00        0.0000E+00        3.7280E-02        2.4660E-03
        7.7850E+00        0.0000E+00        5.0900E-02        2.9030E-03
        7.7930E+00        0.0000E+00        4.1860E-02        2.5980E-03
        7.8000E+00        0.0000E+00        4.3820E-02        2.6380E-03
        7.8080E+00        0.0000E+00        3.9690E-02        2.5450E-03
        7.8150E+00        0.0000E+00        4.7200E-02        2.8190E-03
        7.8230E+00        0.0000E+00        4.6410E-02        2.7990E-03
        7.8300E+00        0.0000E+00        4.7660E-02        2.7890E-03
        7.8380E+00        0.0000E+00        4.6340E-02        2.7270E-03
        7.8460E+00        0.0000E+00        5.1570E-02        2.8910E-03
        7.8530E+00        0.0000E+00        4.8880E-02        2.8370E-03
        7.8610E+00        0.0000E+00        4.5800E-02        2.7360E-03
        7.8680E+00        0.0000E+00        5.0010E-02        2.8690E-03
        7.8760E+00        0.0000E+00        4.5650E-02        2.7320E-03
        7.8840E+00        0.0000E+00        4.5470E-02        2.7410E-03
        7.8910E+00        0.0000E+00        4.7390E-02        2.8360E-03
        7.8990E+00        0.0000E+00        5.0380E-02        2.8710E-03
        7.9060E+00        0.0000E+00        4.6540E-02        2.7540E-03
        7.9140E+00        0.0000E+00        4.9010E-02        2.8580E-03
        7.9220E+00        0.0000E+00        4.4360E-02        2.6960E-03
        7.9290E+00        0.0000E+00        5.0000E-02        2.8740E-03
        7.9370E+00        0.0000E+00        5.0550E-02        2.8920E-03
        7.9450E+00        0.0000E+00        4.6230E-02        2.7420E-03
        7.9530E+00        0.0000E+00        4.6500E-02        2.7420E-03
        7.9600E+00        0.0000E+00        4.5350E-02        2.7150E-03
        7.9680E+00        0.0000E+00        5.0530E-02        2.8730E-03
        7.9760E+00        0.0000E+00        5.1710E-02        2.8820E-03
        7.9840E+00        0.0000E+00        4.3570E-02        2.6360E-03
        7.9910E+00        0.0000E+00        5.1070E-02        2.8950E-03
        7.9990E+00        0.0000E+00        4.9130E-02        2.8240E-03
        8.0070E+00        0.0000E+00        5.4830E-02        3.0360E-03
        8.0150E+00        0.0000E+00        5.1660E-02        2.8840E-03
        8.0230E+00        0.0000E+00        5.0150E-02        2.8220E-03
        8.0300E+00        0.0000E+00        6.1350E-02        3.1510E-03
        8.0380E+00        0.0000E+00        5.4880E-02        3.0010E-03
        8.0460E+00        0.0000E+00        5.3530E-02        2.9420E-03
        8.0540E+00        0.0000E+00        5.8180E-02        3.1180E-03
        8.0620E+00        0.0000E+00        5.6350E-02        3.0810E-03
        8.0700E+00        0.0000E+00        5.7050E-02        3.0950E-03
        8.0780E+00        0.0000E+00        5.5250E-02        3.0060E-03
        8.0860E+00        0.0000E+00        5.5150E-02        3.0120E-03
        8.0940E+00        0.0000E+00        5.8380E-02        3.0960E-03
        8.1010E+00        0.0000E+00        5.9400E-02        3.1320E-03
        8.1090E+00        0.0000E+00        5.5250E-02        3.0100E-03
        8.1170E+00        0.0000E+00        5.6950E-02        3.0190E-03
        8.1250E+00        0.0000E+00        5.8390E-02        3.0540E-03
        8.1330E+00        0.0000E+00        5.8950E-02        3.0580E-03
        8.1410E+00        0.0000E+00        5.5640E-02        3.0370E-03
        8.1490E+00        0.0000E+00        5.5820E-02        3.0540E-03
        8.1570E+00        0.0000E+00        5.4350E-02        2.9910E-03
        8.1650E+00        0.0000E+00        6.0620E-02        3.1970E-03
        8.1730E+00        0.0000E+00        4.7440E-02        2.7800E-03
        8.1810E+00        0.0000E+00        5.4970E-02        3.0050E-03
        8.1890E+00        0.0000E+00        5.3150E-02        2.9270E-03
        8.1980E+00        0.0000E+00        5.3320E-02        2.9600E-03
        8.2060E+00        0.0000E+00        5.8590E-02        3.1460E-03
        8.2140E+00        0.0000E+00        5.0630E-02        2.8950E-03
        8.2220E+00        0.0000E+00        5.8490E-02        3.1050E-03
        8.2300E+00        0.0000E+00        5.3840E-02        2.9380E-03
        8.2380E+00        0.0000E+00        5.0630E-02        2.8480E-03
        8.2460E+00        0.0000E+00        5.4490E-02        2.9450E-03
        8.2550E+00        0.0000E+00        4.6010E-02        2.6960E-03
        8.2630E+00        0.0000E+00        5.8210E-02        3.0690E-03
        8.2710E+00        0.0000E+00        5.1070E-02        2.9030E-03
        8.2790E+00        0.0000E+00        4.2450E-02        2.5730E-03
        8.2870E+00        0.0000E+00        4.5740E-02        2.7000E-03
        8.2950E+00        0.0000E+00        4.4280E-02        2.6290E-03
        8.3040E+00        0.0000E+00        4.8320E-02        2.7590E-03
        8.3120E+00        0.0000E+00        4.7960E-02        2.7970E-03
        8.3200E+00        0.0000E+00        4.9320E-02        2.9000E-03
        8.3280E+00        0.0000E+00        4.9670E-02        2.8860E-03
        8.3370E+00        0.0000E+00        4.4740E-02        2.7030E-03
        8.3450E+00        0.0000E+00        4.7580E-02        2.7830E-03
        8.3530E+00        0.0000E+00        4.5390E-02        2.6760E-03
        8.3620E+00        0.0000E+00        4.7880E-02        2.7860E-03
        8.3700E+00        0.0000E+00        4.5260E-02        2.7040E-03
        8.3780E+00        0.0000E+00        5.0700E-02        2.8670E-03
        8.3870E+00        0.0000E+00        5.0810E-02        2.9150E-03
        8.3950E+00        0.0000E+00        5.8280E-02        3.1390E-03
        8.4030E+00        0.0000E+00        5.6690E-02        3.0980E-03
        8.4120E+00        0.0000E+00        5.1660E-02        2.9040E-03
        8.4200E+00        0.0000E+00        5.2780E-02        2.9240E-03
        8.4290E+00        0.0000E+00        5.2190E-02        2.8900E-03
        8.4370E+00        0.0000E+00        5.2970E-02        2.9310E-03
        8.4460E+00        0.0000E+00        5.4630E-02        2.9680E-03
        8.4540E+00        0.0000E+00        4.9730E-02        2.8510E-03
        8.4630E+00        0.0000E+00        5.0900E-02        2.9080E-03
        8.4710E+00        0.0000E+00        5.1420E-02        2.9180E-03
        8.4790E+00        0.0000E+00        4.6490E-02        2.7730E-03
        8.4880E+00        0.0000E+00        5.1780E-02        2.9180E-03
        8.4970E+00        0.0000E+00        5.0400E-02        2.8620E-03
        8.5050E+00        0.0000E+00        5.4610E-02        2.9760E-03
        8.5140E+00        0.0000E+00        4.7970E-02        2.7670E-03
        8.5220E+00        0.0000E+00        5.1530E-02        2.8770E-03
        8.5310E+00        0.0000E+00        4.6150E-02        2.7270E-03
        8.5390E+00        0.0000E+00        5.2180E-02        2.9320E-03
        8.5480E+00        0.0000E+00        4.6840E-02        2.7500E-03
        8.5570E+00        0.0000E+00        4.8210E-02        2.8000E-03
        8.5650E+00        0.0000E+00        5.1540E-02        2.9120E-03
        8.5740E+00        0.0000E+00        4.7160E-02        2.7440E-03
        8.5830E+00        0.0000E+00        4.6080E-02        2.7120E-03
        8.5910E+00        0.0000E+00        4.7060E-02        2.7570E-03
        8.6000E+00        0.0000E+00        5.1370E-02        2.8910E-03
        8.6090E+00        0.0000E+00        5.0520E-02        2.8920E-03
        8.6170E+00        0.0000E+00        5.3850E-02        2.9830E-03
        8.6260E+00        0.0000E+00        5.3320E-02        2.9650E-03
        8.6350E+00        0.0000E+00        5.3420E-02        2.9540E-03
        8.6440E+00        0.0000E+00        6.1720E-02        3.2350E-03
        8.6520E+00        0.0000E+00        5.0750E-02        2.9410E-03
        8.6610E+00        0.0000E+00        5.2710E-02        2.9350E-03
        8.6700E+00        0.0000E+00        5.3050E-02        2.9310E-03
        8.6790E+00        0.0000E+00        5.1170E-02        2.8990E-03
        8.6880E+00        0.0000E+00        5.2470E-02        2.9110E-03
        8.6960E+00        0.0000E+00        5.2600E-02        2.9490E-03
        8.7050E+00        0.0000E+00        6.1020E-02        3.2140E-03
        8.7140E+00        0.0000E+00        6.1300E-02        3.2210E-03
        8.7230E+00        0.0000E+00        5.3670E-02        2.9700E-03
        8.7320E+00        0.0000E+00        5.6920E-02        3.1130E-03
        8.7410E+00        0.0000E+00        6.0740E-02        3.1910E-03
        8.7500E+00        0.0000E+00        5.4970E-02        2.9910E-03
        8.7590E+00        0.0000E+00        6.3150E-02        3.2640E-03
        8.7670E+00        0.0000E+00        6.7340E-02        3.4190E-03
        8.7760E+00        0.0000E+00        6.4200E-02        3.3360E-03
        8.7850E+00        0.0000E+00        6.5290E-02        3.3310E-03
        8.7940E+00        0.0000E+00        6.2280E-02        3.2490E-03
        8.8030E+00        0.0000E+00        6.4440E-02        3.3070E-03
        8.8120E+00        0.0000E+00        6.2060E-02        3.2540E-03
        8.8210E+00        0.0000E+00        6.8720E-02        3.4070E-03
        8.8300E+00        0.0000E+00        6.2980E-02        3.2350E-03
        8.8390E+00        0.0000E+00        6.6620E-02        3.3650E-03
        8.8490E+00        0.0000E+00        6.6380E-02        3.3260E-03
        8.8580E+00        0.0000E+00        5.8470E-02        3.1030E-03
        8.8670E+00        0.0000E+00        6.2010E-02        3.2320E-03
        8.8760E+00        0.0000E+00        5.9410E-02        3.1520E-03
        8.8850E+00        0.0000E+00        5.9020E-02        3.1180E-03
        8.8940E+00        0.0000E+00        6.5810E-02        3.3260E-03
        8.9030E+00        0.0000E+00        5.9470E-02        3.1580E-03
        8.9120E+00        0.0000E+00        5.6710E-02        3.0350E-03
        8.9220E+00        0.0000E+00        6.1860E-02        3.2130E-03
        8.9310E+00        0.0000E+00        6.1820E-02        3.1960E-03
        8.9400E+00        0.0000E+00        6.6310E-02        3.3380E-03
        8.9490E+00        0.0000E+00        5.9540E-02        3.1530E-03
        8.9580E+00        0.0000E+00        6.0840E-02        3.1730E-03
        8.9680E+00        0.0000E+00        6.0920E-02        3.1690E-03
        8.9770E+00        0.0000E+00        5.4880E-02        3.0140E-03
        8.9860E+00        0.0000E+00        6.2710E-02        3.2470E-03
        8.9950E+00        0.0000E+00        6.3880E-02        3.2950E-03
        9.0050E+00        0.0000E+00        5.9070E-02        3.1700E-03
        9.0140E+00        0.0000E+00        6.3110E-02        3.3310E-03
        9.0230E+00        0.0000E+00        5.9090E-02        3.2010E-03
        9.0330E+00        0.0000E+00        5.7790E-02        3.1130E-03
        9.0420E+00        0.0000E+00        5.5410E-02        3.0460E-03
        9.0520E+00        0.0000E+00        6.0030E-02        3.2110E-03
        9.0610E+00        0.0000E+00        6.5630E-02        3.4030E-03
        9.0700E+00        0.0000E+00        5.6280E-02        3.1390E-03
        9.0800E+00        0.0000E+00        6.6480E-02        3.4210E-03
        9.0890E+00        0.0000E+00        6.3280E-02        3.2850E-03
        9.0990E+00        0.0000E+00        6.6860E-02        3.4160E-03
        9.1080E+00        0.0000E+00        6.1100E-02        3.2640E-03
        9.1180E+00        0.0000E+00        6.2600E-02        3.3040E-03
        9.1270E+00        0.0000E+00        6.6360E-02        3.3710E-03
        9.1370E+00        0.0000E+00        6.6230E-02        3.3930E-03
        9.1460E+00        0.0000E+00        6.2690E-02        3.2860E-03
        9.1560E+00        0.0000E+00        6.8280E-02        3.5030E-03
        9.1650E+00        0.0000E+00        6.8190E-02        3.5050E-03
        9.1750E+00        0.0000E+00        6.7110E-02        3.4360E-03
        9.1840E+00        0.0000E+00        6.7900E-02        3.4660E-03
        9.1940E+00        0.0000E+00        6.2820E-02        3.2980E-03
        9.2040E+00        0.0000E+00        5.8440E-02        3.1600E-03
        9.2130E+00        0.0000E+00        6.2360E-02        3.2930E-03
        9.2230E+00        0.0000E+00        6.4070E-02        3.3730E-03
        9.2330E+00        0.0000E+00        6.1460E-02        3.2760E-03
        9.2420E+00        0.0000E+00        6.2300E-02        3.2910E-03
        9.2520E+00        0.0000E+00        6.8180E-02        3.4820E-03
        9.2620E+00        0.0000E+00        5.8740E-02        3.2590E-03
        9.2710E+00        0.0000E+00        6.6290E-02        3.4600E-03
        9.2810E+00        0.0000E+00        6.5500E-02        3.4100E-03
        9.2910E+00        0.0000E+00        6.9930E-02        3.5910E-03
        9.3010E+00        0.0000E+00        6.9420E-02        3.5830E-03
        9.3100E+00        0.0000E+00        7.0820E-02        3.5790E-03
        9.3200E+00        0.0000E+00        6.8090E-02        3.4910E-03
        9.3300E+00        0.0000E+00        6.8400E-02        3.4820E-03
        9.3400E+00        0.0000E+00        6.5210E-02        3.3710E-03
        9.3500E+00        0.0000E+00        6.2230E-02        3.2990E-03
        9.3590E+00        0.0000E+00        7.0610E-02        3.5620E-03
        9.3690E+00        0.0000E+00        6.5000E-02        3.4260E-03
        9.3790E+00        0.0000E+00        7.0980E-02        3.6280E-03
        9.3890E+00        0.0000E+00        6.6910E-02        3.4580E-03
        9.3990E+00        0.0000E+00        6.2850E-02        3.3200E-03
        9.4090E+00        0.0000E+00        6.7800E-02        3.4800E-03
        9.4190E+00        0.0000E+00        6.4750E-02        3.3990E-03
        9.4290E+00        0.0000E+00        6.2030E-02        3.2790E-03
        9.4390E+00        0.0000E+00        7.0360E-02        3.5150E-03
        9.4490E+00        0.0000E+00        6.9940E-02        3.5230E-03
        9.4590E+00        0.0000E+00        7.1540E-02        3.5880E-03
        9.4690E+00        0.0000E+00        7.3600E-02        3.6850E-03
        9.4790E+00        0.0000E+00        6.7970E-02        3.5090E-03
        9.4890E+00        0.0000E+00        7.2480E-02        3.6240E-03
        9.4990E+00        0.0000E+00        7.0390E-02        3.5710E-03
        9.5090E+00        0.0000E+00        6.9870E-02        3.5770E-03
        9.5190E+00        0.0000E+00        8.3320E-02        3.9270E-03
        9.5300E+00        0.0000E+00        7.0680E-02        3.5750E-03
        9.5400E+00        0.0000E+00        7.6910E-02        3.7950E-03
        9.5500E+00        0.0000E+00        6.9490E-02        3.5270E-03
        9.5600E+00        0.0000E+00        7.2740E-02        3.6110E-03
        9.5700E+00        0.0000E+00        6.9140E-02        3.5340E-03
        9.5810E+00        0.0000E+00        7.2580E-02        3.6420E-03
        9.5910E+00        0.0000E+00        7.2200E-02        3.5820E-03
        9.6010E+00        0.0000E+00        7.5260E-02        3.7130E-03
        9.6110E+00        0.0000E+00        7.2870E-02        3.6480E-03
        9.6220E+00        0.0000E+00        6.7700E-02        3.4690E-03
        9.6320E+00        0.0000E+00        7.6640E-02        3.7280E-03
        9.6420E+00        0.0000E+00        7.2790E-02        3.6820E-03
        9.6530E+00        0.0000E+00        7.6050E-02        3.7240E-03
        9.6630E+00        0.0000E+00        7.6530E-02        3.7260E-03
        9.6730E+00        0.0000E+00        8.0860E-02        3.8840E-03
        9.6840E+00        0.0000E+00        8.6410E-02        4.0200E-03
        9.6940E+00        0.0000E+00        8.6820E-02        4.0200E-03
        9.7050E+00        0.0000E+00        7.5470E-02        3.7330E-03
        9.7150E+00        0.0000E+00        7.6940E-02        3.7780E-03
        9.7250E+00        0.0000E+00        7.8220E-02        3.8090E-03
        9.7360E+00        0.0000E+00        8.4300E-02        3.9980E-03
        9.7460E+00        0.0000E+00        9.3090E-02        4.2640E-03
        9.7570E+00        0.0000E+00        7.7960E-02        3.8560E-03
        9.7670E+00        0.0000E+00        8.0520E-02        3.8290E-03
        9.7780E+00        0.0000E+00        8.1980E-02        3.9000E-03
        9.7880E+00        0.0000E+00        7.7520E-02        3.8180E-03
        9.7990E+00        0.0000E+00        9.0130E-02        4.1760E-03
        9.8100E+00        0.0000E+00        8.7550E-02        4.1130E-03
        9.8200E+00        0.0000E+00        8.1910E-02        3.8790E-03
        9.8310E+00        0.0000E+00        8.5820E-02        4.0740E-03
        9.8410E+00        0.0000E+00        8.5080E-02        4.0570E-03
        9.8520E+00        0.0000E+00        8.1390E-02        3.9300E-03
        9.8630E+00        0.0000E+00        8.4860E-02        4.0570E-03
        9.8730E+00        0.0000E+00        7.8180E-02        3.7990E-03
        9.8840E+00        0.0000E+00        8.4860E-02        3.9380E-03
        9.8950E+00        0.0000E+00        7.1320E-02        3.5980E-03
        9.9060E+00        0.0000E+00        7.3330E-02        3.6690E-03
        9.9160E+00        0.0000E+00        8.3800E-02        3.9530E-03
        9.9270E+00        0.0000E+00        7.4060E-02        3.6690E-03
        9.9380E+00        0.0000E+00        7.5700E-02        3.6760E-03
        9.9490E+00        0.0000E+00        7.7530E-02        3.7990E-03
        9.9600E+00        0.0000E+00        8.2460E-02        3.9480E-03
        9.9700E+00        0.0000E+00        8.0380E-02        3.9010E-03
        9.9810E+00        0.0000E+00        8.2270E-02        4.0000E-03
        9.9920E+00        0.0000E+00        8.1000E-02        3.9060E-03
        1.0000E+01        0.0000E+00        7.1730E-02        3.6040E-03
        1.0010E+01        0.0000E+00        7.2790E-02        3.6610E-03
        1.0020E+01        0.0000E+00        7.1860E-02        3.6490E-03
        1.0040E+01        0.0000E+00        7.8870E-02        3.8640E-03
        1.0050E+01        0.0000E+00        8.0660E-02        3.8780E-03
        1.0060E+01        0.0000E+00        7.7310E-02        3.8540E-03
        1.0070E+01        0.0000E+00        7.6540E-02        3.8630E-03
        1.0080E+01        0.0000E+00        8.1550E-02        3.9530E-03
        1.0090E+01        0.0000E+00        8.3810E-02        4.0380E-03
        1.0100E+01        0.0000E+00        8.2800E-02        4.0460E-03
        1.0110E+01        0.0000E+00        8.5250E-02        4.0740E-03
        1.0120E+01        0.0000E+00        7.8440E-02        3.8320E-03
        1.0140E+01        0.0000E+00        8.0600E-02        3.8910E-03
        1.0150E+01        0.0000E+00        8.2120E-02        3.9090E-03
        1.0160E+01        0.0000E+00        7.8610E-02        3.8840E-03
        1.0170E+01        0.0000E+00        7.8740E-02        3.9150E-03
        1.0180E+01        0.0000E+00        8.0610E-02        3.9190E-03
        1.0190E+01        0.0000E+00        7.6950E-02        3.7680E-03
        1.0200E+01        0.0000E+00        7.8460E-02        3.8120E-03
        1.0210E+01        0.0000E+00        8.4270E-02        4.0460E-03
        1.0230E+01        0.0000E+00        8.3020E-02        4.0320E-03
        1.0240E+01        0.0000E+00        7.9090E-02        3.8800E-03
        1.0250E+01        0.0000E+00        7.8790E-02        3.8580E-03
        1.0260E+01        0.0000E+00        8.6550E-02        4.1270E-03
        1.0270E+01        0.0000E+00        8.3000E-02        4.0810E-03
        1.0280E+01        0.0000E+00        8.3580E-02        4.0350E-03
        1.0290E+01        0.0000E+00        8.1110E-02        3.9580E-03
        1.0300E+01        0.0000E+00        8.1650E-02        4.0090E-03
        1.0320E+01        0.0000E+00        8.0150E-02        3.9160E-03
        1.0330E+01        0.0000E+00        7.7500E-02        3.8520E-03
        1.0340E+01        0.0000E+00        8.8340E-02        4.1240E-03
        1.0350E+01        0.0000E+00        8.0380E-02        3.8910E-03
        1.0360E+01        0.0000E+00        8.5250E-02        4.0800E-03
        1.0370E+01        0.0000E+00        8.7840E-02        4.1260E-03
        1.0390E+01        0.0000E+00        7.8410E-02        3.8520E-03
        1.0400E+01        0.0000E+00        8.5920E-02        4.0520E-03
        1.0410E+01        0.0000E+00        8.4570E-02        4.0450E-03
        1.0420E+01        0.0000E+00        8.6000E-02        4.1330E-03
        1.0430E+01        0.0000E+00        9.0730E-02        4.2040E-03
        1.0440E+01        0.0000E+00        8.5410E-02        4.0470E-03
        1.0450E+01        0.0000E+00        8.5900E-02        4.1440E-03
        1.0470E+01        0.0000E+00        8.2470E-02        4.0230E-03
        1.0480E+01        0.0000E+00        9.2360E-02        4.2800E-03
        1.0490E+01        0.0000E+00        8.6660E-02        4.1470E-03
        1.0500E+01        0.0000E+00        8.2270E-02        3.9860E-03
        1.0510E+01        0.0000E+00        8.7620E-02        4.1750E-03
        1.0520E+01        0.0000E+00        8.7670E-02        4.1630E-03
        1.0540E+01        0.0000E+00        8.8110E-02        4.1720E-03
        1.0550E+01        0.0000E+00        9.1520E-02        4.2460E-03
        1.0560E+01        0.0000E+00        8.9030E-02        4.1530E-03
        1.0570E+01        0.0000E+00        9.0820E-02        4.2520E-03
        1.0580E+01        0.0000E+00        9.6780E-02        4.4990E-03
        1.0600E+01        0.0000E+00        8.6660E-02        4.1960E-03
        1.0610E+01        0.0000E+00        9.0420E-02        4.2350E-03
        1.0620E+01        0.0000E+00        9.0630E-02        4.2850E-03
        1.0630E+01        0.0000E+00        9.5690E-02        4.4730E-03
        1.0640E+01        0.0000E+00        8.9500E-02        4.1970E-03
        1.0660E+01        0.0000E+00        8.6300E-02        4.1150E-03
        1.0670E+01        0.0000E+00        8.7950E-02        4.2140E-03
        1.0680E+01        0.0000E+00        8.9130E-02        4.2320E-03
        1.0690E+01        0.0000E+00        8.8980E-02        4.1890E-03
        1.0700E+01        0.0000E+00        9.3400E-02        4.3440E-03
        1.0720E+01        0.0000E+00        8.4900E-02        4.1620E-03
        1.0730E+01        0.0000E+00        8.6250E-02        4.1790E-03
        1.0740E+01        0.0000E+00        9.1920E-02        4.3300E-03
        1.0750E+01        0.0000E+00        8.3790E-02        4.0330E-03
        1.0760E+01        0.0000E+00        8.8590E-02        4.1270E-03
        1.0780E+01        0.0000E+00        8.2470E-02        4.0460E-03
        1.0790E+01        0.0000E+00        8.9760E-02        4.2740E-03
        1.0800E+01        0.0000E+00        8.6770E-02        4.1300E-03
        1.0810E+01        0.0000E+00        8.5250E-02        4.0330E-03
        1.0830E+01        0.0000E+00        8.6100E-02        4.1630E-03
        1.0840E+01        0.0000E+00        9.1180E-02        4.3920E-03
        1.0850E+01        0.0000E+00        7.9690E-02        4.0830E-03
        1.0860E+01        0.0000E+00        9.8990E-02        4.5160E-03
        1.0880E+01        0.0000E+00        9.2550E-02        4.3770E-03
        1.0890E+01        0.0000E+00        9.4340E-02        4.4400E-03
        1.0900E+01        0.0000E+00        9.0810E-02        4.3470E-03
        1.0910E+01        0.0000E+00        8.6330E-02        4.1750E-03
        1.0930E+01        0.0000E+00        8.0520E-02        3.9400E-03
        1.0940E+01        0.0000E+00        8.1470E-02        4.0260E-03
        1.0950E+01        0.0000E+00        8.3070E-02        4.1060E-03
        1.0960E+01        0.0000E+00        8.3910E-02        4.1190E-03
        1.0980E+01        0.0000E+00        8.6110E-02        4.1790E-03
        1.0990E+01        0.0000E+00        8.4800E-02        4.1610E-03
        1.1000E+01        0.0000E+00        8.4660E-02        4.1010E-03
