# entry-subent-pointer  : 41369-025-0 
# EXFOR reaction        : (94-PU-239(N,F),,SIG,,SDT) 
# incident energy       : 4.6000e-08 MeV - 2.6923e-02 MeV 
# target                : Pu-239 
# product               : - 
# level energy          : - 
# MF-MT number          : 3 - 18 
# first author          : Gerasimov 
# institute             : (4RUSKUR): National Issl.Tsentr "Kurchatovskii Institut", Moskva 
# reference             : ((S,ISINN-5,348,199705)=(S,JINR-E3-97-213,348,199705)) 
# year                  : 1997 
# facility              : (LINAC): Linear accelerator 
# git                   : https://github.com/IAEA-NDS/exfor_master/blob/main/exforall/413/41369.x4 
# nds                   : https://nds.iaea.org/EXFOR/41369
#
#       E_in(MeV)         dE_in(MeV)        XS(B)             dXS(B)
        4.6000E-08        0.0000E+00        5.8500E+02        0.0000E+00
        4.8000E-08        0.0000E+00        5.9400E+02        0.0000E+00
        5.1000E-08        0.0000E+00        5.7200E+02        0.0000E+00
        5.4000E-08        0.0000E+00        5.7400E+02        0.0000E+00
        5.7000E-08        0.0000E+00        5.8300E+02        0.0000E+00
        6.0000E-08        0.0000E+00        5.4500E+02        0.0000E+00
        6.4000E-08        0.0000E+00        5.1500E+02        0.0000E+00
        6.9000E-08        0.0000E+00        5.3500E+02        0.0000E+00
        7.4000E-08        0.0000E+00        5.3400E+02        0.0000E+00
        7.9000E-08        0.0000E+00        5.5200E+02        0.0000E+00
        8.3000E-08        0.0000E+00        5.6500E+02        0.0000E+00
        8.6000E-08        0.0000E+00        6.0300E+02        0.0000E+00
        8.9000E-08        0.0000E+00        5.6800E+02        0.0000E+00
        9.2000E-08        0.0000E+00        5.9200E+02        0.0000E+00
        9.7000E-08        0.0000E+00        6.2000E+02        0.0000E+00
        1.0100E-07        0.0000E+00        6.0900E+02        0.0000E+00
        1.0200E-07        0.0000E+00        6.2900E+02        0.0000E+00
        1.0400E-07        0.0000E+00        6.5900E+02        0.0000E+00
        1.0700E-07        0.0000E+00        6.4000E+02        0.0000E+00
        1.1000E-07        0.0000E+00        6.6800E+02        0.0000E+00
        1.1200E-07        0.0000E+00        7.0000E+02        0.0000E+00
        1.1500E-07        0.0000E+00        7.2100E+02        0.0000E+00
        1.1900E-07        0.0000E+00        7.4400E+02        0.0000E+00
        1.2200E-07        0.0000E+00        7.3400E+02        0.0000E+00
        1.2400E-07        0.0000E+00        7.6400E+02        0.0000E+00
        1.2600E-07        0.0000E+00        7.6900E+02        0.0000E+00
        1.2900E-07        0.0000E+00        8.0500E+02        0.0000E+00
        1.3200E-07        0.0000E+00        8.3300E+02        0.0000E+00
        1.3500E-07        0.0000E+00        8.6100E+02        0.0000E+00
        1.4000E-07        0.0000E+00        8.8100E+02        0.0000E+00
        1.4400E-07        0.0000E+00        9.1200E+02        0.0000E+00
        1.4700E-07        0.0000E+00        9.3900E+02        0.0000E+00
        1.5100E-07        0.0000E+00        9.7500E+02        0.0000E+00
        1.5400E-07        0.0000E+00        1.0120E+03        0.0000E+00
        1.5800E-07        0.0000E+00        1.0140E+03        0.0000E+00
        1.6100E-07        0.0000E+00        1.0690E+03        0.0000E+00
        1.6600E-07        0.0000E+00        1.1280E+03        0.0000E+00
        1.7100E-07        0.0000E+00        1.1610E+03        0.0000E+00
        1.7600E-07        0.0000E+00        1.2060E+03        0.0000E+00
        1.8000E-07        0.0000E+00        1.2320E+03        0.0000E+00
        1.8700E-07        0.0000E+00        1.3000E+03        0.0000E+00
        1.9300E-07        0.0000E+00        1.2970E+03        0.0000E+00
        1.9700E-07        0.0000E+00        1.3830E+03        0.0000E+00
        2.0400E-07        0.0000E+00        1.3810E+03        0.0000E+00
        2.0800E-07        0.0000E+00        1.4380E+03        0.0000E+00
        2.1900E-07        0.0000E+00        1.4590E+03        0.0000E+00
        2.2400E-07        0.0000E+00        1.5080E+03        0.0000E+00
        2.3600E-07        0.0000E+00        1.5660E+03        0.0000E+00
        2.4900E-07        0.0000E+00        1.5700E+03        0.0000E+00
        2.6100E-07        0.0000E+00        1.5920E+03        0.0000E+00
        2.7300E-07        0.0000E+00        1.6010E+03        0.0000E+00
        2.8500E-07        0.0000E+00        1.5910E+03        0.0000E+00
        2.9700E-07        0.0000E+00        1.5870E+03        0.0000E+00
        3.0500E-07        0.0000E+00        1.5450E+03        0.0000E+00
        3.1800E-07        0.0000E+00        1.5050E+03        0.0000E+00
        3.2700E-07        0.0000E+00        1.4480E+03        0.0000E+00
        3.4500E-07        0.0000E+00        1.3720E+03        0.0000E+00
        3.5600E-07        0.0000E+00        1.3200E+03        0.0000E+00
        3.6300E-07        0.0000E+00        1.2800E+03        0.0000E+00
        3.7300E-07        0.0000E+00        1.2460E+03        0.0000E+00
        3.8200E-07        0.0000E+00        1.1980E+03        0.0000E+00
        3.9000E-07        0.0000E+00        1.1160E+03        0.0000E+00
        4.0200E-07        0.0000E+00        1.0400E+03        0.0000E+00
        4.1200E-07        0.0000E+00        9.9300E+02        0.0000E+00
        4.2300E-07        0.0000E+00        9.1400E+02        0.0000E+00
        4.3500E-07        0.0000E+00        8.4800E+02        0.0000E+00
        4.4500E-07        0.0000E+00        7.9100E+02        0.0000E+00
        4.6100E-07        0.0000E+00        7.3400E+02        0.0000E+00
        4.7500E-07        0.0000E+00        6.6200E+02        0.0000E+00
        4.8900E-07        0.0000E+00        5.9600E+02        0.0000E+00
        5.0400E-07        0.0000E+00        5.5100E+02        0.0000E+00
        5.1800E-07        0.0000E+00        5.0100E+02        0.0000E+00
        5.3500E-07        0.0000E+00        4.4300E+02        0.0000E+00
        5.5000E-07        0.0000E+00        4.0500E+02        0.0000E+00
        5.6200E-07        0.0000E+00        3.7700E+02        0.0000E+00
        5.7400E-07        0.0000E+00        3.5200E+02        0.0000E+00
        5.8800E-07        0.0000E+00        3.3000E+02        0.0000E+00
        6.0100E-07        0.0000E+00        3.0000E+02        0.0000E+00
        6.1000E-07        0.0000E+00        2.8000E+02        0.0000E+00
        6.2200E-07        0.0000E+00        2.6200E+02        0.0000E+00
        6.3900E-07        0.0000E+00        2.4900E+02        0.0000E+00
        6.4900E-07        0.0000E+00        2.3100E+02        0.0000E+00
        6.6600E-07        0.0000E+00        2.2000E+02        0.0000E+00
        6.7900E-07        0.0000E+00        2.1000E+02        0.0000E+00
        6.9200E-07        0.0000E+00        1.9800E+02        0.0000E+00
        7.0400E-07        0.0000E+00        1.8800E+02        0.0000E+00
        7.1500E-07        0.0000E+00        1.7900E+02        0.0000E+00
        7.3500E-07        0.0000E+00        1.6900E+02        0.0000E+00
        7.4600E-07        0.0000E+00        1.6400E+02        0.0000E+00
        7.5700E-07        0.0000E+00        1.5800E+02        0.0000E+00
        7.6800E-07        0.0000E+00        1.5300E+02        0.0000E+00
        7.7800E-07        0.0000E+00        1.4800E+02        0.0000E+00
        7.8700E-07        0.0000E+00        1.4400E+02        0.0000E+00
        7.9900E-07        0.0000E+00        1.3800E+02        0.0000E+00
        8.2100E-07        0.0000E+00        1.3200E+02        0.0000E+00
        8.3600E-07        0.0000E+00        1.2700E+02        0.0000E+00
        8.4900E-07        0.0000E+00        1.2100E+02        0.0000E+00
        8.7500E-07        0.0000E+00        1.1600E+02        0.0000E+00
        8.8500E-07        0.0000E+00        1.1100E+02        0.0000E+00
        9.1200E-07        0.0000E+00        1.0400E+02        0.0000E+00
        9.4000E-07        0.0000E+00        1.0200E+02        0.0000E+00
        9.5900E-07        0.0000E+00        9.8100E+01        0.0000E+00
        9.8500E-07        0.0000E+00        9.9700E+01        0.0000E+00
        9.9300E-07        0.0000E+00        9.2900E+01        0.0000E+00
        1.0100E-06        0.0000E+00        8.9600E+01        0.0000E+00
        1.0300E-06        0.0000E+00        8.7200E+01        0.0000E+00
        1.0500E-06        0.0000E+00        8.4500E+01        0.0000E+00
        1.0800E-06        0.0000E+00        8.1200E+01        0.0000E+00
        1.1000E-06        0.0000E+00        7.6000E+01        0.0000E+00
        1.1300E-06        0.0000E+00        7.7200E+01        0.0000E+00
        1.1500E-06        0.0000E+00        7.3900E+01        0.0000E+00
        1.1800E-06        0.0000E+00        7.1300E+01        0.0000E+00
        1.2100E-06        0.0000E+00        6.9100E+01        0.0000E+00
        1.2300E-06        0.0000E+00        6.7800E+01        0.0000E+00
        1.2600E-06        0.0000E+00        6.5700E+01        0.0000E+00
        1.3000E-06        0.0000E+00        6.3400E+01        0.0000E+00
        1.3300E-06        0.0000E+00        6.1200E+01        0.0000E+00
        1.3600E-06        0.0000E+00        5.9500E+01        0.0000E+00
        1.4000E-06        0.0000E+00        5.7500E+01        0.0000E+00
        1.4500E-06        0.0000E+00        5.5700E+01        0.0000E+00
        1.4800E-06        0.0000E+00        5.2700E+01        0.0000E+00
        1.5100E-06        0.0000E+00        5.3700E+01        0.0000E+00
        1.5700E-06        0.0000E+00        4.9900E+01        0.0000E+00
        1.6300E-06        0.0000E+00        4.8100E+01        0.0000E+00
        1.6900E-06        0.0000E+00        4.7000E+01        0.0000E+00
        1.7300E-06        0.0000E+00        4.5500E+01        0.0000E+00
        1.7500E-06        0.0000E+00        4.3600E+01        0.0000E+00
        1.8000E-06        0.0000E+00        4.4300E+01        0.0000E+00
        1.8400E-06        0.0000E+00        4.1900E+01        0.0000E+00
        1.9000E-06        0.0000E+00        4.0300E+01        0.0000E+00
        1.9600E-06        0.0000E+00        3.8900E+01        0.0000E+00
        2.0400E-06        0.0000E+00        3.7700E+01        0.0000E+00
        2.1100E-06        0.0000E+00        3.6800E+01        0.0000E+00
        2.1500E-06        0.0000E+00        3.7600E+01        0.0000E+00
        2.2100E-06        0.0000E+00        3.6400E+01        0.0000E+00
        2.2300E-06        0.0000E+00        3.3800E+01        0.0000E+00
        2.3100E-06        0.0000E+00        3.4200E+01        0.0000E+00
        2.3900E-06        0.0000E+00        3.2700E+01        0.0000E+00
        2.4100E-06        0.0000E+00        3.1600E+01        0.0000E+00
        2.4400E-06        0.0000E+00        3.0000E+01        0.0000E+00
        2.5400E-06        0.0000E+00        3.0100E+01        0.0000E+00
        2.6100E-06        0.0000E+00        2.9500E+01        0.0000E+00
        2.6600E-06        0.0000E+00        2.7700E+01        0.0000E+00
        2.8100E-06        0.0000E+00        2.7100E+01        0.0000E+00
        2.9300E-06        0.0000E+00        2.6900E+01        0.0000E+00
        3.0200E-06        0.0000E+00        2.5300E+01        0.0000E+00
        3.2300E-06        0.0000E+00        2.4000E+01        0.0000E+00
        3.3600E-06        0.0000E+00        2.2900E+01        0.0000E+00
        3.4700E-06        0.0000E+00        2.1700E+01        0.0000E+00
        3.6000E-06        0.0000E+00        2.2200E+01        0.0000E+00
        3.7400E-06        0.0000E+00        2.0600E+01        0.0000E+00
        3.8900E-06        0.0000E+00        2.0200E+01        0.0000E+00
        4.0400E-06        0.0000E+00        2.0100E+01        0.0000E+00
        4.2300E-06        0.0000E+00        1.9600E+01        0.0000E+00
        4.3200E-06        0.0000E+00        1.9000E+01        0.0000E+00
        4.4000E-06        0.0000E+00        1.8200E+01        0.0000E+00
        4.5100E-06        0.0000E+00        1.7700E+01        0.0000E+00
        4.7000E-06        0.0000E+00        1.7200E+01        0.0000E+00
        4.9700E-06        0.0000E+00        1.7100E+01        0.0000E+00
        5.1200E-06        0.0000E+00        1.7000E+01        0.0000E+00
        5.3700E-06        0.0000E+00        1.8100E+01        0.0000E+00
        5.5600E-06        0.0000E+00        1.9000E+01        0.0000E+00
        5.6900E-06        0.0000E+00        2.0700E+01        0.0000E+00
        5.8700E-06        0.0000E+00        2.3100E+01        0.0000E+00
        6.0300E-06        0.0000E+00        2.6600E+01        0.0000E+00
        6.1700E-06        0.0000E+00        2.9200E+01        0.0000E+00
        6.3000E-06        0.0000E+00        3.2700E+01        0.0000E+00
        6.3900E-06        0.0000E+00        3.5100E+01        0.0000E+00
        6.5000E-06        0.0000E+00        3.8300E+01        0.0000E+00
        6.6200E-06        0.0000E+00        4.0800E+01        0.0000E+00
        6.7500E-06        0.0000E+00        4.3800E+01        0.0000E+00
        6.8100E-06        0.0000E+00        4.7600E+01        0.0000E+00
        6.9700E-06        0.0000E+00        4.9700E+01        0.0000E+00
        7.0500E-06        0.0000E+00        5.2500E+01        0.0000E+00
        7.1300E-06        0.0000E+00        5.6600E+01        0.0000E+00
        7.3600E-06        0.0000E+00        5.9200E+01        0.0000E+00
        7.5600E-06        0.0000E+00        6.0600E+01        0.0000E+00
        7.7400E-06        0.0000E+00        6.4000E+01        0.0000E+00
        7.9800E-06        0.0000E+00        6.3000E+01        0.0000E+00
        8.2700E-06        0.0000E+00        6.4000E+01        0.0000E+00
        8.6300E-06        0.0000E+00        6.4300E+01        0.0000E+00
        8.8300E-06        0.0000E+00        6.7400E+01        0.0000E+00
        9.0400E-06        0.0000E+00        7.0700E+01        0.0000E+00
        9.1500E-06        0.0000E+00        7.3900E+01        0.0000E+00
        9.2900E-06        0.0000E+00        7.8400E+01        0.0000E+00
        9.5100E-06        0.0000E+00        8.4500E+01        0.0000E+00
        9.6600E-06        0.0000E+00        8.9700E+01        0.0000E+00
        9.8100E-06        0.0000E+00        9.7100E+01        0.0000E+00
        1.0000E-05        0.0000E+00        1.0300E+02        0.0000E+00
        1.0200E-05        0.0000E+00        1.0720E+02        0.0000E+00
        1.0400E-05        0.0000E+00        1.1190E+02        0.0000E+00
        1.0600E-05        0.0000E+00        1.1600E+02        0.0000E+00
        1.0700E-05        0.0000E+00        1.1930E+02        0.0000E+00
        1.0900E-05        0.0000E+00        1.2310E+02        0.0000E+00
        1.1200E-05        0.0000E+00        1.2360E+02        0.0000E+00
        1.1600E-05        0.0000E+00        1.2260E+02        0.0000E+00
        1.1900E-05        0.0000E+00        1.1790E+02        0.0000E+00
        1.2200E-05        0.0000E+00        1.1370E+02        0.0000E+00
        1.2500E-05        0.0000E+00        1.1060E+02        0.0000E+00
        1.2900E-05        0.0000E+00        1.0760E+02        0.0000E+00
        1.3300E-05        0.0000E+00        1.0470E+02        0.0000E+00
        1.3600E-05        0.0000E+00        1.0260E+02        0.0000E+00
        1.4000E-05        0.0000E+00        1.0060E+02        0.0000E+00
        1.4400E-05        0.0000E+00        9.8200E+01        0.0000E+00
        1.4900E-05        0.0000E+00        9.4400E+01        0.0000E+00
        1.5200E-05        0.0000E+00        9.0400E+01        0.0000E+00
        1.5500E-05        0.0000E+00        8.7600E+01        0.0000E+00
        1.5800E-05        0.0000E+00        8.1900E+01        0.0000E+00
        1.6200E-05        0.0000E+00        7.6900E+01        0.0000E+00
        1.6700E-05        0.0000E+00        7.1300E+01        0.0000E+00
        1.7000E-05        0.0000E+00        6.6900E+01        0.0000E+00
        1.7400E-05        0.0000E+00        6.1800E+01        0.0000E+00
        1.7700E-05        0.0000E+00        5.8500E+01        0.0000E+00
        1.8300E-05        0.0000E+00        5.4700E+01        0.0000E+00
        1.8700E-05        0.0000E+00        5.3000E+01        0.0000E+00
        1.9200E-05        0.0000E+00        5.0500E+01        0.0000E+00
        1.9700E-05        0.0000E+00        4.8900E+01        0.0000E+00
        2.0600E-05        0.0000E+00        4.8000E+01        0.0000E+00
        2.1200E-05        0.0000E+00        4.6300E+01        0.0000E+00
        2.1800E-05        0.0000E+00        4.4200E+01        0.0000E+00
        2.2400E-05        0.0000E+00        4.2800E+01        0.0000E+00
        2.3000E-05        0.0000E+00        4.0600E+01        0.0000E+00
        2.3700E-05        0.0000E+00        3.8300E+01        0.0000E+00
        2.4400E-05        0.0000E+00        3.5500E+01        0.0000E+00
        2.5100E-05        0.0000E+00        3.1800E+01        0.0000E+00
        2.5700E-05        0.0000E+00        2.8100E+01        0.0000E+00
        2.6500E-05        0.0000E+00        2.5900E+01        0.0000E+00
        2.7200E-05        0.0000E+00        2.2300E+01        0.0000E+00
        2.8100E-05        0.0000E+00        1.9500E+01        0.0000E+00
        2.9000E-05        0.0000E+00        1.6300E+01        0.0000E+00
        2.9800E-05        0.0000E+00        1.4800E+01        0.0000E+00
        3.0600E-05        0.0000E+00        1.3800E+01        0.0000E+00
        3.1800E-05        0.0000E+00        1.2400E+01        0.0000E+00
        3.2600E-05        0.0000E+00        1.2000E+01        0.0000E+00
        3.3900E-05        0.0000E+00        1.1900E+01        0.0000E+00
        3.5200E-05        0.0000E+00        1.2000E+01        0.0000E+00
        3.6500E-05        0.0000E+00        1.3100E+01        0.0000E+00
        3.7800E-05        0.0000E+00        1.5200E+01        0.0000E+00
        3.9600E-05        0.0000E+00        1.6800E+01        0.0000E+00
        4.1000E-05        0.0000E+00        1.9000E+01        0.0000E+00
        4.2000E-05        0.0000E+00        2.0200E+01        0.0000E+00
        4.2800E-05        0.0000E+00        2.2000E+01        0.0000E+00
        4.3500E-05        0.0000E+00        2.3300E+01        0.0000E+00
        4.4500E-05        0.0000E+00        2.5900E+01        0.0000E+00
        4.5600E-05        0.0000E+00        2.8500E+01        0.0000E+00
        4.6500E-05        0.0000E+00        2.9500E+01        0.0000E+00
        4.7200E-05        0.0000E+00        3.2300E+01        0.0000E+00
        4.8100E-05        0.0000E+00        3.5400E+01        0.0000E+00
        4.9100E-05        0.0000E+00        3.8000E+01        0.0000E+00
        5.0200E-05        0.0000E+00        4.0600E+01        0.0000E+00
        5.1600E-05        0.0000E+00        4.3600E+01        0.0000E+00
        5.2400E-05        0.0000E+00        4.5400E+01        0.0000E+00
        5.3500E-05        0.0000E+00        4.9700E+01        0.0000E+00
        5.5200E-05        0.0000E+00        5.1300E+01        0.0000E+00
        5.6000E-05        0.0000E+00        5.4300E+01        0.0000E+00
        5.7800E-05        0.0000E+00        5.5800E+01        0.0000E+00
        5.9900E-05        0.0000E+00        5.7800E+01        0.0000E+00
        6.2000E-05        0.0000E+00        5.9400E+01        0.0000E+00
        6.4200E-05        0.0000E+00        5.8700E+01        0.0000E+00
        6.6800E-05        0.0000E+00        5.7800E+01        0.0000E+00
        7.0300E-05        0.0000E+00        5.7600E+01        0.0000E+00
        7.3100E-05        0.0000E+00        5.6900E+01        0.0000E+00
        7.5100E-05        0.0000E+00        5.5100E+01        0.0000E+00
        7.7200E-05        0.0000E+00        5.3600E+01        0.0000E+00
        7.9600E-05        0.0000E+00        5.1700E+01        0.0000E+00
        8.1500E-05        0.0000E+00        4.9500E+01        0.0000E+00
        8.4100E-05        0.0000E+00        4.7600E+01        0.0000E+00
        8.6400E-05        0.0000E+00        4.5000E+01        0.0000E+00
        8.8400E-05        0.0000E+00        4.1400E+01        0.0000E+00
        9.0900E-05        0.0000E+00        3.8300E+01        0.0000E+00
        9.2700E-05        0.0000E+00        3.5800E+01        0.0000E+00
        9.5600E-05        0.0000E+00        3.3100E+01        0.0000E+00
        9.8600E-05        0.0000E+00        3.0400E+01        0.0000E+00
        1.0100E-04        0.0000E+00        2.9100E+01        0.0000E+00
        1.0400E-04        0.0000E+00        2.7200E+01        0.0000E+00
        1.0700E-04        0.0000E+00        2.5400E+01        0.0000E+00
        1.1000E-04        0.0000E+00        2.4900E+01        0.0000E+00
        1.1400E-04        0.0000E+00        2.4000E+01        0.0000E+00
        1.1700E-04        0.0000E+00        2.3200E+01        0.0000E+00
        1.2000E-04        0.0000E+00        2.2400E+01        0.0000E+00
        1.2500E-04        0.0000E+00        2.1500E+01        0.0000E+00
        1.2800E-04        0.0000E+00        2.0800E+01        0.0000E+00
        1.3200E-04        0.0000E+00        1.9900E+01        0.0000E+00
        1.3600E-04        0.0000E+00        1.9100E+01        0.0000E+00
        1.4100E-04        0.0000E+00        1.8300E+01        0.0000E+00
        1.4700E-04        0.0000E+00        1.7500E+01        0.0000E+00
        1.5100E-04        0.0000E+00        1.6900E+01        0.0000E+00
        1.5800E-04        0.0000E+00        1.6700E+01        0.0000E+00
        1.6600E-04        0.0000E+00        1.6700E+01        0.0000E+00
        1.7600E-04        0.0000E+00        1.7300E+01        0.0000E+00
        1.8600E-04        0.0000E+00        1.7100E+01        0.0000E+00
        1.9700E-04        0.0000E+00        1.6700E+01        0.0000E+00
        2.1000E-04        0.0000E+00        1.6500E+01        0.0000E+00
        2.2500E-04        0.0000E+00        1.6900E+01        0.0000E+00
        2.4000E-04        0.0000E+00        1.6900E+01        0.0000E+00
        2.5500E-04        0.0000E+00        1.6700E+01        0.0000E+00
        2.7000E-04        0.0000E+00        1.5800E+01        0.0000E+00
        2.8200E-04        0.0000E+00        1.4300E+01        0.0000E+00
        2.9700E-04        0.0000E+00        1.3000E+01        0.0000E+00
        3.1000E-04        0.0000E+00        1.1800E+01        0.0000E+00
        3.2900E-04        0.0000E+00        1.1000E+01        0.0000E+00
        3.4800E-04        0.0000E+00        1.0400E+01        0.0000E+00
        3.8000E-04        0.0000E+00        1.0200E+01        0.0000E+00
        4.1000E-04        0.0000E+00        1.0500E+01        0.0000E+00
        4.3800E-04        0.0000E+00        1.1000E+01        0.0000E+00
        4.6600E-04        0.0000E+00        1.0800E+01        0.0000E+00
        4.9600E-04        0.0000E+00        1.0400E+01        0.0000E+00
        5.3200E-04        0.0000E+00        9.1700E+00        0.0000E+00
        5.7300E-04        0.0000E+00        7.9200E+00        0.0000E+00
        6.1200E-04        0.0000E+00        6.9200E+00        0.0000E+00
        6.5900E-04        0.0000E+00        6.5700E+00        0.0000E+00
        7.1000E-04        0.0000E+00        6.2900E+00        0.0000E+00
        7.6700E-04        0.0000E+00        6.3200E+00        0.0000E+00
        8.3000E-04        0.0000E+00        6.4200E+00        0.0000E+00
        9.0800E-04        0.0000E+00        6.3400E+00        0.0000E+00
        9.8500E-04        0.0000E+00        6.0700E+00        0.0000E+00
        1.0570E-03        0.0000E+00        5.7400E+00        0.0000E+00
        1.1380E-03        0.0000E+00        5.5900E+00        0.0000E+00
        1.1880E-03        0.0000E+00        5.3100E+00        0.0000E+00
        1.2500E-03        0.0000E+00        4.9200E+00        0.0000E+00
        1.2740E-03        0.0000E+00        4.6400E+00        0.0000E+00
        1.3460E-03        0.0000E+00        4.4700E+00        0.0000E+00
        1.3830E-03        0.0000E+00        4.3000E+00        0.0000E+00
        1.4160E-03        0.0000E+00        4.0200E+00        0.0000E+00
        1.5070E-03        0.0000E+00        3.9600E+00        0.0000E+00
        1.5610E-03        0.0000E+00        3.8200E+00        0.0000E+00
        1.6290E-03        0.0000E+00        3.7300E+00        0.0000E+00
        1.6870E-03        0.0000E+00        3.5600E+00        0.0000E+00
        1.7820E-03        0.0000E+00        3.5100E+00        0.0000E+00
        1.8970E-03        0.0000E+00        3.5000E+00        0.0000E+00
        1.9950E-03        0.0000E+00        3.3800E+00        0.0000E+00
        2.1240E-03        0.0000E+00        3.3400E+00        0.0000E+00
        2.2430E-03        0.0000E+00        3.4000E+00        0.0000E+00
        2.3600E-03        0.0000E+00        3.3600E+00        0.0000E+00
        2.4830E-03        0.0000E+00        3.3400E+00        0.0000E+00
        2.5710E-03        0.0000E+00        3.2700E+00        0.0000E+00
        2.6320E-03        0.0000E+00        3.2000E+00        0.0000E+00
        2.7160E-03        0.0000E+00        3.1100E+00        0.0000E+00
        2.8350E-03        0.0000E+00        3.1000E+00        0.0000E+00
        2.9360E-03        0.0000E+00        3.0300E+00        0.0000E+00
        3.0530E-03        0.0000E+00        2.8900E+00        0.0000E+00
        3.1870E-03        0.0000E+00        2.8200E+00        0.0000E+00
        3.3140E-03        0.0000E+00        2.8000E+00        0.0000E+00
        3.4450E-03        0.0000E+00        2.7300E+00        0.0000E+00
        3.5820E-03        0.0000E+00        2.7200E+00        0.0000E+00
        3.6670E-03        0.0000E+00        2.6300E+00        0.0000E+00
        3.7980E-03        0.0000E+00        2.5900E+00        0.0000E+00
        3.9340E-03        0.0000E+00        2.5700E+00        0.0000E+00
        4.1070E-03        0.0000E+00        2.5100E+00        0.0000E+00
        4.2370E-03        0.0000E+00        2.4500E+00        0.0000E+00
        4.3880E-03        0.0000E+00        2.4100E+00        0.0000E+00
        4.6160E-03        0.0000E+00        2.4100E+00        0.0000E+00
        4.7810E-03        0.0000E+00        2.3500E+00        0.0000E+00
        5.0690E-03        0.0000E+00        2.2500E+00        0.0000E+00
        5.3960E-03        0.0000E+00        2.2000E+00        0.0000E+00
        5.7430E-03        0.0000E+00        2.1800E+00        0.0000E+00
        6.0660E-03        0.0000E+00        2.1300E+00        0.0000E+00
        6.4060E-03        0.0000E+00        2.1300E+00        0.0000E+00
        6.7400E-03        0.0000E+00        2.1000E+00        0.0000E+00
        7.2020E-03        0.0000E+00        2.0300E+00        0.0000E+00
        7.6360E-03        0.0000E+00        1.9200E+00        0.0000E+00
        8.1590E-03        0.0000E+00        1.9500E+00        0.0000E+00
        8.6850E-03        0.0000E+00        1.9200E+00        0.0000E+00
        9.3170E-03        0.0000E+00        1.8700E+00        0.0000E+00
        1.0073E-02        0.0000E+00        1.8600E+00        0.0000E+00
        1.0721E-02        0.0000E+00        1.7800E+00        0.0000E+00
        1.1728E-02        0.0000E+00        1.7700E+00        0.0000E+00
        1.2779E-02        0.0000E+00        1.7200E+00        0.0000E+00
        1.3924E-02        0.0000E+00        1.7200E+00        0.0000E+00
        1.5232E-02        0.0000E+00        1.6900E+00        0.0000E+00
        1.6792E-02        0.0000E+00        1.6500E+00        0.0000E+00
        1.8585E-02        0.0000E+00        1.6400E+00        0.0000E+00
        2.0409E-02        0.0000E+00        1.5900E+00        0.0000E+00
        2.2854E-02        0.0000E+00        1.6000E+00        0.0000E+00
        2.5097E-02        0.0000E+00        1.6000E+00        0.0000E+00
        2.6923E-02        0.0000E+00        1.6000E+00        0.0000E+00
