# entry-subent-pointer  : 12882-015-0 
# EXFOR reaction        : (82-PB-0(N,TOT),,SIG) 
# incident energy       : 1.9965e+00 MeV - 7.9828e+01 MeV 
# target                : Pb-0 
# product               : - 
# level energy          : - 
# MF-MT number          : 3 - 1 
# first author          : Larson 
# institute             : (1USAORL): Oak Ridge National Laboratory, Oak Ridge, TN 
# reference             : (C,80BNL,,277,8007) 
# year                  : 1980 
# facility              : (LINAC): Linear accelerator 
# git                   : https://github.com/IAEA-NDS/exfor_master/blob/main/exforall/128/12882.x4 
# nds                   : https://nds.iaea.org/EXFOR/12882
#
#       E_in(MeV)         dE_in(MeV)        XS(B)             dXS(B)
        1.9965E+00        0.0000E+00        5.9900E+00        3.7983E-01
        2.0013E+00        0.0000E+00        6.4538E+00        3.7578E-01
        2.0062E+00        0.0000E+00        5.3410E+00        3.4634E-01
        2.0112E+00        0.0000E+00        5.8633E+00        3.6676E-01
        2.0161E+00        0.0000E+00        6.5635E+00        3.7565E-01
        2.0211E+00        0.0000E+00        6.1624E+00        3.6494E-01
        2.0260E+00        0.0000E+00        6.1539E+00        3.6783E-01
        2.0310E+00        0.0000E+00        5.8676E+00        3.6875E-01
        2.0360E+00        0.0000E+00        6.8411E+00        3.8018E-01
        2.0411E+00        0.0000E+00        7.2127E+00        3.7924E-01
        2.0461E+00        0.0000E+00        6.5983E+00        3.7560E-01
        2.0512E+00        0.0000E+00        6.2709E+00        3.6447E-01
        2.0563E+00        0.0000E+00        6.4433E+00        3.8233E-01
        2.0614E+00        0.0000E+00        6.7410E+00        4.1388E-01
        2.0665E+00        0.0000E+00        6.7605E+00        4.7168E-01
        2.0716E+00        0.0000E+00        6.6225E+00        5.8025E-01
        2.0768E+00        0.0000E+00        7.3122E+00        7.3166E-01
        2.0820E+00        0.0000E+00        6.0784E+00        6.6934E-01
        2.0872E+00        0.0000E+00        5.0356E+00        5.0802E-01
        2.0924E+00        0.0000E+00        6.1149E+00        4.2618E-01
        2.0976E+00        0.0000E+00        6.6303E+00        4.0088E-01
        2.1029E+00        0.0000E+00        6.3593E+00        3.8505E-01
        2.1082E+00        0.0000E+00        7.2966E+00        3.8869E-01
        2.1135E+00        0.0000E+00        6.5108E+00        3.7535E-01
        2.1188E+00        0.0000E+00        6.2934E+00        3.6455E-01
        2.1241E+00        0.0000E+00        6.2225E+00        3.5252E-01
        2.1295E+00        0.0000E+00        6.2100E+00        3.5026E-01
        2.1349E+00        0.0000E+00        6.6082E+00        3.4965E-01
        2.1403E+00        0.0000E+00        6.6041E+00        3.4935E-01
        2.1457E+00        0.0000E+00        5.9202E+00        3.3743E-01
        2.1511E+00        0.0000E+00        6.4530E+00        3.3037E-01
        2.1566E+00        0.0000E+00        6.9128E+00        3.4992E-01
        2.1621E+00        0.0000E+00        6.7777E+00        3.4712E-01
        2.1676E+00        0.0000E+00        6.4715E+00        3.4307E-01
        2.1731E+00        0.0000E+00        6.3108E+00        3.3602E-01
        2.1786E+00        0.0000E+00        6.6198E+00        3.3797E-01
        2.1842E+00        0.0000E+00        6.7469E+00        3.3632E-01
        2.1898E+00        0.0000E+00        7.0409E+00        3.4581E-01
        2.1954E+00        0.0000E+00        6.7988E+00        3.3683E-01
        2.2010E+00        0.0000E+00        6.1984E+00        3.2292E-01
        2.2067E+00        0.0000E+00        6.5918E+00        3.3101E-01
        2.2124E+00        0.0000E+00        6.3646E+00        3.2791E-01
        2.2181E+00        0.0000E+00        6.9279E+00        3.3806E-01
        2.2238E+00        0.0000E+00        6.3626E+00        3.1978E-01
        2.2295E+00        0.0000E+00        6.2511E+00        3.1962E-01
        2.2353E+00        0.0000E+00        6.7358E+00        3.2290E-01
        2.2411E+00        0.0000E+00        6.3749E+00        3.2264E-01
        2.2469E+00        0.0000E+00        6.2894E+00        3.1268E-01
        2.2527E+00        0.0000E+00        5.7169E+00        3.1576E-01
        2.2586E+00        0.0000E+00        6.4948E+00        3.1593E-01
        2.2645E+00        0.0000E+00        6.6776E+00        3.1573E-01
        2.2704E+00        0.0000E+00        6.9184E+00        3.2329E-01
        2.2763E+00        0.0000E+00        6.9473E+00        3.2239E-01
        2.2822E+00        0.0000E+00        6.9963E+00        3.2088E-01
        2.2882E+00        0.0000E+00        6.4882E+00        3.1440E-01
        2.2942E+00        0.0000E+00        7.0089E+00        3.2405E-01
        2.3002E+00        0.0000E+00        8.1575E+00        3.4062E-01
        2.3062E+00        0.0000E+00        7.4924E+00        3.3252E-01
        2.3123E+00        0.0000E+00        7.2636E+00        3.2354E-01
        2.3184E+00        0.0000E+00        7.9454E+00        3.3205E-01
        2.3245E+00        0.0000E+00        7.3424E+00        3.1842E-01
        2.3306E+00        0.0000E+00        7.1525E+00        3.1434E-01
        2.3368E+00        0.0000E+00        7.2765E+00        3.1538E-01
        2.3430E+00        0.0000E+00        7.2294E+00        3.1900E-01
        2.3492E+00        0.0000E+00        7.2181E+00        3.1341E-01
        2.3554E+00        0.0000E+00        7.1376E+00        3.0971E-01
        2.3617E+00        0.0000E+00        7.0857E+00        3.0608E-01
        2.3680E+00        0.0000E+00        6.7638E+00        3.0069E-01
        2.3743E+00        0.0000E+00        6.4381E+00        2.9218E-01
        2.3806E+00        0.0000E+00        7.0045E+00        3.0054E-01
        2.3870E+00        0.0000E+00        7.1847E+00        3.0896E-01
        2.3934E+00        0.0000E+00        7.0311E+00        2.9945E-01
        2.3998E+00        0.0000E+00        7.1406E+00        3.0306E-01
        2.4062E+00        0.0000E+00        7.0772E+00        2.9909E-01
        2.4127E+00        0.0000E+00        7.5081E+00        3.1204E-01
        2.4192E+00        0.0000E+00        7.4467E+00        3.0172E-01
        2.4257E+00        0.0000E+00        7.3559E+00        3.0420E-01
        2.4322E+00        0.0000E+00        7.5040E+00        3.0719E-01
        2.4388E+00        0.0000E+00        7.9172E+00        3.1290E-01
        2.4454E+00        0.0000E+00        6.7631E+00        2.9106E-01
        2.4520E+00        0.0000E+00        6.6511E+00        2.8497E-01
        2.4587E+00        0.0000E+00        6.3832E+00        2.7569E-01
        2.4653E+00        0.0000E+00        6.9826E+00        2.8691E-01
        2.4720E+00        0.0000E+00        7.3741E+00        2.9625E-01
        2.4788E+00        0.0000E+00        6.5435E+00        2.7950E-01
        2.4855E+00        0.0000E+00        6.8452E+00        2.8581E-01
        2.4923E+00        0.0000E+00        7.3500E+00        2.9598E-01
        2.4991E+00        0.0000E+00        7.3573E+00        2.9547E-01
        2.5060E+00        0.0000E+00        7.3143E+00        2.9182E-01
        2.5129E+00        0.0000E+00        7.2672E+00        2.9436E-01
        2.5198E+00        0.0000E+00        7.4387E+00        2.8700E-01
        2.5267E+00        0.0000E+00        7.0517E+00        2.8763E-01
        2.5336E+00        0.0000E+00        7.5902E+00        2.9400E-01
        2.5406E+00        0.0000E+00        7.5388E+00        2.9149E-01
        2.5476E+00        0.0000E+00        7.3043E+00        2.8974E-01
        2.5547E+00        0.0000E+00        6.7800E+00        2.7191E-01
        2.5617E+00        0.0000E+00        7.1045E+00        2.8096E-01
        2.5689E+00        0.0000E+00        6.7613E+00        2.7491E-01
        2.5760E+00        0.0000E+00        6.4630E+00        2.7027E-01
        2.5831E+00        0.0000E+00        6.4967E+00        2.7217E-01
        2.5903E+00        0.0000E+00        6.1064E+00        2.6622E-01
        2.5976E+00        0.0000E+00        6.6221E+00        2.7442E-01
        2.6048E+00        0.0000E+00        7.4947E+00        2.8889E-01
        2.6121E+00        0.0000E+00        7.4807E+00        2.8765E-01
        2.6194E+00        0.0000E+00        7.1624E+00        2.8817E-01
        2.6267E+00        0.0000E+00        8.0588E+00        2.9345E-01
        2.6341E+00        0.0000E+00        7.8845E+00        2.9880E-01
        2.6415E+00        0.0000E+00        7.7307E+00        2.9488E-01
        2.6490E+00        0.0000E+00        7.9353E+00        2.9754E-01
        2.6564E+00        0.0000E+00        7.8385E+00        3.0819E-01
        2.6639E+00        0.0000E+00        7.5062E+00        3.0529E-01
        2.6715E+00        0.0000E+00        7.7910E+00        3.1388E-01
        2.6790E+00        0.0000E+00        7.7186E+00        3.1654E-01
        2.6866E+00        0.0000E+00        6.9438E+00        3.0919E-01
        2.6943E+00        0.0000E+00        7.5387E+00        3.1957E-01
        2.7019E+00        0.0000E+00        7.3926E+00        3.3361E-01
        2.7096E+00        0.0000E+00        7.2096E+00        3.3401E-01
        2.7173E+00        0.0000E+00        8.0809E+00        3.4831E-01
        2.7251E+00        0.0000E+00        7.4807E+00        3.4394E-01
        2.7329E+00        0.0000E+00        7.6488E+00        3.3818E-01
        2.7407E+00        0.0000E+00        6.8134E+00        3.3015E-01
        2.7486E+00        0.0000E+00        6.9279E+00        3.2502E-01
        2.7565E+00        0.0000E+00        7.9790E+00        3.4272E-01
        2.7644E+00        0.0000E+00        9.0752E+00        3.7898E-01
        2.7724E+00        0.0000E+00        8.4915E+00        3.6852E-01
        2.7804E+00        0.0000E+00        7.8304E+00        3.5317E-01
        2.7884E+00        0.0000E+00        7.7929E+00        3.5373E-01
        2.7965E+00        0.0000E+00        7.6439E+00        3.5361E-01
        2.8046E+00        0.0000E+00        7.2602E+00        3.5244E-01
        2.8127E+00        0.0000E+00        7.2117E+00        3.5845E-01
        2.8209E+00        0.0000E+00        6.6858E+00        3.6045E-01
        2.8291E+00        0.0000E+00        7.4258E+00        3.6438E-01
        2.8373E+00        0.0000E+00        7.3843E+00        3.5446E-01
        2.8456E+00        0.0000E+00        7.6985E+00        3.7000E-01
        2.8539E+00        0.0000E+00        7.6258E+00        3.7552E-01
        2.8623E+00        0.0000E+00        7.2622E+00        3.7389E-01
        2.8707E+00        0.0000E+00        8.0052E+00        3.9552E-01
        2.8791E+00        0.0000E+00        7.5346E+00        3.9508E-01
        2.8876E+00        0.0000E+00        7.8618E+00        4.1214E-01
        2.8961E+00        0.0000E+00        8.2226E+00        4.3377E-01
        2.9046E+00        0.0000E+00        8.2996E+00        4.4819E-01
        2.9132E+00        0.0000E+00        7.9182E+00        4.6487E-01
        2.9218E+00        0.0000E+00        7.5128E+00        4.6661E-01
        2.9304E+00        0.0000E+00        8.1033E+00        5.2804E-01
        2.9391E+00        0.0000E+00        8.4863E+00        5.4459E-01
        2.9479E+00        0.0000E+00        8.6485E+00        5.2992E-01
        2.9566E+00        0.0000E+00        8.0314E+00        4.8869E-01
        2.9654E+00        0.0000E+00        8.8728E+00        4.3081E-01
        2.9743E+00        0.0000E+00        8.3548E+00        3.4568E-01
        2.9832E+00        0.0000E+00        8.4719E+00        2.9329E-01
        2.9921E+00        0.0000E+00        8.0152E+00        2.5020E-01
        3.0011E+00        0.0000E+00        8.2993E+00        2.3995E-01
        3.0101E+00        0.0000E+00        8.2921E+00        2.3179E-01
        3.0191E+00        0.0000E+00        7.8468E+00        2.2464E-01
        3.0282E+00        0.0000E+00        7.7979E+00        2.2218E-01
        3.0374E+00        0.0000E+00        8.0930E+00        2.2678E-01
        3.0465E+00        0.0000E+00        8.2494E+00        2.3192E-01
        3.0558E+00        0.0000E+00        7.5825E+00        2.2750E-01
        3.0650E+00        0.0000E+00        7.7012E+00        2.3286E-01
        3.0743E+00        0.0000E+00        7.9026E+00        2.4408E-01
        3.0837E+00        0.0000E+00        8.1257E+00        2.4400E-01
        3.0930E+00        0.0000E+00        7.6740E+00        2.4510E-01
        3.1025E+00        0.0000E+00        7.7538E+00        2.5090E-01
        3.1119E+00        0.0000E+00        7.7319E+00        2.5262E-01
        3.1215E+00        0.0000E+00        8.3186E+00        2.6248E-01
        3.1310E+00        0.0000E+00        8.4291E+00        2.7225E-01
        3.1406E+00        0.0000E+00        8.1294E+00        2.6632E-01
        3.1503E+00        0.0000E+00        8.3730E+00        2.7426E-01
        3.1600E+00        0.0000E+00        7.7384E+00        2.7308E-01
        3.1697E+00        0.0000E+00        7.6254E+00        2.6696E-01
        3.1795E+00        0.0000E+00        7.6101E+00        2.7060E-01
        3.1893E+00        0.0000E+00        7.8046E+00        2.7840E-01
        3.1992E+00        0.0000E+00        7.8130E+00        2.8112E-01
        3.2091E+00        0.0000E+00        8.1540E+00        2.9224E-01
        3.2191E+00        0.0000E+00        8.0848E+00        2.9738E-01
        3.2291E+00        0.0000E+00        8.7252E+00        3.0409E-01
        3.2391E+00        0.0000E+00        8.2958E+00        3.0518E-01
        3.2492E+00        0.0000E+00        8.4401E+00        3.1179E-01
        3.2594E+00        0.0000E+00        8.5447E+00        3.2411E-01
        3.2696E+00        0.0000E+00        8.2622E+00        3.1636E-01
        3.2798E+00        0.0000E+00        8.6823E+00        3.2625E-01
        3.2901E+00        0.0000E+00        8.3357E+00        3.2561E-01
        3.3005E+00        0.0000E+00        8.2947E+00        3.2322E-01
        3.3109E+00        0.0000E+00        8.7887E+00        3.3850E-01
        3.3213E+00        0.0000E+00        8.2282E+00        3.2920E-01
        3.3318E+00        0.0000E+00        8.1680E+00        3.2744E-01
        3.3424E+00        0.0000E+00        8.1233E+00        3.2548E-01
        3.3529E+00        0.0000E+00        8.2628E+00        3.4089E-01
        3.3636E+00        0.0000E+00        8.8347E+00        3.4875E-01
        3.3743E+00        0.0000E+00        8.0871E+00        3.4452E-01
        3.3850E+00        0.0000E+00        8.2833E+00        3.5063E-01
        3.3958E+00        0.0000E+00        7.7886E+00        3.3519E-01
        3.4067E+00        0.0000E+00        7.0396E+00        3.2367E-01
        3.4176E+00        0.0000E+00        7.9167E+00        3.4346E-01
        3.4285E+00        0.0000E+00        7.5101E+00        3.1962E-01
        3.4395E+00        0.0000E+00        7.9093E+00        3.2195E-01
        3.4506E+00        0.0000E+00        7.7107E+00        3.1570E-01
        3.4617E+00        0.0000E+00        7.4899E+00        3.2177E-01
        3.4729E+00        0.0000E+00        7.7069E+00        3.1564E-01
        3.4841E+00        0.0000E+00        7.7962E+00        3.2017E-01
        3.4954E+00        0.0000E+00        7.8785E+00        3.2387E-01
        3.5067E+00        0.0000E+00        7.4310E+00        3.1971E-01
        3.5181E+00        0.0000E+00        8.0679E+00        3.2689E-01
        3.5295E+00        0.0000E+00        7.7927E+00        3.1668E-01
        3.5410E+00        0.0000E+00        7.6210E+00        3.1776E-01
        3.5526E+00        0.0000E+00        8.1052E+00        3.1720E-01
        3.5642E+00        0.0000E+00        7.4690E+00        3.0726E-01
        3.5759E+00        0.0000E+00        7.6110E+00        3.1035E-01
        3.5876E+00        0.0000E+00        7.0704E+00        2.9720E-01
        3.5994E+00        0.0000E+00        8.0685E+00        3.0683E-01
        3.6112E+00        0.0000E+00        7.3835E+00        2.9056E-01
        3.6231E+00        0.0000E+00        7.8155E+00        2.9438E-01
        3.6351E+00        0.0000E+00        7.3676E+00        2.8696E-01
        3.6471E+00        0.0000E+00        7.7293E+00        2.9168E-01
        3.6592E+00        0.0000E+00        8.0450E+00        2.9478E-01
        3.6713E+00        0.0000E+00        7.6754E+00        2.8070E-01
        3.6835E+00        0.0000E+00        7.9295E+00        2.8119E-01
        3.6958E+00        0.0000E+00        8.0759E+00        2.7775E-01
        3.7081E+00        0.0000E+00        7.8189E+00        2.7432E-01
        3.7205E+00        0.0000E+00        7.5848E+00        2.6745E-01
        3.7329E+00        0.0000E+00        7.5915E+00        2.6521E-01
        3.7454E+00        0.0000E+00        7.8812E+00        2.6751E-01
        3.7580E+00        0.0000E+00        7.7672E+00        2.6231E-01
        3.7707E+00        0.0000E+00        8.2955E+00        2.6089E-01
        3.7834E+00        0.0000E+00        7.9733E+00        2.5982E-01
        3.7961E+00        0.0000E+00        8.1717E+00        2.5476E-01
        3.8089E+00        0.0000E+00        7.7308E+00        2.4336E-01
        3.8218E+00        0.0000E+00        7.9387E+00        2.4251E-01
        3.8348E+00        0.0000E+00        8.1232E+00        2.4082E-01
        3.8478E+00        0.0000E+00        7.8722E+00        2.3446E-01
        3.8609E+00        0.0000E+00        8.0110E+00        2.3279E-01
        3.8741E+00        0.0000E+00        8.2312E+00        2.3039E-01
        3.8873E+00        0.0000E+00        7.6130E+00        2.2014E-01
        3.9006E+00        0.0000E+00        7.8219E+00        2.1884E-01
        3.9140E+00        0.0000E+00        8.0423E+00        2.1983E-01
        3.9274E+00        0.0000E+00        7.8640E+00        2.1551E-01
        3.9409E+00        0.0000E+00        8.0036E+00        2.1526E-01
        3.9545E+00        0.0000E+00        7.8815E+00        2.0826E-01
        3.9681E+00        0.0000E+00        7.6808E+00        2.0686E-01
        3.9818E+00        0.0000E+00        7.6643E+00        2.0335E-01
        3.9956E+00        0.0000E+00        8.0210E+00        2.0449E-01
        4.0095E+00        0.0000E+00        8.0822E+00        1.9988E-01
        4.0234E+00        0.0000E+00        7.9844E+00        1.9443E-01
        4.0374E+00        0.0000E+00        8.0413E+00        1.9431E-01
        4.0515E+00        0.0000E+00        7.7880E+00        1.8754E-01
        4.0656E+00        0.0000E+00        7.6286E+00        1.8436E-01
        4.0799E+00        0.0000E+00        7.8170E+00        1.8515E-01
        4.0942E+00        0.0000E+00        7.9394E+00        1.8481E-01
        4.1085E+00        0.0000E+00        8.0466E+00        1.8368E-01
        4.1230E+00        0.0000E+00        7.7381E+00        1.8074E-01
        4.1375E+00        0.0000E+00        7.8926E+00        1.8258E-01
        4.1521E+00        0.0000E+00        7.8958E+00        1.8082E-01
        4.1668E+00        0.0000E+00        7.9580E+00        1.8333E-01
        4.1815E+00        0.0000E+00        7.4980E+00        1.8416E-01
        4.1964E+00        0.0000E+00        7.5495E+00        1.8574E-01
        4.2113E+00        0.0000E+00        7.5649E+00        1.9166E-01
        4.2263E+00        0.0000E+00        7.5145E+00        1.9644E-01
        4.2414E+00        0.0000E+00        7.4368E+00        1.9941E-01
        4.2565E+00        0.0000E+00        7.3437E+00        2.0069E-01
        4.2718E+00        0.0000E+00        7.7565E+00        2.0659E-01
        4.2871E+00        0.0000E+00        7.7176E+00        2.0412E-01
        4.3025E+00        0.0000E+00        7.5183E+00        2.0005E-01
        4.3180E+00        0.0000E+00        7.9316E+00        1.9998E-01
        4.3336E+00        0.0000E+00        8.1244E+00        1.9743E-01
        4.3492E+00        0.0000E+00        7.9166E+00        1.9158E-01
        4.3650E+00        0.0000E+00        7.8033E+00        1.8668E-01
        4.3808E+00        0.0000E+00        7.9515E+00        1.8247E-01
        4.3967E+00        0.0000E+00        7.6568E+00        1.7667E-01
        4.4127E+00        0.0000E+00        7.5982E+00        1.7131E-01
        4.4288E+00        0.0000E+00        7.4680E+00        1.6727E-01
        4.4450E+00        0.0000E+00        7.6274E+00        1.6648E-01
        4.4612E+00        0.0000E+00        7.6739E+00        1.6117E-01
        4.4776E+00        0.0000E+00        7.8202E+00        1.6108E-01
        4.4941E+00        0.0000E+00        7.4091E+00        1.5468E-01
        4.5106E+00        0.0000E+00        7.3922E+00        1.5258E-01
        4.5272E+00        0.0000E+00        7.3333E+00        1.4957E-01
        4.5439E+00        0.0000E+00        7.5539E+00        1.4960E-01
        4.5608E+00        0.0000E+00        7.5708E+00        1.4705E-01
        4.5777E+00        0.0000E+00        7.6385E+00        1.4656E-01
        4.5947E+00        0.0000E+00        7.7540E+00        1.4509E-01
        4.6118E+00        0.0000E+00        7.7848E+00        1.4277E-01
        4.6290E+00        0.0000E+00        7.7603E+00        1.4118E-01
        4.6462E+00        0.0000E+00        7.5525E+00        1.3928E-01
        4.6636E+00        0.0000E+00        7.5414E+00        1.3713E-01
        4.6811E+00        0.0000E+00        7.4855E+00        1.3452E-01
        4.6987E+00        0.0000E+00        7.7478E+00        1.3473E-01
        4.7164E+00        0.0000E+00        7.5809E+00        1.3274E-01
        4.7342E+00        0.0000E+00        7.6491E+00        1.3157E-01
        4.7521E+00        0.0000E+00        7.6174E+00        1.2989E-01
        4.7701E+00        0.0000E+00        7.8336E+00        1.2975E-01
        4.7881E+00        0.0000E+00        7.7402E+00        1.2830E-01
        4.8063E+00        0.0000E+00        7.8810E+00        1.2785E-01
        4.8246E+00        0.0000E+00        7.7137E+00        1.2589E-01
        4.8430E+00        0.0000E+00        7.7339E+00        1.2564E-01
        4.8615E+00        0.0000E+00        7.5430E+00        1.2306E-01
        4.8802E+00        0.0000E+00        7.6175E+00        1.2220E-01
        4.8989E+00        0.0000E+00        7.7542E+00        1.2297E-01
        4.9177E+00        0.0000E+00        7.3995E+00        1.2202E-01
        4.9367E+00        0.0000E+00        7.6971E+00        1.2384E-01
        4.9557E+00        0.0000E+00        7.5731E+00        1.2093E-01
        4.9749E+00        0.0000E+00        7.3133E+00        1.1685E-01
        4.9941E+00        0.0000E+00        7.1812E+00        1.1498E-01
        5.0135E+00        0.0000E+00        7.6798E+00        1.1632E-01
        5.0330E+00        0.0000E+00        7.3508E+00        1.1434E-01
        5.0526E+00        0.0000E+00        7.3619E+00        1.1268E-01
        5.0724E+00        0.0000E+00        7.4869E+00        1.1268E-01
        5.0922E+00        0.0000E+00        7.4722E+00        1.1156E-01
        5.1122E+00        0.0000E+00        7.3836E+00        1.1109E-01
        5.1322E+00        0.0000E+00        7.2945E+00        1.0988E-01
        5.1524E+00        0.0000E+00        7.4414E+00        1.0878E-01
        5.1728E+00        0.0000E+00        7.4430E+00        1.0856E-01
        5.1932E+00        0.0000E+00        7.3636E+00        1.0816E-01
        5.2137E+00        0.0000E+00        7.1362E+00        1.0524E-01
        5.2344E+00        0.0000E+00        7.2300E+00        1.0477E-01
        5.2552E+00        0.0000E+00        7.2075E+00        1.0424E-01
        5.2762E+00        0.0000E+00        7.3667E+00        1.0394E-01
        5.2972E+00        0.0000E+00        7.2676E+00        1.0312E-01
        5.3184E+00        0.0000E+00        7.2435E+00        1.0368E-01
        5.3397E+00        0.0000E+00        7.3931E+00        1.1072E-01
        5.3612E+00        0.0000E+00        7.1524E+00        1.1816E-01
        5.3827E+00        0.0000E+00        7.1843E+00        1.2007E-01
        5.4044E+00        0.0000E+00        7.2845E+00        1.1417E-01
        5.4263E+00        0.0000E+00        7.2480E+00        1.0747E-01
        5.4482E+00        0.0000E+00        7.1498E+00        1.0469E-01
        5.4703E+00        0.0000E+00        7.2866E+00        1.0267E-01
        5.4926E+00        0.0000E+00        7.1644E+00        1.0073E-01
        5.5149E+00        0.0000E+00        7.2571E+00        1.0097E-01
        5.5374E+00        0.0000E+00        7.2102E+00        9.9715E-02
        5.5601E+00        0.0000E+00        7.0151E+00        9.8796E-02
        5.5829E+00        0.0000E+00        6.9690E+00        9.8578E-02
        5.6058E+00        0.0000E+00        6.9459E+00        9.7309E-02
        5.6289E+00        0.0000E+00        7.0782E+00        9.7137E-02
        5.6521E+00        0.0000E+00        6.8731E+00        9.5690E-02
        5.6754E+00        0.0000E+00        6.9837E+00        9.5820E-02
        5.6989E+00        0.0000E+00        7.0013E+00        9.5376E-02
        5.7226E+00        0.0000E+00        6.9279E+00        9.3984E-02
        5.7464E+00        0.0000E+00        6.7405E+00        9.3453E-02
        5.7703E+00        0.0000E+00        6.7781E+00        9.2299E-02
        5.7944E+00        0.0000E+00        6.7552E+00        9.2426E-02
        5.8187E+00        0.0000E+00        6.7062E+00        9.1900E-02
        5.8431E+00        0.0000E+00        6.6832E+00        9.1875E-02
        5.8676E+00        0.0000E+00        6.7667E+00        9.1384E-02
        5.8923E+00        0.0000E+00        6.6863E+00        9.0832E-02
        5.9172E+00        0.0000E+00        6.7108E+00        9.1170E-02
        5.9422E+00        0.0000E+00        6.6750E+00        9.0259E-02
        5.9674E+00        0.0000E+00        6.5244E+00        9.0016E-02
        5.9927E+00        0.0000E+00        6.5581E+00        8.9455E-02
        6.0182E+00        0.0000E+00        6.6134E+00        8.9818E-02
        6.0439E+00        0.0000E+00        6.5831E+00        8.9558E-02
        6.0698E+00        0.0000E+00        6.6220E+00        8.9460E-02
        6.0958E+00        0.0000E+00        6.5929E+00        8.9592E-02
        6.1219E+00        0.0000E+00        6.4165E+00        8.9169E-02
        6.1483E+00        0.0000E+00        6.5679E+00        9.0208E-02
        6.1748E+00        0.0000E+00        6.3237E+00        8.9978E-02
        6.2015E+00        0.0000E+00        6.3765E+00        9.2819E-02
        6.2283E+00        0.0000E+00        6.4357E+00        9.8669E-02
        6.2554E+00        0.0000E+00        6.4337E+00        1.1099E-01
        6.2826E+00        0.0000E+00        6.4721E+00        1.2416E-01
        6.3100E+00        0.0000E+00        6.2660E+00        1.2338E-01
        6.3375E+00        0.0000E+00        6.1912E+00        1.0831E-01
        6.3653E+00        0.0000E+00        6.2228E+00        9.5217E-02
        6.3932E+00        0.0000E+00        6.2726E+00        8.7727E-02
        6.4213E+00        0.0000E+00        6.1314E+00        8.3016E-02
        6.4496E+00        0.0000E+00        6.2719E+00        8.1686E-02
        6.4781E+00        0.0000E+00        6.2854E+00        8.0697E-02
        6.5068E+00        0.0000E+00        6.1770E+00        7.8324E-02
        6.5357E+00        0.0000E+00        6.1537E+00        7.5255E-02
        6.5648E+00        0.0000E+00        6.1431E+00        7.2245E-02
        6.5940E+00        0.0000E+00        6.2244E+00        7.0064E-02
        6.6235E+00        0.0000E+00        6.1032E+00        6.9570E-02
        6.6531E+00        0.0000E+00        6.1269E+00        7.0308E-02
        6.6830E+00        0.0000E+00        6.0387E+00        7.0354E-02
        6.7131E+00        0.0000E+00        6.0742E+00        7.0079E-02
        6.7433E+00        0.0000E+00        6.0570E+00        6.9638E-02
        6.7738E+00        0.0000E+00        6.0223E+00        6.8963E-02
        6.8045E+00        0.0000E+00        5.9970E+00        6.8084E-02
        6.8354E+00        0.0000E+00        5.9744E+00        6.7674E-02
        6.8665E+00        0.0000E+00        5.9833E+00        6.7026E-02
        6.8978E+00        0.0000E+00        6.0530E+00        6.6550E-02
        6.9293E+00        0.0000E+00        5.9376E+00        6.5722E-02
        6.9610E+00        0.0000E+00        5.9730E+00        6.5324E-02
        6.9930E+00        0.0000E+00        5.9337E+00        6.4860E-02
        7.0252E+00        0.0000E+00        5.8656E+00        6.4354E-02
        7.0576E+00        0.0000E+00        5.9433E+00        6.4341E-02
        7.0903E+00        0.0000E+00        5.8372E+00        6.3871E-02
        7.1231E+00        0.0000E+00        5.8001E+00        6.3837E-02
        7.1562E+00        0.0000E+00        5.7649E+00        6.4279E-02
        7.1895E+00        0.0000E+00        5.8043E+00        6.5389E-02
        7.2231E+00        0.0000E+00        5.8355E+00        6.7377E-02
        7.2569E+00        0.0000E+00        5.8026E+00        7.1035E-02
        7.2909E+00        0.0000E+00        5.8002E+00        7.6620E-02
        7.3252E+00        0.0000E+00        5.7263E+00        8.4467E-02
        7.3597E+00        0.0000E+00        5.7153E+00        9.1170E-02
        7.3945E+00        0.0000E+00        5.5982E+00        9.3399E-02
        7.4295E+00        0.0000E+00        5.6125E+00        9.3765E-02
        7.4648E+00        0.0000E+00        5.6361E+00        9.2923E-02
        7.5003E+00        0.0000E+00        5.5885E+00        9.1894E-02
        7.5361E+00        0.0000E+00        5.5601E+00        9.1537E-02
        7.5721E+00        0.0000E+00        5.7638E+00        9.1062E-02
        7.6084E+00        0.0000E+00        5.6051E+00        9.1022E-02
        7.6449E+00        0.0000E+00        5.5710E+00        9.2043E-02
        7.6817E+00        0.0000E+00        5.7384E+00        9.7474E-02
        7.7188E+00        0.0000E+00        5.6139E+00        1.0393E-01
        7.7562E+00        0.0000E+00        5.5827E+00        1.0836E-01
        7.7938E+00        0.0000E+00        5.7771E+00        1.0756E-01
        7.8317E+00        0.0000E+00        5.5840E+00        1.0308E-01
        7.8699E+00        0.0000E+00        5.4629E+00        9.9089E-02
        7.9084E+00        0.0000E+00        5.4184E+00        9.6420E-02
        7.9471E+00        0.0000E+00        5.4999E+00        9.4260E-02
        7.9861E+00        0.0000E+00        5.5066E+00        9.2729E-02
        8.0255E+00        0.0000E+00        5.3415E+00        9.1920E-02
        8.0651E+00        0.0000E+00        5.3498E+00        9.1608E-02
        8.1050E+00        0.0000E+00        5.4830E+00        8.9926E-02
        8.1452E+00        0.0000E+00        5.5290E+00        8.6144E-02
        8.1857E+00        0.0000E+00        5.3119E+00        7.9894E-02
        8.2265E+00        0.0000E+00        5.4475E+00        7.5070E-02
        8.2677E+00        0.0000E+00        5.4589E+00        7.1762E-02
        8.3091E+00        0.0000E+00        5.3091E+00        6.8983E-02
        8.3508E+00        0.0000E+00        5.2156E+00        6.6514E-02
        8.3929E+00        0.0000E+00        5.4616E+00        6.6285E-02
        8.4353E+00        0.0000E+00        5.4439E+00        6.5257E-02
        8.4780E+00        0.0000E+00        5.4919E+00        6.4521E-02
        8.5210E+00        0.0000E+00        5.3905E+00        6.3790E-02
        8.5644E+00        0.0000E+00        5.3447E+00        6.3555E-02
        8.6081E+00        0.0000E+00        5.2744E+00        6.2660E-02
        8.6521E+00        0.0000E+00        5.3772E+00        6.2374E-02
        8.6965E+00        0.0000E+00        5.3529E+00        6.2307E-02
        8.7412E+00        0.0000E+00        5.3551E+00        6.2195E-02
        8.7863E+00        0.0000E+00        5.2917E+00        6.1637E-02
        8.8317E+00        0.0000E+00        5.3398E+00        6.1543E-02
        8.8774E+00        0.0000E+00        5.4239E+00        6.1892E-02
        8.9236E+00        0.0000E+00        5.2932E+00        6.1807E-02
        8.9701E+00        0.0000E+00        5.2139E+00        6.2036E-02
        9.0169E+00        0.0000E+00        5.2728E+00        6.3008E-02
        9.0641E+00        0.0000E+00        5.2569E+00        6.3650E-02
        9.1118E+00        0.0000E+00        5.2364E+00        6.5022E-02
        9.1597E+00        0.0000E+00        5.1262E+00        6.5436E-02
        9.2081E+00        0.0000E+00        5.1854E+00        6.5749E-02
        9.2568E+00        0.0000E+00        5.3005E+00        6.6203E-02
        9.3060E+00        0.0000E+00        5.2647E+00        6.5984E-02
        9.3555E+00        0.0000E+00        5.2574E+00        6.5252E-02
        9.4054E+00        0.0000E+00        5.3458E+00        6.4538E-02
        9.4558E+00        0.0000E+00        5.2162E+00        6.3940E-02
        9.5065E+00        0.0000E+00        5.0722E+00        6.2744E-02
        9.5576E+00        0.0000E+00        5.2331E+00        6.2566E-02
        9.6092E+00        0.0000E+00        5.1883E+00        6.2358E-02
        9.6612E+00        0.0000E+00        5.2236E+00        6.2256E-02
        9.7136E+00        0.0000E+00        5.2305E+00        6.1842E-02
        9.7665E+00        0.0000E+00        5.3156E+00        6.1748E-02
        9.8197E+00        0.0000E+00        5.1273E+00        6.1109E-02
        9.8735E+00        0.0000E+00        5.2547E+00        6.0453E-02
        9.9276E+00        0.0000E+00        5.2634E+00        5.9492E-02
        9.9822E+00        0.0000E+00        5.0914E+00        5.8630E-02
        1.0037E+01        0.0000E+00        5.1537E+00        5.8137E-02
        1.0093E+01        0.0000E+00        5.2386E+00        5.8225E-02
        1.0149E+01        0.0000E+00        5.2212E+00        5.7874E-02
        1.0205E+01        0.0000E+00        5.2048E+00        5.7217E-02
        1.0262E+01        0.0000E+00        5.2378E+00        5.7486E-02
        1.0320E+01        0.0000E+00        5.2008E+00        5.7312E-02
        1.0377E+01        0.0000E+00        5.1752E+00        5.7282E-02
        1.0436E+01        0.0000E+00        5.0597E+00        5.7782E-02
        1.0495E+01        0.0000E+00        5.1583E+00        5.8613E-02
        1.0554E+01        0.0000E+00        5.1798E+00        5.9049E-02
        1.0614E+01        0.0000E+00        5.1626E+00        5.9555E-02
        1.0674E+01        0.0000E+00        5.2169E+00        6.0295E-02
        1.0735E+01        0.0000E+00        5.1584E+00        6.0482E-02
        1.0797E+01        0.0000E+00        5.1110E+00        6.1231E-02
        1.0859E+01        0.0000E+00        5.1857E+00        6.1673E-02
        1.0921E+01        0.0000E+00        5.3362E+00        6.2156E-02
        1.0984E+01        0.0000E+00        5.1894E+00        6.2004E-02
        1.1048E+01        0.0000E+00        5.1202E+00        6.1563E-02
        1.1112E+01        0.0000E+00        5.2381E+00        6.1322E-02
        1.1177E+01        0.0000E+00        5.0837E+00        6.0963E-02
        1.1242E+01        0.0000E+00        5.2054E+00        6.0644E-02
        1.1308E+01        0.0000E+00        5.1584E+00        6.9705E-02
        1.1375E+01        0.0000E+00        5.1696E+00        7.1872E-02
        1.1442E+01        0.0000E+00        5.1280E+00        7.1233E-02
        1.1509E+01        0.0000E+00        5.0537E+00        7.0332E-02
        1.1578E+01        0.0000E+00        5.2563E+00        6.9989E-02
        1.1647E+01        0.0000E+00        5.1982E+00        6.9500E-02
        1.1716E+01        0.0000E+00        5.1734E+00        6.9513E-02
        1.1786E+01        0.0000E+00        5.0354E+00        6.9110E-02
        1.1857E+01        0.0000E+00        5.1949E+00        7.0199E-02
        1.1928E+01        0.0000E+00        5.2254E+00        7.1113E-02
        1.2001E+01        0.0000E+00        5.1590E+00        7.2842E-02
        1.2073E+01        0.0000E+00        5.1532E+00        7.3433E-02
        1.2147E+01        0.0000E+00        5.0910E+00        7.2633E-02
        1.2221E+01        0.0000E+00        5.1682E+00        7.1973E-02
        1.2295E+01        0.0000E+00        5.1203E+00        7.0799E-02
        1.2371E+01        0.0000E+00        5.2274E+00        7.0093E-02
        1.2447E+01        0.0000E+00        5.2753E+00        6.8885E-02
        1.2524E+01        0.0000E+00        5.3248E+00        6.8948E-02
        1.2601E+01        0.0000E+00        5.3087E+00        6.9230E-02
        1.2680E+01        0.0000E+00        5.2620E+00        6.9338E-02
        1.2759E+01        0.0000E+00        5.2578E+00        7.0067E-02
        1.2839E+01        0.0000E+00        5.3399E+00        7.0738E-02
        1.2919E+01        0.0000E+00        5.3154E+00        7.1550E-02
        1.3000E+01        0.0000E+00        5.3327E+00        7.1808E-02
        1.3083E+01        0.0000E+00        5.2851E+00        7.2025E-02
        1.3165E+01        0.0000E+00        5.3591E+00        7.1531E-02
        1.3249E+01        0.0000E+00        5.3293E+00        7.1360E-02
        1.3334E+01        0.0000E+00        5.3675E+00        7.1203E-02
        1.3419E+01        0.0000E+00        5.2997E+00        7.0578E-02
        1.3505E+01        0.0000E+00        5.4250E+00        7.0709E-02
        1.3592E+01        0.0000E+00        5.4083E+00        7.0317E-02
        1.3680E+01        0.0000E+00        5.3331E+00        7.0257E-02
        1.3768E+01        0.0000E+00        5.3841E+00        6.9911E-02
        1.3858E+01        0.0000E+00        5.4014E+00        6.9420E-02
        1.3948E+01        0.0000E+00        5.3456E+00        6.8515E-02
        1.4040E+01        0.0000E+00        5.4885E+00        6.8786E-02
        1.4132E+01        0.0000E+00        5.5101E+00        6.8842E-02
        1.4225E+01        0.0000E+00        5.4892E+00        6.8823E-02
        1.4319E+01        0.0000E+00        5.4095E+00        6.8741E-02
        1.4414E+01        0.0000E+00        5.5749E+00        6.8975E-02
        1.4510E+01        0.0000E+00        5.5639E+00        6.9747E-02
        1.4607E+01        0.0000E+00        5.5015E+00        7.0348E-02
        1.4705E+01        0.0000E+00        5.5286E+00        7.1121E-02
        1.4804E+01        0.0000E+00        5.5607E+00        7.1095E-02
        1.4904E+01        0.0000E+00        5.4679E+00        7.0820E-02
        1.5005E+01        0.0000E+00        5.4266E+00        7.1151E-02
        1.5107E+01        0.0000E+00        5.4632E+00        7.1423E-02
        1.5210E+01        0.0000E+00        5.6590E+00        7.2827E-02
        1.5314E+01        0.0000E+00        5.5436E+00        7.3587E-02
        1.5419E+01        0.0000E+00        5.6855E+00        7.4834E-02
        1.5525E+01        0.0000E+00        5.6106E+00        7.5161E-02
        1.5633E+01        0.0000E+00        5.5760E+00        7.6210E-02
        1.5741E+01        0.0000E+00        5.7243E+00        7.7247E-02
        1.5851E+01        0.0000E+00        5.7091E+00        7.7836E-02
        1.5962E+01        0.0000E+00        5.6938E+00        7.8272E-02
        1.6074E+01        0.0000E+00        5.6608E+00        7.7932E-02
        1.6187E+01        0.0000E+00        5.7125E+00        7.7500E-02
        1.6301E+01        0.0000E+00        5.7258E+00        7.6699E-02
        1.6417E+01        0.0000E+00        5.7507E+00        7.6071E-02
        1.6534E+01        0.0000E+00        5.8155E+00        7.5434E-02
        1.6652E+01        0.0000E+00        5.7227E+00        7.4820E-02
        1.6771E+01        0.0000E+00        5.7222E+00        7.4490E-02
        1.6892E+01        0.0000E+00        5.7315E+00        7.4351E-02
        1.7014E+01        0.0000E+00        5.8464E+00        7.4086E-02
        1.7137E+01        0.0000E+00        5.8728E+00        7.3948E-02
        1.7262E+01        0.0000E+00        5.9331E+00        7.3825E-02
        1.7388E+01        0.0000E+00        5.7396E+00        7.2934E-02
        1.7516E+01        0.0000E+00        5.7133E+00        7.2514E-02
        1.7645E+01        0.0000E+00        5.8858E+00        7.3004E-02
        1.7775E+01        0.0000E+00        5.8288E+00        7.2496E-02
        1.7907E+01        0.0000E+00        5.8290E+00        7.2342E-02
        1.8040E+01        0.0000E+00        5.7251E+00        7.2111E-02
        1.8175E+01        0.0000E+00        5.8340E+00        7.2378E-02
        1.8311E+01        0.0000E+00        5.7514E+00        7.2272E-02
        1.8449E+01        0.0000E+00        5.7942E+00        7.2040E-02
        1.8589E+01        0.0000E+00        5.9767E+00        7.2348E-02
        1.8730E+01        0.0000E+00        5.9253E+00        7.2496E-02
        1.8873E+01        0.0000E+00        5.8247E+00        7.2065E-02
        1.9017E+01        0.0000E+00        5.8950E+00        7.2343E-02
        1.9163E+01        0.0000E+00        5.9142E+00        7.2610E-02
        1.9311E+01        0.0000E+00        6.0511E+00        7.3027E-02
        1.9460E+01        0.0000E+00        5.8908E+00        7.3001E-02
        1.9612E+01        0.0000E+00        5.8910E+00        7.2233E-02
        1.9765E+01        0.0000E+00        5.8677E+00        7.1619E-02
        1.9920E+01        0.0000E+00        5.9610E+00        7.1268E-02
        2.0076E+01        0.0000E+00        5.8595E+00        7.0124E-02
        2.0235E+01        0.0000E+00        5.8767E+00        6.9492E-02
        2.0395E+01        0.0000E+00        5.9148E+00        6.8636E-02
        2.0558E+01        0.0000E+00        5.8473E+00        6.7563E-02
        2.0722E+01        0.0000E+00        5.8302E+00        6.7046E-02
        2.0889E+01        0.0000E+00        5.8384E+00        6.6278E-02
        2.1057E+01        0.0000E+00        5.8733E+00        6.6110E-02
        2.1228E+01        0.0000E+00        5.8700E+00        6.5833E-02
        2.1400E+01        0.0000E+00        5.9163E+00        6.5715E-02
        2.1575E+01        0.0000E+00        5.8330E+00        6.5110E-02
        2.1752E+01        0.0000E+00        5.8010E+00        6.4639E-02
        2.1931E+01        0.0000E+00        5.7711E+00        6.4167E-02
        2.2113E+01        0.0000E+00        5.7718E+00        6.3661E-02
        2.2296E+01        0.0000E+00        5.7736E+00        6.3693E-02
        2.2482E+01        0.0000E+00        5.8941E+00        6.3852E-02
        2.2671E+01        0.0000E+00        5.8059E+00        6.3589E-02
        2.2862E+01        0.0000E+00        5.8823E+00        6.3654E-02
        2.3055E+01        0.0000E+00        5.7796E+00        6.4035E-02
        2.3250E+01        0.0000E+00        5.7356E+00        6.3622E-02
        2.3449E+01        0.0000E+00        5.6196E+00        6.3261E-02
        2.3650E+01        0.0000E+00        5.7298E+00        6.3518E-02
        2.3853E+01        0.0000E+00        5.7434E+00        6.3474E-02
        2.4059E+01        0.0000E+00        5.5756E+00        6.2946E-02
        2.4268E+01        0.0000E+00        5.6850E+00        6.3267E-02
        2.4480E+01        0.0000E+00        5.6096E+00        6.3142E-02
        2.4694E+01        0.0000E+00        5.6972E+00        6.3304E-02
        2.4911E+01        0.0000E+00        5.7292E+00        6.3276E-02
        2.5132E+01        0.0000E+00        5.5916E+00        6.3083E-02
        2.5355E+01        0.0000E+00        5.5434E+00        6.2938E-02
        2.5581E+01        0.0000E+00        5.6870E+00        6.3135E-02
        2.5810E+01        0.0000E+00        5.5910E+00        6.3138E-02
        2.6043E+01        0.0000E+00        5.6552E+00        6.2858E-02
        2.6278E+01        0.0000E+00        5.5669E+00        6.2657E-02
        2.6517E+01        0.0000E+00        5.5703E+00        6.2814E-02
        2.6759E+01        0.0000E+00        5.5616E+00        6.2690E-02
        2.7005E+01        0.0000E+00        5.5330E+00        6.2599E-02
        2.7254E+01        0.0000E+00        5.3899E+00        6.2628E-02
        2.7507E+01        0.0000E+00        5.5120E+00        6.2923E-02
        2.7763E+01        0.0000E+00        5.4944E+00        6.3208E-02
        2.8023E+01        0.0000E+00        5.4119E+00        6.2868E-02
        2.8286E+01        0.0000E+00        5.4555E+00        6.3043E-02
        2.8553E+01        0.0000E+00        5.2359E+00        6.2601E-02
        2.8825E+01        0.0000E+00        5.2844E+00        6.3288E-02
        2.9100E+01        0.0000E+00        5.2069E+00        6.3079E-02
        2.9379E+01        0.0000E+00        5.1665E+00        6.2903E-02
        2.9662E+01        0.0000E+00        5.1731E+00        6.2816E-02
        2.9949E+01        0.0000E+00        5.1292E+00        6.3008E-02
        3.0241E+01        0.0000E+00        5.1987E+00        6.3406E-02
        3.0537E+01        0.0000E+00        5.1898E+00        6.3398E-02
        3.0838E+01        0.0000E+00        5.2365E+00        6.3834E-02
        3.1143E+01        0.0000E+00        5.1445E+00        6.3857E-02
        3.1452E+01        0.0000E+00        4.9834E+00        6.3850E-02
        3.1766E+01        0.0000E+00        4.9689E+00        6.3862E-02
        3.2085E+01        0.0000E+00        5.0150E+00        6.3990E-02
        3.2409E+01        0.0000E+00        5.0172E+00        6.4286E-02
        3.2738E+01        0.0000E+00        4.8621E+00        6.4239E-02
        3.3073E+01        0.0000E+00        4.8831E+00        6.4446E-02
        3.3412E+01        0.0000E+00        4.8668E+00        6.4696E-02
        3.3757E+01        0.0000E+00        4.8303E+00        6.5005E-02
        3.4107E+01        0.0000E+00        4.7635E+00        6.5147E-02
        3.4463E+01        0.0000E+00        4.8537E+00        6.5412E-02
        3.4824E+01        0.0000E+00        4.7375E+00        6.5437E-02
        3.5192E+01        0.0000E+00        4.6468E+00        6.5653E-02
        3.5565E+01        0.0000E+00        4.7727E+00        6.6399E-02
        3.5945E+01        0.0000E+00        4.6326E+00        6.6409E-02
        3.6330E+01        0.0000E+00        4.6768E+00        6.6871E-02
        3.6722E+01        0.0000E+00        4.5579E+00        6.6874E-02
        3.7120E+01        0.0000E+00        4.5576E+00        6.6996E-02
        3.7525E+01        0.0000E+00        4.6436E+00        6.7965E-02
        3.7937E+01        0.0000E+00        4.4837E+00        6.8029E-02
        3.8356E+01        0.0000E+00        4.5900E+00        6.8511E-02
        3.8782E+01        0.0000E+00        4.5696E+00        6.8850E-02
        3.9215E+01        0.0000E+00        4.5183E+00        6.9462E-02
        3.9656E+01        0.0000E+00        4.4739E+00        6.9954E-02
        4.0104E+01        0.0000E+00        4.3900E+00        7.0285E-02
        4.0560E+01        0.0000E+00        4.4370E+00        7.1057E-02
        4.1025E+01        0.0000E+00        4.4103E+00        7.1387E-02
        4.1497E+01        0.0000E+00        4.3792E+00        7.1899E-02
        4.1977E+01        0.0000E+00        4.3447E+00        7.2365E-02
        4.2467E+01        0.0000E+00        4.3827E+00        7.2919E-02
        4.2965E+01        0.0000E+00        4.3808E+00        7.3733E-02
        4.3472E+01        0.0000E+00        4.3540E+00        7.4705E-02
        4.3988E+01        0.0000E+00        4.3314E+00        7.5154E-02
        4.4514E+01        0.0000E+00        4.3562E+00        7.6000E-02
        4.5049E+01        0.0000E+00        4.4084E+00        7.6784E-02
        4.5595E+01        0.0000E+00        4.3782E+00        7.7517E-02
        4.6151E+01        0.0000E+00        4.2940E+00        7.8678E-02
        4.6717E+01        0.0000E+00        4.3900E+00        7.9583E-02
        4.7294E+01        0.0000E+00        4.3410E+00        8.0298E-02
        4.7882E+01        0.0000E+00        4.4454E+00        8.1195E-02
        4.8481E+01        0.0000E+00        4.2311E+00        8.2135E-02
        4.9092E+01        0.0000E+00        4.3822E+00        8.3521E-02
        4.9714E+01        0.0000E+00        4.4182E+00        8.5034E-02
        5.0349E+01        0.0000E+00        4.3106E+00        8.6222E-02
        5.0997E+01        0.0000E+00        4.5251E+00        8.7482E-02
        5.1657E+01        0.0000E+00        4.3616E+00        8.8398E-02
        5.2331E+01        0.0000E+00        4.3956E+00        8.9690E-02
        5.3018E+01        0.0000E+00        4.4528E+00        9.1799E-02
        5.3720E+01        0.0000E+00        4.4264E+00        9.2295E-02
        5.4435E+01        0.0000E+00        4.4059E+00        9.4361E-02
        5.5166E+01        0.0000E+00        4.4377E+00        9.6761E-02
        5.5912E+01        0.0000E+00        4.7244E+00        9.8733E-02
        5.6673E+01        0.0000E+00        4.2984E+00        9.9477E-02
        5.7451E+01        0.0000E+00        4.4703E+00        1.0238E-01
        5.8245E+01        0.0000E+00        4.5816E+00        1.0420E-01
        5.9056E+01        0.0000E+00        4.5623E+00        1.0593E-01
        5.9885E+01        0.0000E+00        4.5690E+00        1.0890E-01
        6.0733E+01        0.0000E+00        4.6643E+00        1.1151E-01
        6.1598E+01        0.0000E+00        4.5846E+00        1.1370E-01
        6.2483E+01        0.0000E+00        4.6041E+00        1.1695E-01
        6.3388E+01        0.0000E+00        4.6064E+00        1.1917E-01
        6.4313E+01        0.0000E+00        4.6826E+00        1.2416E-01
        6.5260E+01        0.0000E+00        4.7127E+00        1.2797E-01
        6.6228E+01        0.0000E+00        4.8839E+00        1.3060E-01
        6.7218E+01        0.0000E+00        4.7528E+00        1.3400E-01
        6.8232E+01        0.0000E+00        4.7931E+00        1.3950E-01
        6.9270E+01        0.0000E+00        4.8931E+00        1.4362E-01
        7.0332E+01        0.0000E+00        4.5703E+00        1.4603E-01
        7.1420E+01        0.0000E+00        4.8207E+00        1.5338E-01
        7.2535E+01        0.0000E+00        4.8268E+00        1.5782E-01
        7.3676E+01        0.0000E+00        4.9824E+00        1.6575E-01
        7.4846E+01        0.0000E+00        5.0986E+00        1.7249E-01
        7.6045E+01        0.0000E+00        5.0103E+00        1.8089E-01
        7.7275E+01        0.0000E+00        4.8240E+00        1.8397E-01
        7.8535E+01        0.0000E+00        4.8918E+00        1.9282E-01
        7.9828E+01        0.0000E+00        4.6577E+00        2.0090E-01
