# entry-subent-pointer  : 12684-002-0 
# EXFOR reaction        : ['82-PB-206', ['N,TOT'], ',,SIG'] 
# incident energy       : 3.60e-02 MeV - 6.63e-01 MeV 
# target                : Pb-206 
# product               : - 
# level energy          : - 
# MF-MT number          : 3 - 1 
# first author          : J.A.Farrell 
# institute             : (1USADKE): Duke University, Durham, NC 
# reference             : (J,PL,17,286,6507) 
# year                  : 1965 
# facility              : None 
# git                   : https://github.com/IAEA-NDS/exfor_master/blob/main/exforall/126/12684.x4 
# nds                   : https://nds.iaea.org/EXFOR/12684
#
#       E_in(MeV)       dE_in(MeV)            XS(B)           dXS(B)
      3.60000E-02      0.00000E+00      1.03786E+01      0.00000E+00
      3.70000E-02      0.00000E+00      1.02940E+01      0.00000E+00
      3.80000E-02      0.00000E+00      1.00621E+01      0.00000E+00
      3.90000E-02      0.00000E+00      9.79599E+00      0.00000E+00
      4.00000E-02      0.00000E+00      9.92396E+00      0.00000E+00
      4.10000E-02      0.00000E+00      1.06000E+01      0.00000E+00
      4.20000E-02      0.00000E+00      1.05858E+01      0.00000E+00
      4.30000E-02      0.00000E+00      1.04812E+01      0.00000E+00
      4.40000E-02      0.00000E+00      1.01193E+01      0.00000E+00
      4.50000E-02      0.00000E+00      1.04519E+01      0.00000E+00
      4.60000E-02      0.00000E+00      9.82844E+00      0.00000E+00
      4.70000E-02      0.00000E+00      1.01367E+01      0.00000E+00
      4.80000E-02      0.00000E+00      1.08606E+01      0.00000E+00
      4.90000E-02      0.00000E+00      1.07428E+01      0.00000E+00
      5.00000E-02      0.00000E+00      8.99103E+00      0.00000E+00
      5.15000E-02      0.00000E+00      9.61204E+00      0.00000E+00
      5.20000E-02      0.00000E+00      9.44400E+00      0.00000E+00
      5.25000E-02      0.00000E+00      9.39686E+00      0.00000E+00
      5.30000E-02      0.00000E+00      9.59166E+00      0.00000E+00
      5.35000E-02      0.00000E+00      9.85404E+00      0.00000E+00
      5.40000E-02      0.00000E+00      9.89527E+00      0.00000E+00
      5.45000E-02      0.00000E+00      9.67473E+00      0.00000E+00
      5.50000E-02      0.00000E+00      9.62879E+00      0.00000E+00
      5.55000E-02      0.00000E+00      8.80055E+00      0.00000E+00
      5.60000E-02      0.00000E+00      9.32187E+00      0.00000E+00
      5.65000E-02      0.00000E+00      9.38758E+00      0.00000E+00
      5.70000E-02      0.00000E+00      9.85415E+00      0.00000E+00
      5.75000E-02      0.00000E+00      9.32416E+00      0.00000E+00
      5.80000E-02      0.00000E+00      9.12737E+00      0.00000E+00
      5.85000E-02      0.00000E+00      9.34146E+00      0.00000E+00
      5.90000E-02      0.00000E+00      8.94896E+00      0.00000E+00
      5.95000E-02      0.00000E+00      9.22382E+00      0.00000E+00
      6.00000E-02      0.00000E+00      9.25106E+00      0.00000E+00
      6.05000E-02      0.00000E+00      8.90643E+00      0.00000E+00
      6.10000E-02      0.00000E+00      8.72977E+00      0.00000E+00
      6.15000E-02      0.00000E+00      8.79939E+00      0.00000E+00
      6.20000E-02      0.00000E+00      8.83413E+00      0.00000E+00
      6.25000E-02      0.00000E+00      8.41734E+00      0.00000E+00
      6.30000E-02      0.00000E+00      8.74909E+00      0.00000E+00
      6.35000E-02      0.00000E+00      8.71004E+00      0.00000E+00
      6.40000E-02      0.00000E+00      9.16011E+00      0.00000E+00
      6.45000E-02      0.00000E+00      9.27724E+00      0.00000E+00
      6.50000E-02      0.00000E+00      9.33638E+00      0.00000E+00
      6.55000E-02      0.00000E+00      9.92773E+00      0.00000E+00
      6.60000E-02      0.00000E+00      9.42101E+00      0.00000E+00
      6.65000E-02      0.00000E+00      9.67205E+00      0.00000E+00
      6.70000E-02      0.00000E+00      1.02121E+01      0.00000E+00
      6.75000E-02      0.00000E+00      9.80252E+00      0.00000E+00
      6.80000E-02      0.00000E+00      9.61896E+00      0.00000E+00
      6.85000E-02      0.00000E+00      9.00147E+00      0.00000E+00
      6.90000E-02      0.00000E+00      9.57668E+00      0.00000E+00
      6.95000E-02      0.00000E+00      9.30099E+00      0.00000E+00
      7.00000E-02      0.00000E+00      9.18151E+00      0.00000E+00
      7.05000E-02      0.00000E+00      9.25468E+00      0.00000E+00
      7.10000E-02      0.00000E+00      9.43167E+00      0.00000E+00
      7.15000E-02      0.00000E+00      9.18709E+00      0.00000E+00
      7.20000E-02      0.00000E+00      8.91666E+00      0.00000E+00
      7.25000E-02      0.00000E+00      9.39157E+00      0.00000E+00
      7.30000E-02      0.00000E+00      8.66689E+00      0.00000E+00
      7.35000E-02      0.00000E+00      9.04818E+00      0.00000E+00
      7.40000E-02      0.00000E+00      9.13422E+00      0.00000E+00
      7.45000E-02      0.00000E+00      8.77944E+00      0.00000E+00
      7.50000E-02      0.00000E+00      9.08632E+00      0.00000E+00
      7.55000E-02      0.00000E+00      9.02000E+00      0.00000E+00
      7.60000E-02      0.00000E+00      9.36934E+00      0.00000E+00
      7.65000E-02      0.00000E+00      9.32144E+00      0.00000E+00
      7.70000E-02      0.00000E+00      9.21150E+00      0.00000E+00
      7.75000E-02      0.00000E+00      9.08197E+00      0.00000E+00
      7.80000E-02      0.00000E+00      8.96662E+00      0.00000E+00
      7.85000E-02      0.00000E+00      9.22031E+00      0.00000E+00
      7.90000E-02      0.00000E+00      8.79649E+00      0.00000E+00
      7.95000E-02      0.00000E+00      9.54938E+00      0.00000E+00
      8.00000E-02      0.00000E+00      8.87496E+00      0.00000E+00
      8.05000E-02      0.00000E+00      9.23064E+00      0.00000E+00
      8.10000E-02      0.00000E+00      9.25958E+00      0.00000E+00
      8.15000E-02      0.00000E+00      8.95622E+00      0.00000E+00
      8.20000E-02      0.00000E+00      9.40760E+00      0.00000E+00
      8.25000E-02      0.00000E+00      9.07175E+00      0.00000E+00
      8.30000E-02      0.00000E+00      8.58806E+00      0.00000E+00
      8.35000E-02      0.00000E+00      9.05267E+00      0.00000E+00
      8.40000E-02      0.00000E+00      8.66315E+00      0.00000E+00
      8.45000E-02      0.00000E+00      8.52823E+00      0.00000E+00
      8.55000E-02      0.00000E+00      8.39185E+00      0.00000E+00
      8.60000E-02      0.00000E+00      8.66134E+00      0.00000E+00
      8.65000E-02      0.00000E+00      8.61587E+00      0.00000E+00
      8.70000E-02      0.00000E+00      9.06819E+00      0.00000E+00
      8.75000E-02      0.00000E+00      8.73354E+00      0.00000E+00
      8.80000E-02      0.00000E+00      9.94045E+00      0.00000E+00
      8.85000E-02      0.00000E+00      9.28478E+00      0.00000E+00
      8.90000E-02      0.00000E+00      1.01293E+01      0.00000E+00
      8.95000E-02      0.00000E+00      9.38976E+00      0.00000E+00
      9.00000E-02      0.00000E+00      9.40422E+00      0.00000E+00
      9.05000E-02      0.00000E+00      9.08186E+00      0.00000E+00
      9.10000E-02      0.00000E+00      9.05013E+00      0.00000E+00
      9.15000E-02      0.00000E+00      8.97805E+00      0.00000E+00
      9.20000E-02      0.00000E+00      9.12139E+00      0.00000E+00
      9.25000E-02      0.00000E+00      8.78869E+00      0.00000E+00
      9.30000E-02      0.00000E+00      9.23967E+00      0.00000E+00
      9.35000E-02      0.00000E+00      8.75319E+00      0.00000E+00
      9.40000E-02      0.00000E+00      8.90610E+00      0.00000E+00
      9.50000E-02      0.00000E+00      8.73948E+00      0.00000E+00
      9.55000E-02      0.00000E+00      8.72244E+00      0.00000E+00
      9.60000E-02      0.00000E+00      8.51738E+00      0.00000E+00
      9.65000E-02      0.00000E+00      8.57058E+00      0.00000E+00
      9.70000E-02      0.00000E+00      8.93479E+00      0.00000E+00
      9.75000E-02      0.00000E+00      8.56891E+00      0.00000E+00
      9.80000E-02      0.00000E+00      8.27494E+00      0.00000E+00
      9.85000E-02      0.00000E+00      8.85588E+00      0.00000E+00
      9.90000E-02      0.00000E+00      8.92811E+00      0.00000E+00
      9.95000E-02      0.00000E+00      8.45070E+00      0.00000E+00
      1.00000E-01      0.00000E+00      8.83536E+00      0.00000E+00
      1.00000E-01      0.00000E+00      8.41353E+00      0.00000E+00
      1.00500E-01      0.00000E+00      7.83321E+00      0.00000E+00
      1.01000E-01      0.00000E+00      7.84967E+00      0.00000E+00
      1.01500E-01      0.00000E+00      8.41712E+00      0.00000E+00
      1.02000E-01      0.00000E+00      9.04049E+00      0.00000E+00
      1.02500E-01      0.00000E+00      8.74416E+00      0.00000E+00
      1.03000E-01      0.00000E+00      8.27744E+00      0.00000E+00
      1.03500E-01      0.00000E+00      8.73499E+00      0.00000E+00
      1.04000E-01      0.00000E+00      8.17493E+00      0.00000E+00
      1.04500E-01      0.00000E+00      7.93811E+00      0.00000E+00
      1.05000E-01      0.00000E+00      8.18367E+00      0.00000E+00
      1.05500E-01      0.00000E+00      7.99058E+00      0.00000E+00
      1.06000E-01      0.00000E+00      8.00889E+00      0.00000E+00
      1.06500E-01      0.00000E+00      8.10774E+00      0.00000E+00
      1.07000E-01      0.00000E+00      7.64356E+00      0.00000E+00
      1.07500E-01      0.00000E+00      8.25007E+00      0.00000E+00
      1.08000E-01      0.00000E+00      7.91219E+00      0.00000E+00
      1.08500E-01      0.00000E+00      8.26084E+00      0.00000E+00
      1.09000E-01      0.00000E+00      7.88767E+00      0.00000E+00
      1.09500E-01      0.00000E+00      8.29282E+00      0.00000E+00
      1.10000E-01      0.00000E+00      8.09690E+00      0.00000E+00
      1.10500E-01      0.00000E+00      8.30391E+00      0.00000E+00
      1.11000E-01      0.00000E+00      8.23408E+00      0.00000E+00
      1.11500E-01      0.00000E+00      7.83625E+00      0.00000E+00
      1.12000E-01      0.00000E+00      7.97111E+00      0.00000E+00
      1.12500E-01      0.00000E+00      8.17827E+00      0.00000E+00
      1.13000E-01      0.00000E+00      8.43068E+00      0.00000E+00
      1.13500E-01      0.00000E+00      7.74201E+00      0.00000E+00
      1.14000E-01      0.00000E+00      7.84021E+00      0.00000E+00
      1.14500E-01      0.00000E+00      7.43731E+00      0.00000E+00
      1.15000E-01      0.00000E+00      8.15115E+00      0.00000E+00
      1.15500E-01      0.00000E+00      7.97100E+00      0.00000E+00
      1.16000E-01      0.00000E+00      7.52702E+00      0.00000E+00
      1.16500E-01      0.00000E+00      7.97332E+00      0.00000E+00
      1.17000E-01      0.00000E+00      7.72265E+00      0.00000E+00
      1.17500E-01      0.00000E+00      6.93745E+00      0.00000E+00
      1.18000E-01      0.00000E+00      7.80761E+00      0.00000E+00
      1.18500E-01      0.00000E+00      7.98830E+00      0.00000E+00
      1.19000E-01      0.00000E+00      7.91204E+00      0.00000E+00
      1.19500E-01      0.00000E+00      7.73889E+00      0.00000E+00
      1.20000E-01      0.00000E+00      7.70934E+00      0.00000E+00
      1.20500E-01      0.00000E+00      7.43698E+00      0.00000E+00
      1.21000E-01      0.00000E+00      8.23817E+00      0.00000E+00
      1.21500E-01      0.00000E+00      8.19499E+00      0.00000E+00
      1.22000E-01      0.00000E+00      8.72922E+00      0.00000E+00
      1.22500E-01      0.00000E+00      9.64634E+00      0.00000E+00
      1.23000E-01      0.00000E+00      1.03875E+01      0.00000E+00
      1.23500E-01      0.00000E+00      1.11729E+01      0.00000E+00
      1.24000E-01      0.00000E+00      1.14317E+01      0.00000E+00
      1.24500E-01      0.00000E+00      1.07028E+01      0.00000E+00
      1.25000E-01      0.00000E+00      1.11160E+01      0.00000E+00
      1.25500E-01      0.00000E+00      9.26926E+00      0.00000E+00
      1.26000E-01      0.00000E+00      8.94675E+00      0.00000E+00
      1.26500E-01      0.00000E+00      8.69800E+00      0.00000E+00
      1.27000E-01      0.00000E+00      8.62193E+00      0.00000E+00
      1.27500E-01      0.00000E+00      8.26040E+00      0.00000E+00
      1.28000E-01      0.00000E+00      8.03594E+00      0.00000E+00
      1.28500E-01      0.00000E+00      8.65750E+00      0.00000E+00
      1.29000E-01      0.00000E+00      7.93097E+00      0.00000E+00
      1.29500E-01      0.00000E+00      7.51146E+00      0.00000E+00
      1.30000E-01      0.00000E+00      8.25315E+00      0.00000E+00
      1.30500E-01      0.00000E+00      7.81718E+00      0.00000E+00
      1.31000E-01      0.00000E+00      7.91211E+00      0.00000E+00
      1.31500E-01      0.00000E+00      7.51389E+00      0.00000E+00
      1.32000E-01      0.00000E+00      8.24010E+00      0.00000E+00
      1.32500E-01      0.00000E+00      7.59820E+00      0.00000E+00
      1.33000E-01      0.00000E+00      7.36725E+00      0.00000E+00
      1.33500E-01      0.00000E+00      7.41000E+00      0.00000E+00
      1.34000E-01      0.00000E+00      7.66227E+00      0.00000E+00
      1.34500E-01      0.00000E+00      7.56034E+00      0.00000E+00
      1.35000E-01      0.00000E+00      7.77824E+00      0.00000E+00
      1.35500E-01      0.00000E+00      7.29469E+00      0.00000E+00
      1.36000E-01      0.00000E+00      7.31776E+00      0.00000E+00
      1.36500E-01      0.00000E+00      7.41631E+00      0.00000E+00
      1.37000E-01      0.00000E+00      7.20738E+00      0.00000E+00
      1.37500E-01      0.00000E+00      7.35213E+00      0.00000E+00
      1.38000E-01      0.00000E+00      7.96643E+00      0.00000E+00
      1.38500E-01      0.00000E+00      7.01889E+00      0.00000E+00
      1.39000E-01      0.00000E+00      7.99232E+00      0.00000E+00
      1.39500E-01      0.00000E+00      9.04230E+00      0.00000E+00
      1.40000E-01      0.00000E+00      7.85467E+00      0.00000E+00
      1.40500E-01      0.00000E+00      8.24412E+00      0.00000E+00
      1.41000E-01      0.00000E+00      8.67817E+00      0.00000E+00
      1.41500E-01      0.00000E+00      7.43220E+00      0.00000E+00
      1.42000E-01      0.00000E+00      7.60284E+00      0.00000E+00
      1.42500E-01      0.00000E+00      7.64813E+00      0.00000E+00
      1.43000E-01      0.00000E+00      7.28621E+00      0.00000E+00
      1.43500E-01      0.00000E+00      6.96334E+00      0.00000E+00
      1.44000E-01      0.00000E+00      7.48840E+00      0.00000E+00
      1.44500E-01      0.00000E+00      6.70777E+00      0.00000E+00
      1.45000E-01      0.00000E+00      6.36800E+00      0.00000E+00
      1.45500E-01      0.00000E+00      6.38751E+00      0.00000E+00
      1.46000E-01      0.00000E+00      7.21296E+00      0.00000E+00
      1.46500E-01      0.00000E+00      7.37965E+00      0.00000E+00
      1.47000E-01      0.00000E+00      7.74738E+00      0.00000E+00
      1.47500E-01      0.00000E+00      7.68229E+00      0.00000E+00
      1.48000E-01      0.00000E+00      8.63179E+00      0.00000E+00
      1.48500E-01      0.00000E+00      1.07085E+01      0.00000E+00
      1.49000E-01      0.00000E+00      1.15346E+01      0.00000E+00
      1.49500E-01      0.00000E+00      1.29166E+01      0.00000E+00
      1.50000E-01      0.00000E+00      1.34194E+01      0.00000E+00
      1.50500E-01      0.00000E+00      1.30019E+01      0.00000E+00
      1.51100E-01      0.00000E+00      1.20078E+01      0.00000E+00
      1.51500E-01      0.00000E+00      1.11252E+01      0.00000E+00
      1.52000E-01      0.00000E+00      9.63978E+00      0.00000E+00
      1.52500E-01      0.00000E+00      9.83620E+00      0.00000E+00
      1.53000E-01      0.00000E+00      9.13013E+00      0.00000E+00
      1.53500E-01      0.00000E+00      8.60829E+00      0.00000E+00
      1.54000E-01      0.00000E+00      8.64201E+00      0.00000E+00
      1.54500E-01      0.00000E+00      8.00110E+00      0.00000E+00
      1.55000E-01      0.00000E+00      7.35489E+00      0.00000E+00
      1.55500E-01      0.00000E+00      7.71028E+00      0.00000E+00
      1.56000E-01      0.00000E+00      7.53449E+00      0.00000E+00
      1.56500E-01      0.00000E+00      7.43513E+00      0.00000E+00
      1.57000E-01      0.00000E+00      6.74487E+00      0.00000E+00
      1.57500E-01      0.00000E+00      7.05305E+00      0.00000E+00
      1.58000E-01      0.00000E+00      7.29604E+00      0.00000E+00
      1.58500E-01      0.00000E+00      7.09522E+00      0.00000E+00
      1.59000E-01      0.00000E+00      7.29107E+00      0.00000E+00
      1.59500E-01      0.00000E+00      7.57887E+00      0.00000E+00
      1.60000E-01      0.00000E+00      8.34333E+00      0.00000E+00
      1.60500E-01      0.00000E+00      7.42879E+00      0.00000E+00
      1.61000E-01      0.00000E+00      7.66971E+00      0.00000E+00
      1.61500E-01      0.00000E+00      7.81689E+00      0.00000E+00
      1.62000E-01      0.00000E+00      7.20571E+00      0.00000E+00
      1.62500E-01      0.00000E+00      7.11056E+00      0.00000E+00
      1.63000E-01      0.00000E+00      7.29390E+00      0.00000E+00
      1.63500E-01      0.00000E+00      7.12452E+00      0.00000E+00
      1.64000E-01      0.00000E+00      6.57886E+00      0.00000E+00
      1.64000E-01      0.00000E+00      7.13761E+00      0.00000E+00
      1.64500E-01      0.00000E+00      6.94263E+00      0.00000E+00
      1.65000E-01      0.00000E+00      7.06683E+00      0.00000E+00
      1.65500E-01      0.00000E+00      6.87040E+00      0.00000E+00
      1.66000E-01      0.00000E+00      7.26394E+00      0.00000E+00
      1.66500E-01      0.00000E+00      7.52151E+00      0.00000E+00
      1.67000E-01      0.00000E+00      7.40152E+00      0.00000E+00
      1.67500E-01      0.00000E+00      6.79052E+00      0.00000E+00
      1.68000E-01      0.00000E+00      7.06222E+00      0.00000E+00
      1.68500E-01      0.00000E+00      6.34012E+00      0.00000E+00
      1.69000E-01      0.00000E+00      7.07756E+00      0.00000E+00
      1.69500E-01      0.00000E+00      6.80172E+00      0.00000E+00
      1.70000E-01      0.00000E+00      6.68659E+00      0.00000E+00
      1.70500E-01      0.00000E+00      6.98082E+00      0.00000E+00
      1.71000E-01      0.00000E+00      6.60885E+00      0.00000E+00
      1.71500E-01      0.00000E+00      7.69219E+00      0.00000E+00
      1.72000E-01      0.00000E+00      7.12695E+00      0.00000E+00
      1.72500E-01      0.00000E+00      7.47078E+00      0.00000E+00
      1.73000E-01      0.00000E+00      7.84510E+00      0.00000E+00
      1.73500E-01      0.00000E+00      8.06481E+00      0.00000E+00
      1.74000E-01      0.00000E+00      7.10541E+00      0.00000E+00
      1.74500E-01      0.00000E+00      7.14515E+00      0.00000E+00
      1.75000E-01      0.00000E+00      6.81046E+00      0.00000E+00
      1.75500E-01      0.00000E+00      6.60689E+00      0.00000E+00
      1.76000E-01      0.00000E+00      6.85887E+00      0.00000E+00
      1.76500E-01      0.00000E+00      6.78570E+00      0.00000E+00
      1.77000E-01      0.00000E+00      6.78283E+00      0.00000E+00
      1.77500E-01      0.00000E+00      6.51185E+00      0.00000E+00
      1.78000E-01      0.00000E+00      6.51497E+00      0.00000E+00
      1.78500E-01      0.00000E+00      7.12597E+00      0.00000E+00
      1.79000E-01      0.00000E+00      6.44810E+00      0.00000E+00
      1.79500E-01      0.00000E+00      6.93933E+00      0.00000E+00
      1.80000E-01      0.00000E+00      6.63032E+00      0.00000E+00
      1.80500E-01      0.00000E+00      7.09421E+00      0.00000E+00
      1.81000E-01      0.00000E+00      7.29807E+00      0.00000E+00
      1.81500E-01      0.00000E+00      7.16114E+00      0.00000E+00
      1.82000E-01      0.00000E+00      7.08373E+00      0.00000E+00
      1.82500E-01      0.00000E+00      6.72673E+00      0.00000E+00
      1.83000E-01      0.00000E+00      6.49778E+00      0.00000E+00
      1.83500E-01      0.00000E+00      6.45434E+00      0.00000E+00
      1.84000E-01      0.00000E+00      5.92079E+00      0.00000E+00
      1.84500E-01      0.00000E+00      6.79559E+00      0.00000E+00
      1.85000E-01      0.00000E+00      6.49173E+00      0.00000E+00
      1.85500E-01      0.00000E+00      6.27739E+00      0.00000E+00
      1.86000E-01      0.00000E+00      6.54325E+00      0.00000E+00
      1.86500E-01      0.00000E+00      7.14131E+00      0.00000E+00
      1.87000E-01      0.00000E+00      7.45899E+00      0.00000E+00
      1.87500E-01      0.00000E+00      8.17591E+00      0.00000E+00
      1.88000E-01      0.00000E+00      9.83573E+00      0.00000E+00
      1.88500E-01      0.00000E+00      8.95687E+00      0.00000E+00
      1.89000E-01      0.00000E+00      8.52475E+00      0.00000E+00
      1.89500E-01      0.00000E+00      8.07772E+00      0.00000E+00
      1.90000E-01      0.00000E+00      7.69824E+00      0.00000E+00
      1.90500E-01      0.00000E+00      7.36181E+00      0.00000E+00
      1.91000E-01      0.00000E+00      7.13003E+00      0.00000E+00
      1.91500E-01      0.00000E+00      5.96670E+00      0.00000E+00
      1.92000E-01      0.00000E+00      6.71760E+00      0.00000E+00
      1.92500E-01      0.00000E+00      6.75426E+00      0.00000E+00
      1.93000E-01      0.00000E+00      6.46504E+00      0.00000E+00
      1.93500E-01      0.00000E+00      5.78384E+00      0.00000E+00
      1.94000E-01      0.00000E+00      6.47512E+00      0.00000E+00
      1.94500E-01      0.00000E+00      6.22477E+00      0.00000E+00
      1.95000E-01      0.00000E+00      6.46029E+00      0.00000E+00
      1.95500E-01      0.00000E+00      6.69823E+00      0.00000E+00
      1.96000E-01      0.00000E+00      6.17332E+00      0.00000E+00
      1.96500E-01      0.00000E+00      6.76307E+00      0.00000E+00
      1.97000E-01      0.00000E+00      7.62772E+00      0.00000E+00
      1.97500E-01      0.00000E+00      7.01584E+00      0.00000E+00
      1.98000E-01      0.00000E+00      6.72412E+00      0.00000E+00
      1.98500E-01      0.00000E+00      6.55261E+00      0.00000E+00
      1.99000E-01      0.00000E+00      6.01968E+00      0.00000E+00
      1.99500E-01      0.00000E+00      5.42797E+00      0.00000E+00
      2.00000E-01      0.00000E+00      5.78670E+00      0.00000E+00
      2.00500E-01      0.00000E+00      5.60344E+00      0.00000E+00
      2.01000E-01      0.00000E+00      5.23426E+00      0.00000E+00
      2.01500E-01      0.00000E+00      4.65430E+00      0.00000E+00
      2.02000E-01      0.00000E+00      4.63599E+00      0.00000E+00
      2.02500E-01      0.00000E+00      5.38275E+00      0.00000E+00
      2.03000E-01      0.00000E+00      6.08941E+00      0.00000E+00
      2.03500E-01      0.00000E+00      6.49158E+00      0.00000E+00
      2.04000E-01      0.00000E+00      5.19169E+00      0.00000E+00
      2.04500E-01      0.00000E+00      2.70881E+00      0.00000E+00
      2.05000E-01      0.00000E+00      2.68735E+00      0.00000E+00
      2.05500E-01      0.00000E+00      2.00419E+00      0.00000E+00
      2.06000E-01      0.00000E+00      1.89482E+00      0.00000E+00
      2.06500E-01      0.00000E+00      3.46337E+00      0.00000E+00
      2.07000E-01      0.00000E+00      5.34507E+00      0.00000E+00
      2.07500E-01      0.00000E+00      7.03078E+00      0.00000E+00
      2.08000E-01      0.00000E+00      8.69989E+00      0.00000E+00
      2.08500E-01      0.00000E+00      1.01034E+01      0.00000E+00
      2.09000E-01      0.00000E+00      1.06929E+01      0.00000E+00
      2.09500E-01      0.00000E+00      1.03792E+01      0.00000E+00
      2.10000E-01      0.00000E+00      9.99390E+00      0.00000E+00
      2.10500E-01      0.00000E+00      9.21211E+00      0.00000E+00
      2.11000E-01      0.00000E+00      9.50731E+00      0.00000E+00
      2.11500E-01      0.00000E+00      8.67313E+00      0.00000E+00
      2.12000E-01      0.00000E+00      8.73731E+00      0.00000E+00
      2.12500E-01      0.00000E+00      9.07044E+00      0.00000E+00
      2.13000E-01      0.00000E+00      8.88841E+00      0.00000E+00
      2.13500E-01      0.00000E+00      8.20612E+00      0.00000E+00
      2.14000E-01      0.00000E+00      7.76203E+00      0.00000E+00
      2.14500E-01      0.00000E+00      7.43988E+00      0.00000E+00
      2.15000E-01      0.00000E+00      6.64899E+00      0.00000E+00
      2.15500E-01      0.00000E+00      6.34026E+00      0.00000E+00
      2.16000E-01      0.00000E+00      6.01808E+00      0.00000E+00
      2.16500E-01      0.00000E+00      5.46158E+00      0.00000E+00
      2.17000E-01      0.00000E+00      4.93398E+00      0.00000E+00
      2.17500E-01      0.00000E+00      4.41614E+00      0.00000E+00
      2.18000E-01      0.00000E+00      4.10168E+00      0.00000E+00
      2.18500E-01      0.00000E+00      3.97346E+00      0.00000E+00
      2.19000E-01      0.00000E+00      4.43905E+00      0.00000E+00
      2.19500E-01      0.00000E+00      4.98845E+00      0.00000E+00
      2.20000E-01      0.00000E+00      7.17757E+00      0.00000E+00
      2.20500E-01      0.00000E+00      7.29669E+00      0.00000E+00
      2.21000E-01      0.00000E+00      7.79318E+00      0.00000E+00
      2.21500E-01      0.00000E+00      8.16018E+00      0.00000E+00
      2.22000E-01      0.00000E+00      8.68404E+00      0.00000E+00
      2.22500E-01      0.00000E+00      8.62479E+00      0.00000E+00
      2.23000E-01      0.00000E+00      8.84029E+00      0.00000E+00
      2.23500E-01      0.00000E+00      8.84065E+00      0.00000E+00
      2.24000E-01      0.00000E+00      8.62776E+00      0.00000E+00
      2.24500E-01      0.00000E+00      8.99215E+00      0.00000E+00
      2.25000E-01      0.00000E+00      8.73158E+00      0.00000E+00
      2.25500E-01      0.00000E+00      8.45781E+00      0.00000E+00
      2.26000E-01      0.00000E+00      8.18110E+00      0.00000E+00
      2.26500E-01      0.00000E+00      8.00266E+00      0.00000E+00
      2.27000E-01      0.00000E+00      8.47079E+00      0.00000E+00
      2.27500E-01      0.00000E+00      8.63436E+00      0.00000E+00
      2.28000E-01      0.00000E+00      8.55966E+00      0.00000E+00
      2.28500E-01      0.00000E+00      8.53087E+00      0.00000E+00
      2.29000E-01      0.00000E+00      8.13211E+00      0.00000E+00
      2.29500E-01      0.00000E+00      7.99435E+00      0.00000E+00
      2.30000E-01      0.00000E+00      8.19854E+00      0.00000E+00
      2.30500E-01      0.00000E+00      8.38358E+00      0.00000E+00
      2.31000E-01      0.00000E+00      8.14331E+00      0.00000E+00
      2.31500E-01      0.00000E+00      7.66565E+00      0.00000E+00
      2.32000E-01      0.00000E+00      6.91573E+00      0.00000E+00
      2.32500E-01      0.00000E+00      7.25756E+00      0.00000E+00
      2.33000E-01      0.00000E+00      7.01323E+00      0.00000E+00
      2.33500E-01      0.00000E+00      7.72018E+00      0.00000E+00
      2.34000E-01      0.00000E+00      8.20561E+00      0.00000E+00
      2.34500E-01      0.00000E+00      8.11851E+00      0.00000E+00
      2.35000E-01      0.00000E+00      8.20420E+00      0.00000E+00
      2.35500E-01      0.00000E+00      7.75039E+00      0.00000E+00
      2.36000E-01      0.00000E+00      7.36685E+00      0.00000E+00
      2.36500E-01      0.00000E+00      7.31337E+00      0.00000E+00
      2.37000E-01      0.00000E+00      7.40790E+00      0.00000E+00
      2.37500E-01      0.00000E+00      6.44005E+00      0.00000E+00
      2.38000E-01      0.00000E+00      7.30108E+00      0.00000E+00
      2.38500E-01      0.00000E+00      6.87225E+00      0.00000E+00
      2.39000E-01      0.00000E+00      7.38836E+00      0.00000E+00
      2.39500E-01      0.00000E+00      7.26742E+00      0.00000E+00
      2.40000E-01      0.00000E+00      6.96098E+00      0.00000E+00
      2.40500E-01      0.00000E+00      7.17438E+00      0.00000E+00
      2.41000E-01      0.00000E+00      6.26408E+00      0.00000E+00
      2.41500E-01      0.00000E+00      7.12916E+00      0.00000E+00
      2.42000E-01      0.00000E+00      6.82504E+00      0.00000E+00
      2.42500E-01      0.00000E+00      7.14120E+00      0.00000E+00
      2.43000E-01      0.00000E+00      6.32173E+00      0.00000E+00
      2.43500E-01      0.00000E+00      6.48524E+00      0.00000E+00
      2.44000E-01      0.00000E+00      6.48708E+00      0.00000E+00
      2.44500E-01      0.00000E+00      6.61762E+00      0.00000E+00
      2.45000E-01      0.00000E+00      6.12926E+00      0.00000E+00
      2.45500E-01      0.00000E+00      6.73489E+00      0.00000E+00
      2.46000E-01      0.00000E+00      6.43759E+00      0.00000E+00
      2.46500E-01      0.00000E+00      6.11697E+00      0.00000E+00
      2.47000E-01      0.00000E+00      6.04767E+00      0.00000E+00
      2.47500E-01      0.00000E+00      6.06809E+00      0.00000E+00
      2.48000E-01      0.00000E+00      5.76683E+00      0.00000E+00
      2.48500E-01      0.00000E+00      6.16828E+00      0.00000E+00
      2.49000E-01      0.00000E+00      5.94023E+00      0.00000E+00
      2.49500E-01      0.00000E+00      6.41518E+00      0.00000E+00
      2.50000E-01      0.00000E+00      6.02755E+00      0.00000E+00
      2.50500E-01      0.00000E+00      5.56395E+00      0.00000E+00
      2.51000E-01      0.00000E+00      6.11472E+00      0.00000E+00
      2.51500E-01      0.00000E+00      5.54400E+00      0.00000E+00
      2.52000E-01      0.00000E+00      4.63203E+00      0.00000E+00
      2.52500E-01      0.00000E+00      4.82444E+00      0.00000E+00
      2.53000E-01      0.00000E+00      4.54588E+00      0.00000E+00
      2.53500E-01      0.00000E+00      4.03224E+00      0.00000E+00
      2.54000E-01      0.00000E+00      3.45492E+00      0.00000E+00
      2.54500E-01      0.00000E+00      3.54445E+00      0.00000E+00
      2.55000E-01      0.00000E+00      3.26502E+00      0.00000E+00
      2.55500E-01      0.00000E+00      3.38737E+00      0.00000E+00
      2.56000E-01      0.00000E+00      3.66760E+00      0.00000E+00
      2.56500E-01      0.00000E+00      5.04886E+00      0.00000E+00
      2.57000E-01      0.00000E+00      5.94491E+00      0.00000E+00
      2.57500E-01      0.00000E+00      6.36380E+00      0.00000E+00
      2.58000E-01      0.00000E+00      7.26097E+00      0.00000E+00
      2.58500E-01      0.00000E+00      7.65372E+00      0.00000E+00
      2.59000E-01      0.00000E+00      7.62540E+00      0.00000E+00
      2.59500E-01      0.00000E+00      8.06561E+00      0.00000E+00
      2.60000E-01      0.00000E+00      8.01847E+00      0.00000E+00
      2.60500E-01      0.00000E+00      7.73570E+00      0.00000E+00
      2.61000E-01      0.00000E+00      7.88564E+00      0.00000E+00
      2.61500E-01      0.00000E+00      7.28120E+00      0.00000E+00
      2.62000E-01      0.00000E+00      7.45421E+00      0.00000E+00
      2.62500E-01      0.00000E+00      7.70517E+00      0.00000E+00
      2.63000E-01      0.00000E+00      7.82160E+00      0.00000E+00
      2.63500E-01      0.00000E+00      7.77747E+00      0.00000E+00
      2.64000E-01      0.00000E+00      7.23316E+00      0.00000E+00
      2.64500E-01      0.00000E+00      7.28081E+00      0.00000E+00
      2.65000E-01      0.00000E+00      7.26177E+00      0.00000E+00
      2.65500E-01      0.00000E+00      6.86543E+00      0.00000E+00
      2.66000E-01      0.00000E+00      6.80071E+00      0.00000E+00
      2.66500E-01      0.00000E+00      6.93237E+00      0.00000E+00
      2.67000E-01      0.00000E+00      7.15962E+00      0.00000E+00
      2.67500E-01      0.00000E+00      7.71014E+00      0.00000E+00
      2.68000E-01      0.00000E+00      7.02698E+00      0.00000E+00
      2.68500E-01      0.00000E+00      7.39713E+00      0.00000E+00
      2.69000E-01      0.00000E+00      6.55228E+00      0.00000E+00
      2.69500E-01      0.00000E+00      6.89836E+00      0.00000E+00
      2.70000E-01      0.00000E+00      6.83555E+00      0.00000E+00
      2.70500E-01      0.00000E+00      6.62615E+00      0.00000E+00
      2.71000E-01      0.00000E+00      6.62760E+00      0.00000E+00
      2.71500E-01      0.00000E+00      7.04384E+00      0.00000E+00
      2.72000E-01      0.00000E+00      6.86112E+00      0.00000E+00
      2.72500E-01      0.00000E+00      7.18653E+00      0.00000E+00
      2.73000E-01      0.00000E+00      6.95442E+00      0.00000E+00
      2.73500E-01      0.00000E+00      7.52136E+00      0.00000E+00
      2.74000E-01      0.00000E+00      6.62499E+00      0.00000E+00
      2.74500E-01      0.00000E+00      7.14425E+00      0.00000E+00
      2.75000E-01      0.00000E+00      7.21423E+00      0.00000E+00
      2.75500E-01      0.00000E+00      7.42998E+00      0.00000E+00
      2.76000E-01      0.00000E+00      7.74876E+00      0.00000E+00
      2.76500E-01      0.00000E+00      7.73715E+00      0.00000E+00
      2.77000E-01      0.00000E+00      8.26831E+00      0.00000E+00
      2.77500E-01      0.00000E+00      8.12692E+00      0.00000E+00
      2.78000E-01      0.00000E+00      8.23607E+00      0.00000E+00
      2.78500E-01      0.00000E+00      7.41247E+00      0.00000E+00
      2.79000E-01      0.00000E+00      7.60237E+00      0.00000E+00
      2.79500E-01      0.00000E+00      7.14856E+00      0.00000E+00
      2.80000E-01      0.00000E+00      7.65488E+00      0.00000E+00
      2.80500E-01      0.00000E+00      7.12376E+00      0.00000E+00
      2.81000E-01      0.00000E+00      7.18693E+00      0.00000E+00
      2.81500E-01      0.00000E+00      6.81583E+00      0.00000E+00
      2.82000E-01      0.00000E+00      7.08358E+00      0.00000E+00
      2.82500E-01      0.00000E+00      7.91182E+00      0.00000E+00
      2.83000E-01      0.00000E+00      7.20451E+00      0.00000E+00
      2.83500E-01      0.00000E+00      6.73301E+00      0.00000E+00
      2.84000E-01      0.00000E+00      7.36058E+00      0.00000E+00
      2.84500E-01      0.00000E+00      6.35785E+00      0.00000E+00
      2.85000E-01      0.00000E+00      6.65889E+00      0.00000E+00
      2.85500E-01      0.00000E+00      6.52269E+00      0.00000E+00
      2.86000E-01      0.00000E+00      6.63039E+00      0.00000E+00
      2.86500E-01      0.00000E+00      6.05322E+00      0.00000E+00
      2.87000E-01      0.00000E+00      6.35934E+00      0.00000E+00
      2.87500E-01      0.00000E+00      6.50891E+00      0.00000E+00
      2.88000E-01      0.00000E+00      6.16563E+00      0.00000E+00
      2.88500E-01      0.00000E+00      5.89704E+00      0.00000E+00
      2.89000E-01      0.00000E+00      6.03592E+00      0.00000E+00
      2.89500E-01      0.00000E+00      5.39091E+00      0.00000E+00
      2.90000E-01      0.00000E+00      6.19482E+00      0.00000E+00
      2.90500E-01      0.00000E+00      5.25761E+00      0.00000E+00
      2.91000E-01      0.00000E+00      5.75414E+00      0.00000E+00
      2.91500E-01      0.00000E+00      5.68372E+00      0.00000E+00
      2.92000E-01      0.00000E+00      6.81706E+00      0.00000E+00
      2.92500E-01      0.00000E+00      6.24094E+00      0.00000E+00
      2.93000E-01      0.00000E+00      5.87355E+00      0.00000E+00
      2.93500E-01      0.00000E+00      6.35567E+00      0.00000E+00
      2.94000E-01      0.00000E+00      5.78104E+00      0.00000E+00
      2.94500E-01      0.00000E+00      5.71215E+00      0.00000E+00
      2.95000E-01      0.00000E+00      5.57076E+00      0.00000E+00
      2.95500E-01      0.00000E+00      5.67864E+00      0.00000E+00
      2.96000E-01      0.00000E+00      5.75903E+00      0.00000E+00
      2.96500E-01      0.00000E+00      5.26001E+00      0.00000E+00
      2.97000E-01      0.00000E+00      6.01986E+00      0.00000E+00
      2.97500E-01      0.00000E+00      5.53204E+00      0.00000E+00
      2.98000E-01      0.00000E+00      6.23235E+00      0.00000E+00
      2.98500E-01      0.00000E+00      5.44374E+00      0.00000E+00
      2.99000E-01      0.00000E+00      5.64390E+00      0.00000E+00
      2.99500E-01      0.00000E+00      5.95771E+00      0.00000E+00
      3.00000E-01      0.00000E+00      5.91720E+00      0.00000E+00
      3.00500E-01      0.00000E+00      5.77705E+00      0.00000E+00
      3.01000E-01      0.00000E+00      4.86668E+00      0.00000E+00
      3.01500E-01      0.00000E+00      5.40603E+00      0.00000E+00
      3.02500E-01      0.00000E+00      5.46876E+00      0.00000E+00
      3.03000E-01      0.00000E+00      5.42405E+00      0.00000E+00
      3.03500E-01      0.00000E+00      5.00803E+00      0.00000E+00
      3.04000E-01      0.00000E+00      5.67458E+00      0.00000E+00
      3.04500E-01      0.00000E+00      5.41419E+00      0.00000E+00
      3.05000E-01      0.00000E+00      5.41745E+00      0.00000E+00
      3.05000E-01      0.00000E+00      5.65054E+00      0.00000E+00
      3.05500E-01      0.00000E+00      5.33547E+00      0.00000E+00
      3.06000E-01      0.00000E+00      5.44236E+00      0.00000E+00
      3.06500E-01      0.00000E+00      5.34910E+00      0.00000E+00
      3.07000E-01      0.00000E+00      5.13839E+00      0.00000E+00
      3.07500E-01      0.00000E+00      5.94792E+00      0.00000E+00
      3.08000E-01      0.00000E+00      5.70576E+00      0.00000E+00
      3.08500E-01      0.00000E+00      5.70729E+00      0.00000E+00
      3.09000E-01      0.00000E+00      5.44809E+00      0.00000E+00
      3.09500E-01      0.00000E+00      4.89522E+00      0.00000E+00
      3.10000E-01      0.00000E+00      5.21642E+00      0.00000E+00
      3.10500E-01      0.00000E+00      5.36248E+00      0.00000E+00
      3.11000E-01      0.00000E+00      4.80243E+00      0.00000E+00
      3.11500E-01      0.00000E+00      5.33666E+00      0.00000E+00
      3.12000E-01      0.00000E+00      4.88191E+00      0.00000E+00
      3.12500E-01      0.00000E+00      5.06623E+00      0.00000E+00
      3.13000E-01      0.00000E+00      5.22944E+00      0.00000E+00
      3.13500E-01      0.00000E+00      5.09397E+00      0.00000E+00
      3.14000E-01      0.00000E+00      5.48657E+00      0.00000E+00
      3.14500E-01      0.00000E+00      6.14724E+00      0.00000E+00
      3.15000E-01      0.00000E+00      6.93059E+00      0.00000E+00
      3.15500E-01      0.00000E+00      6.10395E+00      0.00000E+00
      3.16000E-01      0.00000E+00      5.48816E+00      0.00000E+00
      3.16500E-01      0.00000E+00      5.35309E+00      0.00000E+00
      3.16500E-01      0.00000E+00      4.93996E+00      0.00000E+00
      3.17000E-01      0.00000E+00      5.59016E+00      0.00000E+00
      3.17500E-01      0.00000E+00      5.44508E+00      0.00000E+00
      3.18000E-01      0.00000E+00      5.21773E+00      0.00000E+00
      3.18500E-01      0.00000E+00      4.88351E+00      0.00000E+00
      3.19000E-01      0.00000E+00      5.07322E+00      0.00000E+00
      3.19500E-01      0.00000E+00      5.53345E+00      0.00000E+00
      3.20000E-01      0.00000E+00      5.50049E+00      0.00000E+00
      3.20500E-01      0.00000E+00      5.65446E+00      0.00000E+00
      3.21000E-01      0.00000E+00      5.22005E+00      0.00000E+00
      3.21500E-01      0.00000E+00      5.10368E+00      0.00000E+00
      3.22000E-01      0.00000E+00      4.48677E+00      0.00000E+00
      3.22500E-01      0.00000E+00      4.31167E+00      0.00000E+00
      3.23000E-01      0.00000E+00      4.95295E+00      0.00000E+00
      3.23500E-01      0.00000E+00      4.53464E+00      0.00000E+00
      3.24000E-01      0.00000E+00      3.79346E+00      0.00000E+00
      3.24500E-01      0.00000E+00      3.87269E+00      0.00000E+00
      3.25000E-01      0.00000E+00      4.74774E+00      0.00000E+00
      3.25500E-01      0.00000E+00      4.61079E+00      0.00000E+00
      3.26000E-01      0.00000E+00      4.54816E+00      0.00000E+00
      3.26500E-01      0.00000E+00      4.38571E+00      0.00000E+00
      3.27000E-01      0.00000E+00      4.07514E+00      0.00000E+00
      3.27500E-01      0.00000E+00      4.07437E+00      0.00000E+00
      3.28000E-01      0.00000E+00      4.12503E+00      0.00000E+00
      3.28500E-01      0.00000E+00      4.15270E+00      0.00000E+00
      3.29000E-01      0.00000E+00      3.74737E+00      0.00000E+00
      3.29500E-01      0.00000E+00      3.63561E+00      0.00000E+00
      3.30000E-01      0.00000E+00      3.26901E+00      0.00000E+00
      3.30500E-01      0.00000E+00      3.48586E+00      0.00000E+00
      3.31000E-01      0.00000E+00      3.13753E+00      0.00000E+00
      3.31500E-01      0.00000E+00      3.61676E+00      0.00000E+00
      3.32000E-01      0.00000E+00      3.24512E+00      0.00000E+00
      3.32500E-01      0.00000E+00      2.86822E+00      0.00000E+00
      3.33000E-01      0.00000E+00      3.05163E+00      0.00000E+00
      3.33500E-01      0.00000E+00      3.01899E+00      0.00000E+00
      3.34000E-01      0.00000E+00      2.91119E+00      0.00000E+00
      3.34500E-01      0.00000E+00      3.08495E+00      0.00000E+00
      3.35000E-01      0.00000E+00      2.06199E+00      0.00000E+00
      3.35500E-01      0.00000E+00      2.36499E+00      0.00000E+00
      3.36000E-01      0.00000E+00      1.99545E+00      0.00000E+00
      3.36500E-01      0.00000E+00      2.47159E+00      0.00000E+00
      3.37000E-01      0.00000E+00      2.55322E+00      0.00000E+00
      3.37500E-01      0.00000E+00      2.71871E+00      0.00000E+00
      3.38000E-01      0.00000E+00      2.92159E+00      0.00000E+00
      3.38500E-01      0.00000E+00      2.54992E+00      0.00000E+00
      3.39000E-01      0.00000E+00      2.44287E+00      0.00000E+00
      3.39500E-01      0.00000E+00      1.71461E+00      0.00000E+00
      3.40000E-01      0.00000E+00      1.86328E+00      0.00000E+00
      3.40500E-01      0.00000E+00      1.14375E+00      0.00000E+00
      3.41000E-01      0.00000E+00      1.32705E+00      0.00000E+00
      3.41500E-01      0.00000E+00      1.84355E+00      0.00000E+00
      3.42000E-01      0.00000E+00      1.63193E+00      0.00000E+00
      3.42500E-01      0.00000E+00      1.42285E+00      0.00000E+00
      3.43000E-01      0.00000E+00      1.89544E+00      0.00000E+00
      3.44000E-01      0.00000E+00      1.08631E+00      0.00000E+00
      3.44500E-01      0.00000E+00      1.32628E+00      0.00000E+00
      3.45000E-01      0.00000E+00      1.92804E+00      0.00000E+00
      3.45500E-01      0.00000E+00      1.21699E+00      0.00000E+00
      3.46000E-01      0.00000E+00      1.66913E+00      0.00000E+00
      3.46500E-01      0.00000E+00      1.10400E+00      0.00000E+00
      3.47000E-01      0.00000E+00      1.54900E+00      0.00000E+00
      3.47500E-01      0.00000E+00      2.01608E+00      0.00000E+00
      3.48000E-01      0.00000E+00      3.63340E+00      0.00000E+00
      3.48500E-01      0.00000E+00      3.62252E+00      0.00000E+00
      3.49000E-01      0.00000E+00      4.17025E+00      0.00000E+00
      3.49500E-01      0.00000E+00      5.37927E+00      0.00000E+00
      3.50000E-01      0.00000E+00      6.69464E+00      0.00000E+00
      3.50500E-01      0.00000E+00      7.59421E+00      0.00000E+00
      3.51000E-01      0.00000E+00      7.70832E+00      0.00000E+00
      3.51500E-01      0.00000E+00      7.65691E+00      0.00000E+00
      3.52000E-01      0.00000E+00      6.73058E+00      0.00000E+00
      3.52500E-01      0.00000E+00      4.93017E+00      0.00000E+00
      3.53000E-01      0.00000E+00      4.16267E+00      0.00000E+00
      3.53500E-01      0.00000E+00      3.27797E+00      0.00000E+00
      3.54000E-01      0.00000E+00      1.76733E+00      0.00000E+00
      3.54500E-01      0.00000E+00      2.71016E-01      0.00000E+00
      3.55000E-01      0.00000E+00      2.75802E-01      0.00000E+00
      3.55500E-01      0.00000E+00      3.02374E+00      0.00000E+00
      3.56000E-01      0.00000E+00      3.14068E+00      0.00000E+00
      3.56500E-01      0.00000E+00      4.64650E+00      0.00000E+00
      3.57000E-01      0.00000E+00      6.25958E+00      0.00000E+00
      3.57500E-01      0.00000E+00      7.81424E+00      0.00000E+00
      3.58000E-01      0.00000E+00      8.47431E+00      0.00000E+00
      3.58500E-01      0.00000E+00      8.67994E+00      0.00000E+00
      3.59000E-01      0.00000E+00      7.47600E+00      0.00000E+00
      3.59500E-01      0.00000E+00      7.44387E+00      0.00000E+00
      3.60000E-01      0.00000E+00      7.06632E+00      0.00000E+00
      3.60500E-01      0.00000E+00      7.37566E+00      0.00000E+00
      3.61000E-01      0.00000E+00      7.21354E+00      0.00000E+00
      3.61000E-01      0.00000E+00      8.03185E+00      0.00000E+00
      3.62000E-01      0.00000E+00      7.21945E+00      0.00000E+00
      3.62500E-01      0.00000E+00      7.91701E+00      0.00000E+00
      3.63000E-01      0.00000E+00      8.27882E+00      0.00000E+00
      3.63500E-01      0.00000E+00      8.49356E+00      0.00000E+00
      3.64000E-01      0.00000E+00      7.49805E+00      0.00000E+00
      3.64500E-01      0.00000E+00      7.56995E+00      0.00000E+00
      3.65000E-01      0.00000E+00      7.30234E+00      0.00000E+00
      3.65500E-01      0.00000E+00      7.30340E+00      0.00000E+00
      3.66000E-01      0.00000E+00      7.62275E+00      0.00000E+00
      3.66500E-01      0.00000E+00      7.23432E+00      0.00000E+00
      3.67000E-01      0.00000E+00      6.82083E+00      0.00000E+00
      3.67500E-01      0.00000E+00      7.51563E+00      0.00000E+00
      3.68000E-01      0.00000E+00      7.19476E+00      0.00000E+00
      3.68500E-01      0.00000E+00      7.04094E+00      0.00000E+00
      3.69000E-01      0.00000E+00      6.82783E+00      0.00000E+00
      3.69500E-01      0.00000E+00      7.25016E+00      0.00000E+00
      3.70000E-01      0.00000E+00      7.27693E+00      0.00000E+00
      3.70500E-01      0.00000E+00      7.70042E+00      0.00000E+00
      3.71000E-01      0.00000E+00      7.58823E+00      0.00000E+00
      3.71500E-01      0.00000E+00      6.81652E+00      0.00000E+00
      3.72000E-01      0.00000E+00      6.99140E+00      0.00000E+00
      3.72500E-01      0.00000E+00      6.62847E+00      0.00000E+00
      3.73000E-01      0.00000E+00      6.58829E+00      0.00000E+00
      3.73500E-01      0.00000E+00      6.20831E+00      0.00000E+00
      3.74000E-01      0.00000E+00      6.44916E+00      0.00000E+00
      3.74500E-01      0.00000E+00      6.33301E+00      0.00000E+00
      3.75000E-01      0.00000E+00      5.95241E+00      0.00000E+00
      3.75500E-01      0.00000E+00      5.58657E+00      0.00000E+00
      3.76000E-01      0.00000E+00      5.97344E+00      0.00000E+00
      3.76500E-01      0.00000E+00      7.03151E+00      0.00000E+00
      3.77000E-01      0.00000E+00      6.83258E+00      0.00000E+00
      3.77500E-01      0.00000E+00      5.51840E+00      0.00000E+00
      3.78000E-01      0.00000E+00      5.34439E+00      0.00000E+00
      3.78500E-01      0.00000E+00      5.04817E+00      0.00000E+00
      3.79000E-01      0.00000E+00      4.32051E+00      0.00000E+00
      3.79500E-01      0.00000E+00      3.51410E+00      0.00000E+00
      3.80000E-01      0.00000E+00      2.46209E+00      0.00000E+00
      3.80500E-01      0.00000E+00      2.31683E+00      0.00000E+00
      3.81000E-01      0.00000E+00      2.17327E+00      0.00000E+00
      3.81500E-01      0.00000E+00      1.84344E+00      0.00000E+00
      3.82000E-01      0.00000E+00      1.52935E+00      0.00000E+00
      3.82500E-01      0.00000E+00      2.53266E+00      0.00000E+00
      3.83000E-01      0.00000E+00      2.96939E+00      0.00000E+00
      3.83500E-01      0.00000E+00      2.99379E+00      0.00000E+00
      3.84000E-01      0.00000E+00      5.17925E+00      0.00000E+00
      3.84500E-01      0.00000E+00      7.01305E+00      0.00000E+00
      3.85000E-01      0.00000E+00      7.50682E+00      0.00000E+00
      3.85500E-01      0.00000E+00      7.34952E+00      0.00000E+00
      3.86000E-01      0.00000E+00      7.09852E+00      0.00000E+00
      3.86500E-01      0.00000E+00      7.21140E+00      0.00000E+00
      3.87000E-01      0.00000E+00      6.99046E+00      0.00000E+00
      3.87500E-01      0.00000E+00      7.68631E+00      0.00000E+00
      3.88000E-01      0.00000E+00      7.02422E+00      0.00000E+00
      3.88500E-01      0.00000E+00      7.26655E+00      0.00000E+00
      3.89000E-01      0.00000E+00      6.79607E+00      0.00000E+00
      3.89500E-01      0.00000E+00      6.62531E+00      0.00000E+00
      3.90000E-01      0.00000E+00      6.80923E+00      0.00000E+00
      3.90500E-01      0.00000E+00      6.35459E+00      0.00000E+00
      3.91000E-01      0.00000E+00      5.40628E+00      0.00000E+00
      3.91500E-01      0.00000E+00      5.46097E+00      0.00000E+00
      3.92000E-01      0.00000E+00      4.51477E+00      0.00000E+00
      3.92500E-01      0.00000E+00      3.78309E+00      0.00000E+00
      3.93000E-01      0.00000E+00      3.16542E+00      0.00000E+00
      3.93500E-01      0.00000E+00      1.66826E+00      0.00000E+00
      3.94000E-01      0.00000E+00      2.09513E+00      0.00000E+00
      3.94500E-01      0.00000E+00      2.15935E+00      0.00000E+00
      3.95000E-01      0.00000E+00      1.57971E+00      0.00000E+00
      3.95500E-01      0.00000E+00      2.29536E+00      0.00000E+00
      3.96000E-01      0.00000E+00      3.05587E+00      0.00000E+00
      3.96500E-01      0.00000E+00      3.14754E+00      0.00000E+00
      3.97000E-01      0.00000E+00      4.09860E+00      0.00000E+00
      3.97500E-01      0.00000E+00      4.85033E+00      0.00000E+00
      3.98000E-01      0.00000E+00      5.18302E+00      0.00000E+00
      3.98500E-01      0.00000E+00      5.24840E+00      0.00000E+00
      3.99000E-01      0.00000E+00      6.58717E+00      0.00000E+00
      3.99500E-01      0.00000E+00      7.02194E+00      0.00000E+00
      4.00000E-01      0.00000E+00      7.74981E+00      0.00000E+00
      4.00500E-01      0.00000E+00      7.57699E+00      0.00000E+00
      4.01000E-01      0.00000E+00      7.01759E+00      0.00000E+00
      4.01500E-01      0.00000E+00      7.01160E+00      0.00000E+00
      4.02000E-01      0.00000E+00      6.72478E+00      0.00000E+00
      4.02500E-01      0.00000E+00      6.35934E+00      0.00000E+00
      4.03000E-01      0.00000E+00      7.21028E+00      0.00000E+00
      4.03500E-01      0.00000E+00      6.78624E+00      0.00000E+00
      4.04000E-01      0.00000E+00      6.42221E+00      0.00000E+00
      4.04500E-01      0.00000E+00      7.28273E+00      0.00000E+00
      4.05000E-01      0.00000E+00      7.01643E+00      0.00000E+00
      4.05500E-01      0.00000E+00      7.90968E+00      0.00000E+00
      4.06000E-01      0.00000E+00      7.39028E+00      0.00000E+00
      4.06500E-01      0.00000E+00      8.14759E+00      0.00000E+00
      4.07000E-01      0.00000E+00      7.63044E+00      0.00000E+00
      4.07500E-01      0.00000E+00      7.64244E+00      0.00000E+00
      4.08000E-01      0.00000E+00      7.26996E+00      0.00000E+00
      4.08500E-01      0.00000E+00      6.66632E+00      0.00000E+00
      4.09000E-01      0.00000E+00      6.26705E+00      0.00000E+00
      4.09500E-01      0.00000E+00      6.62502E+00      0.00000E+00
      4.10000E-01      0.00000E+00      6.07849E+00      0.00000E+00
      4.10500E-01      0.00000E+00      5.99506E+00      0.00000E+00
      4.11000E-01      0.00000E+00      6.07508E+00      0.00000E+00
      4.11500E-01      0.00000E+00      6.23529E+00      0.00000E+00
      4.12000E-01      0.00000E+00      5.93116E+00      0.00000E+00
      4.12500E-01      0.00000E+00      6.07969E+00      0.00000E+00
      4.13000E-01      0.00000E+00      6.18191E+00      0.00000E+00
      4.13500E-01      0.00000E+00      5.94270E+00      0.00000E+00
      4.14000E-01      0.00000E+00      5.48896E+00      0.00000E+00
      4.14500E-01      0.00000E+00      5.41742E+00      0.00000E+00
      4.15000E-01      0.00000E+00      5.61228E+00      0.00000E+00
      4.15500E-01      0.00000E+00      4.80870E+00      0.00000E+00
      4.16000E-01      0.00000E+00      5.98650E+00      0.00000E+00
      4.16500E-01      0.00000E+00      6.70773E+00      0.00000E+00
      4.17000E-01      0.00000E+00      5.31465E+00      0.00000E+00
      4.17500E-01      0.00000E+00      4.55505E+00      0.00000E+00
      4.18000E-01      0.00000E+00      3.11929E+00      0.00000E+00
      4.18500E-01      0.00000E+00      2.39987E+00      0.00000E+00
      4.19000E-01      0.00000E+00      2.02105E+00      0.00000E+00
      4.19500E-01      0.00000E+00      1.79086E+00      0.00000E+00
      4.20000E-01      0.00000E+00      1.47358E+00      0.00000E+00
      4.20500E-01      0.00000E+00      2.59923E+00      0.00000E+00
      4.21000E-01      0.00000E+00      2.71309E+00      0.00000E+00
      4.21500E-01      0.00000E+00      3.38563E+00      0.00000E+00
      4.22000E-01      0.00000E+00      3.60751E+00      0.00000E+00
      4.22500E-01      0.00000E+00      3.93096E+00      0.00000E+00
      4.23000E-01      0.00000E+00      4.33854E+00      0.00000E+00
      4.23500E-01      0.00000E+00      4.22613E+00      0.00000E+00
      4.24000E-01      0.00000E+00      4.53101E+00      0.00000E+00
      4.24500E-01      0.00000E+00      5.53418E+00      0.00000E+00
      4.25000E-01      0.00000E+00      6.19108E+00      0.00000E+00
      4.25500E-01      0.00000E+00      6.83668E+00      0.00000E+00
      4.26000E-01      0.00000E+00      6.91580E+00      0.00000E+00
      4.26500E-01      0.00000E+00      9.35255E+00      0.00000E+00
      4.27000E-01      0.00000E+00      8.50020E+00      0.00000E+00
      4.27500E-01      0.00000E+00      8.28941E+00      0.00000E+00
      4.28000E-01      0.00000E+00      7.63700E+00      0.00000E+00
      4.28500E-01      0.00000E+00      7.64886E+00      0.00000E+00
      4.29000E-01      0.00000E+00      7.13036E+00      0.00000E+00
      4.29500E-01      0.00000E+00      7.00845E+00      0.00000E+00
      4.30000E-01      0.00000E+00      6.34494E+00      0.00000E+00
      4.30500E-01      0.00000E+00      6.56990E+00      0.00000E+00
      4.31000E-01      0.00000E+00      6.47389E+00      0.00000E+00
      4.31500E-01      0.00000E+00      6.52494E+00      0.00000E+00
      4.32000E-01      0.00000E+00      6.47160E+00      0.00000E+00
      4.32500E-01      0.00000E+00      6.49985E+00      0.00000E+00
      4.33000E-01      0.00000E+00      6.35879E+00      0.00000E+00
      4.33500E-01      0.00000E+00      6.87613E+00      0.00000E+00
      4.34000E-01      0.00000E+00      6.45528E+00      0.00000E+00
      4.34500E-01      0.00000E+00      6.51414E+00      0.00000E+00
      4.35000E-01      0.00000E+00      6.58147E+00      0.00000E+00
      4.35500E-01      0.00000E+00      6.44234E+00      0.00000E+00
      4.36000E-01      0.00000E+00      6.57980E+00      0.00000E+00
      4.36500E-01      0.00000E+00      6.27699E+00      0.00000E+00
      4.37000E-01      0.00000E+00      6.63953E+00      0.00000E+00
      4.37500E-01      0.00000E+00      6.86598E+00      0.00000E+00
      4.38000E-01      0.00000E+00      5.73046E+00      0.00000E+00
      4.38500E-01      0.00000E+00      5.84541E+00      0.00000E+00
      4.39000E-01      0.00000E+00      6.93959E+00      0.00000E+00
      4.39500E-01      0.00000E+00      6.60181E+00      0.00000E+00
      4.40000E-01      0.00000E+00      6.27949E+00      0.00000E+00
      4.40500E-01      0.00000E+00      6.29573E+00      0.00000E+00
      4.41000E-01      0.00000E+00      7.16568E+00      0.00000E+00
      4.41500E-01      0.00000E+00      6.82214E+00      0.00000E+00
      4.42000E-01      0.00000E+00      6.83824E+00      0.00000E+00
      4.42500E-01      0.00000E+00      6.99278E+00      0.00000E+00
      4.43000E-01      0.00000E+00      6.84821E+00      0.00000E+00
      4.43500E-01      0.00000E+00      6.37391E+00      0.00000E+00
      4.44000E-01      0.00000E+00      6.51345E+00      0.00000E+00
      4.44500E-01      0.00000E+00      6.64170E+00      0.00000E+00
      4.45000E-01      0.00000E+00      6.13089E+00      0.00000E+00
      4.45500E-01      0.00000E+00      6.42591E+00      0.00000E+00
      4.46000E-01      0.00000E+00      6.97074E+00      0.00000E+00
      4.46500E-01      0.00000E+00      6.99779E+00      0.00000E+00
      4.47000E-01      0.00000E+00      6.72906E+00      0.00000E+00
      4.47500E-01      0.00000E+00      6.97995E+00      0.00000E+00
      4.48000E-01      0.00000E+00      7.06356E+00      0.00000E+00
      4.48500E-01      0.00000E+00      6.57455E+00      0.00000E+00
      4.49000E-01      0.00000E+00      6.50391E+00      0.00000E+00
      4.49500E-01      0.00000E+00      6.04038E+00      0.00000E+00
      4.50000E-01      0.00000E+00      6.58329E+00      0.00000E+00
      4.50500E-01      0.00000E+00      5.89030E+00      0.00000E+00
      4.51000E-01      0.00000E+00      6.27960E+00      0.00000E+00
      4.51500E-01      0.00000E+00      6.22956E+00      0.00000E+00
      4.52000E-01      0.00000E+00      6.38588E+00      0.00000E+00
      4.52500E-01      0.00000E+00      6.92167E+00      0.00000E+00
      4.53000E-01      0.00000E+00      6.85724E+00      0.00000E+00
      4.53500E-01      0.00000E+00      6.57081E+00      0.00000E+00
      4.54000E-01      0.00000E+00      6.72731E+00      0.00000E+00
      4.54500E-01      0.00000E+00      6.61472E+00      0.00000E+00
      4.55000E-01      0.00000E+00      6.07244E+00      0.00000E+00
      4.55000E-01      0.00000E+00      5.73546E+00      0.00000E+00
      4.55500E-01      0.00000E+00      6.20530E+00      0.00000E+00
      4.55500E-01      0.00000E+00      6.63427E+00      0.00000E+00
      4.56000E-01      0.00000E+00      6.21371E+00      0.00000E+00
      4.56000E-01      0.00000E+00      5.85367E+00      0.00000E+00
      4.56500E-01      0.00000E+00      5.91535E+00      0.00000E+00
      4.56500E-01      0.00000E+00      6.33798E+00      0.00000E+00
      4.57000E-01      0.00000E+00      5.59071E+00      0.00000E+00
      4.57000E-01      0.00000E+00      6.23819E+00      0.00000E+00
      4.57500E-01      0.00000E+00      6.60011E+00      0.00000E+00
      4.57500E-01      0.00000E+00      5.87714E+00      0.00000E+00
      4.58000E-01      0.00000E+00      5.58338E+00      0.00000E+00
      4.58500E-01      0.00000E+00      6.05855E+00      0.00000E+00
      4.59000E-01      0.00000E+00      5.43348E+00      0.00000E+00
      4.59500E-01      0.00000E+00      5.90422E+00      0.00000E+00
      4.60000E-01      0.00000E+00      6.18717E+00      0.00000E+00
      4.60500E-01      0.00000E+00      6.30397E+00      0.00000E+00
      4.61000E-01      0.00000E+00      6.06961E+00      0.00000E+00
      4.61500E-01      0.00000E+00      6.29515E+00      0.00000E+00
      4.62000E-01      0.00000E+00      5.49516E+00      0.00000E+00
      4.62500E-01      0.00000E+00      5.95502E+00      0.00000E+00
      4.63000E-01      0.00000E+00      5.61257E+00      0.00000E+00
      4.63500E-01      0.00000E+00      5.59894E+00      0.00000E+00
      4.64000E-01      0.00000E+00      6.09503E+00      0.00000E+00
      4.64500E-01      0.00000E+00      5.82104E+00      0.00000E+00
      4.65000E-01      0.00000E+00      5.69884E+00      0.00000E+00
      4.65500E-01      0.00000E+00      5.61997E+00      0.00000E+00
      4.66000E-01      0.00000E+00      5.50430E+00      0.00000E+00
      4.66500E-01      0.00000E+00      6.05289E+00      0.00000E+00
      4.67000E-01      0.00000E+00      5.21794E+00      0.00000E+00
      4.67500E-01      0.00000E+00      6.10993E+00      0.00000E+00
      4.68000E-01      0.00000E+00      6.06788E+00      0.00000E+00
      4.68500E-01      0.00000E+00      6.18731E+00      0.00000E+00
      4.69000E-01      0.00000E+00      6.61313E+00      0.00000E+00
      4.69500E-01      0.00000E+00      5.69141E+00      0.00000E+00
      4.70000E-01      0.00000E+00      5.96173E+00      0.00000E+00
      4.70500E-01      0.00000E+00      6.08045E+00      0.00000E+00
      4.71000E-01      0.00000E+00      6.26810E+00      0.00000E+00
      4.71500E-01      0.00000E+00      6.30676E+00      0.00000E+00
      4.72000E-01      0.00000E+00      6.65954E+00      0.00000E+00
      4.72500E-01      0.00000E+00      6.50398E+00      0.00000E+00
      4.73000E-01      0.00000E+00      6.77989E+00      0.00000E+00
      4.73500E-01      0.00000E+00      6.30618E+00      0.00000E+00
      4.74000E-01      0.00000E+00      6.50645E+00      0.00000E+00
      4.74500E-01      0.00000E+00      6.13154E+00      0.00000E+00
      4.75000E-01      0.00000E+00      5.52275E+00      0.00000E+00
      4.75500E-01      0.00000E+00      5.47297E+00      0.00000E+00
      4.76000E-01      0.00000E+00      5.11783E+00      0.00000E+00
      4.76500E-01      0.00000E+00      4.98395E+00      0.00000E+00
      4.77000E-01      0.00000E+00      4.85863E+00      0.00000E+00
      4.77500E-01      0.00000E+00      4.29923E+00      0.00000E+00
      4.78000E-01      0.00000E+00      4.75986E+00      0.00000E+00
      4.78500E-01      0.00000E+00      4.93902E+00      0.00000E+00
      4.79000E-01      0.00000E+00      5.31719E+00      0.00000E+00
      4.79500E-01      0.00000E+00      5.40193E+00      0.00000E+00
      4.80000E-01      0.00000E+00      5.31023E+00      0.00000E+00
      4.80500E-01      0.00000E+00      5.05814E+00      0.00000E+00
      4.81500E-01      0.00000E+00      4.70934E+00      0.00000E+00
      4.81500E-01      0.00000E+00      4.69154E+00      0.00000E+00
      4.82000E-01      0.00000E+00      5.11721E+00      0.00000E+00
      4.82500E-01      0.00000E+00      4.78176E+00      0.00000E+00
      4.83000E-01      0.00000E+00      4.37208E+00      0.00000E+00
      4.83500E-01      0.00000E+00      4.85058E+00      0.00000E+00
      4.84000E-01      0.00000E+00      4.96538E+00      0.00000E+00
      4.84500E-01      0.00000E+00      4.89319E+00      0.00000E+00
      4.85000E-01      0.00000E+00      5.33663E+00      0.00000E+00
      4.85500E-01      0.00000E+00      4.99124E+00      0.00000E+00
      4.86000E-01      0.00000E+00      4.84830E+00      0.00000E+00
      4.86500E-01      0.00000E+00      4.81494E+00      0.00000E+00
      4.87000E-01      0.00000E+00      4.27087E+00      0.00000E+00
      4.87500E-01      0.00000E+00      3.91823E+00      0.00000E+00
      4.87500E-01      0.00000E+00      3.42900E+00      0.00000E+00
      4.88000E-01      0.00000E+00      3.69436E+00      0.00000E+00
      4.88500E-01      0.00000E+00      2.97203E+00      0.00000E+00
      4.89000E-01      0.00000E+00      2.80338E+00      0.00000E+00
      4.89500E-01      0.00000E+00      2.74170E+00      0.00000E+00
      4.90000E-01      0.00000E+00      1.85533E+00      0.00000E+00
      4.90500E-01      0.00000E+00      1.30779E+00      0.00000E+00
      4.91000E-01      0.00000E+00      1.64197E+00      0.00000E+00
      4.91500E-01      0.00000E+00      1.49269E+00      0.00000E+00
      4.92000E-01      0.00000E+00      1.03699E+00      0.00000E+00
      4.92500E-01      0.00000E+00      1.70199E+00      0.00000E+00
      4.93000E-01      0.00000E+00      1.26544E+00      0.00000E+00
      4.93500E-01      0.00000E+00      1.62508E+00      0.00000E+00
      4.94000E-01      0.00000E+00      1.65720E+00      0.00000E+00
      4.94500E-01      0.00000E+00      2.54807E+00      0.00000E+00
      4.95000E-01      0.00000E+00      1.98062E+00      0.00000E+00
      4.95500E-01      0.00000E+00      2.03218E+00      0.00000E+00
      4.96000E-01      0.00000E+00      3.03716E+00      0.00000E+00
      4.96500E-01      0.00000E+00      2.91583E+00      0.00000E+00
      4.97000E-01      0.00000E+00      3.78138E+00      0.00000E+00
      4.97500E-01      0.00000E+00      3.54166E+00      0.00000E+00
      4.98000E-01      0.00000E+00      3.51312E+00      0.00000E+00
      4.98500E-01      0.00000E+00      3.54438E+00      0.00000E+00
      4.99000E-01      0.00000E+00      4.21420E+00      0.00000E+00
      4.99500E-01      0.00000E+00      4.48072E+00      0.00000E+00
      5.00000E-01      0.00000E+00      4.75605E+00      0.00000E+00
      5.00500E-01      0.00000E+00      5.62171E+00      0.00000E+00
      5.01000E-01      0.00000E+00      5.55082E+00      0.00000E+00
      5.01500E-01      0.00000E+00      5.88421E+00      0.00000E+00
      5.02000E-01      0.00000E+00      6.63304E+00      0.00000E+00
      5.02500E-01      0.00000E+00      6.66143E+00      0.00000E+00
      5.03000E-01      0.00000E+00      6.25454E+00      0.00000E+00
      5.03500E-01      0.00000E+00      6.18641E+00      0.00000E+00
      5.04000E-01      0.00000E+00      5.76081E+00      0.00000E+00
      5.05000E-01      0.00000E+00      5.96877E+00      0.00000E+00
      5.05500E-01      0.00000E+00      5.77734E+00      0.00000E+00
      5.06000E-01      0.00000E+00      5.50306E+00      0.00000E+00
      5.06500E-01      0.00000E+00      5.10869E+00      0.00000E+00
      5.07000E-01      0.00000E+00      5.83232E+00      0.00000E+00
      5.07500E-01      0.00000E+00      5.14923E+00      0.00000E+00
      5.08000E-01      0.00000E+00      5.46028E+00      0.00000E+00
      5.08500E-01      0.00000E+00      5.35044E+00      0.00000E+00
      5.09000E-01      0.00000E+00      5.62867E+00      0.00000E+00
      5.09500E-01      0.00000E+00      6.10834E+00      0.00000E+00
      5.10000E-01      0.00000E+00      5.72629E+00      0.00000E+00
      5.10500E-01      0.00000E+00      6.14830E+00      0.00000E+00
      5.11000E-01      0.00000E+00      6.99412E+00      0.00000E+00
      5.11500E-01      0.00000E+00      7.33632E+00      0.00000E+00
      5.12000E-01      0.00000E+00      6.62763E+00      0.00000E+00
      5.12500E-01      0.00000E+00      6.38700E+00      0.00000E+00
      5.13000E-01      0.00000E+00      5.81879E+00      0.00000E+00
      5.13500E-01      0.00000E+00      5.97399E+00      0.00000E+00
      5.14000E-01      0.00000E+00      5.99419E+00      0.00000E+00
      5.14500E-01      0.00000E+00      5.67346E+00      0.00000E+00
      5.15000E-01      0.00000E+00      5.87786E+00      0.00000E+00
      5.15500E-01      0.00000E+00      5.75080E+00      0.00000E+00
      5.16000E-01      0.00000E+00      6.10562E+00      0.00000E+00
      5.16500E-01      0.00000E+00      5.71099E+00      0.00000E+00
      5.17000E-01      0.00000E+00      5.80378E+00      0.00000E+00
      5.17500E-01      0.00000E+00      5.31237E+00      0.00000E+00
      5.18000E-01      0.00000E+00      5.15797E+00      0.00000E+00
      5.18500E-01      0.00000E+00      6.03817E+00      0.00000E+00
      5.19000E-01      0.00000E+00      5.84936E+00      0.00000E+00
      5.19500E-01      0.00000E+00      6.01446E+00      0.00000E+00
      5.20000E-01      0.00000E+00      5.69398E+00      0.00000E+00
      5.20500E-01      0.00000E+00      6.66306E+00      0.00000E+00
      5.21000E-01      0.00000E+00      6.63050E+00      0.00000E+00
      5.21500E-01      0.00000E+00      6.59141E+00      0.00000E+00
      5.22000E-01      0.00000E+00      6.53419E+00      0.00000E+00
      5.22500E-01      0.00000E+00      6.24076E+00      0.00000E+00
      5.23000E-01      0.00000E+00      6.65867E+00      0.00000E+00
      5.23500E-01      0.00000E+00      5.99846E+00      0.00000E+00
      5.24000E-01      0.00000E+00      6.00271E+00      0.00000E+00
      5.24500E-01      0.00000E+00      6.17223E+00      0.00000E+00
      5.25000E-01      0.00000E+00      6.29791E+00      0.00000E+00
      5.25500E-01      0.00000E+00      5.54796E+00      0.00000E+00
      5.26000E-01      0.00000E+00      5.37379E+00      0.00000E+00
      5.26500E-01      0.00000E+00      5.73118E+00      0.00000E+00
      5.27000E-01      0.00000E+00      6.32253E+00      0.00000E+00
      5.27500E-01      0.00000E+00      5.58853E+00      0.00000E+00
      5.28000E-01      0.00000E+00      5.14633E+00      0.00000E+00
      5.28500E-01      0.00000E+00      5.89784E+00      0.00000E+00
      5.28500E-01      0.00000E+00      5.98403E+00      0.00000E+00
      5.29000E-01      0.00000E+00      5.70754E+00      0.00000E+00
      5.29500E-01      0.00000E+00      5.27139E+00      0.00000E+00
      5.30000E-01      0.00000E+00      5.37684E+00      0.00000E+00
      5.30500E-01      0.00000E+00      5.80168E+00      0.00000E+00
      5.31000E-01      0.00000E+00      5.45447E+00      0.00000E+00
      5.31500E-01      0.00000E+00      5.41818E+00      0.00000E+00
      5.32000E-01      0.00000E+00      5.00502E+00      0.00000E+00
      5.32500E-01      0.00000E+00      5.13447E+00      0.00000E+00
      5.33000E-01      0.00000E+00      4.92060E+00      0.00000E+00
      5.33500E-01      0.00000E+00      5.25598E+00      0.00000E+00
      5.34000E-01      0.00000E+00      5.42119E+00      0.00000E+00
      5.34500E-01      0.00000E+00      5.51844E+00      0.00000E+00
      5.35000E-01      0.00000E+00      5.23296E+00      0.00000E+00
      5.35500E-01      0.00000E+00      5.34682E+00      0.00000E+00
      5.36000E-01      0.00000E+00      5.59495E+00      0.00000E+00
      5.36500E-01      0.00000E+00      5.74351E+00      0.00000E+00
      5.37000E-01      0.00000E+00      5.49951E+00      0.00000E+00
      5.37500E-01      0.00000E+00      5.59992E+00      0.00000E+00
      5.38000E-01      0.00000E+00      5.68267E+00      0.00000E+00
      5.38500E-01      0.00000E+00      5.53041E+00      0.00000E+00
      5.39000E-01      0.00000E+00      5.42728E+00      0.00000E+00
      5.39500E-01      0.00000E+00      5.62835E+00      0.00000E+00
      5.40000E-01      0.00000E+00      5.32626E+00      0.00000E+00
      5.40500E-01      0.00000E+00      5.29765E+00      0.00000E+00
      5.41000E-01      0.00000E+00      5.46626E+00      0.00000E+00
      5.41500E-01      0.00000E+00      6.75618E+00      0.00000E+00
      5.42000E-01      0.00000E+00      7.60513E+00      0.00000E+00
      5.42500E-01      0.00000E+00      7.07161E+00      0.00000E+00
      5.43000E-01      0.00000E+00      6.98723E+00      0.00000E+00
      5.43500E-01      0.00000E+00      6.43933E+00      0.00000E+00
      5.44000E-01      0.00000E+00      5.52373E+00      0.00000E+00
      5.44500E-01      0.00000E+00      5.90658E+00      0.00000E+00
      5.45000E-01      0.00000E+00      5.67817E+00      0.00000E+00
      5.45500E-01      0.00000E+00      5.43333E+00      0.00000E+00
      5.46000E-01      0.00000E+00      5.23908E+00      0.00000E+00
      5.46500E-01      0.00000E+00      4.85682E+00      0.00000E+00
      5.47000E-01      0.00000E+00      4.23262E+00      0.00000E+00
      5.47500E-01      0.00000E+00      3.37127E+00      0.00000E+00
      5.48000E-01      0.00000E+00      3.33515E+00      0.00000E+00
      5.48000E-01      0.00000E+00      3.59119E+00      0.00000E+00
      5.48500E-01      0.00000E+00      3.79661E+00      0.00000E+00
      5.49000E-01      0.00000E+00      1.82288E+00      0.00000E+00
      5.49500E-01      0.00000E+00      1.84623E+00      0.00000E+00
      5.50000E-01      0.00000E+00      2.13875E+00      0.00000E+00
      5.50500E-01      0.00000E+00      2.60224E+00      0.00000E+00
      5.51000E-01      0.00000E+00      3.03955E+00      0.00000E+00
      5.51500E-01      0.00000E+00      3.18086E+00      0.00000E+00
      5.52000E-01      0.00000E+00      3.77011E+00      0.00000E+00
      5.52500E-01      0.00000E+00      4.18954E+00      0.00000E+00
      5.53000E-01      0.00000E+00      5.06191E+00      0.00000E+00
      5.53500E-01      0.00000E+00      4.48938E+00      0.00000E+00
      5.54000E-01      0.00000E+00      4.09834E+00      0.00000E+00
      5.54500E-01      0.00000E+00      4.30837E+00      0.00000E+00
      5.55000E-01      0.00000E+00      4.36222E+00      0.00000E+00
      5.55500E-01      0.00000E+00      4.73125E+00      0.00000E+00
      5.56000E-01      0.00000E+00      4.90356E+00      0.00000E+00
      5.56500E-01      0.00000E+00      4.43942E+00      0.00000E+00
      5.57000E-01      0.00000E+00      5.12667E+00      0.00000E+00
      5.57500E-01      0.00000E+00      5.21957E+00      0.00000E+00
      5.58000E-01      0.00000E+00      5.02550E+00      0.00000E+00
      5.58500E-01      0.00000E+00      5.18201E+00      0.00000E+00
      5.59000E-01      0.00000E+00      5.03849E+00      0.00000E+00
      5.59500E-01      0.00000E+00      4.60807E+00      0.00000E+00
      5.60000E-01      0.00000E+00      4.76859E+00      0.00000E+00
      5.60500E-01      0.00000E+00      5.61714E+00      0.00000E+00
      5.61000E-01      0.00000E+00      5.18440E+00      0.00000E+00
      5.61500E-01      0.00000E+00      4.90882E+00      0.00000E+00
      5.62000E-01      0.00000E+00      4.87081E+00      0.00000E+00
      5.62500E-01      0.00000E+00      4.89848E+00      0.00000E+00
      5.63000E-01      0.00000E+00      5.34758E+00      0.00000E+00
      5.63500E-01      0.00000E+00      4.59222E+00      0.00000E+00
      5.64000E-01      0.00000E+00      5.82318E+00      0.00000E+00
      5.64500E-01      0.00000E+00      6.02947E+00      0.00000E+00
      5.65000E-01      0.00000E+00      6.19565E+00      0.00000E+00
      5.65500E-01      0.00000E+00      5.25714E+00      0.00000E+00
      5.66000E-01      0.00000E+00      5.30577E+00      0.00000E+00
      5.66500E-01      0.00000E+00      5.96710E+00      0.00000E+00
      5.67000E-01      0.00000E+00      5.25420E+00      0.00000E+00
      5.67500E-01      0.00000E+00      5.34337E+00      0.00000E+00
      5.68000E-01      0.00000E+00      4.89569E+00      0.00000E+00
      5.68500E-01      0.00000E+00      5.02648E+00      0.00000E+00
      5.69000E-01      0.00000E+00      5.68219E+00      0.00000E+00
      5.69500E-01      0.00000E+00      5.48932E+00      0.00000E+00
      5.70000E-01      0.00000E+00      5.44102E+00      0.00000E+00
      5.70500E-01      0.00000E+00      6.78765E+00      0.00000E+00
      5.71000E-01      0.00000E+00      8.78285E+00      0.00000E+00
      5.71500E-01      0.00000E+00      9.48487E+00      0.00000E+00
      5.72000E-01      0.00000E+00      9.84110E+00      0.00000E+00
      5.72500E-01      0.00000E+00      8.69423E+00      0.00000E+00
      5.73000E-01      0.00000E+00      7.87959E+00      0.00000E+00
      5.73500E-01      0.00000E+00      7.00678E+00      0.00000E+00
      5.73500E-01      0.00000E+00      7.41272E+00      0.00000E+00
      5.74000E-01      0.00000E+00      6.83686E+00      0.00000E+00
      5.74000E-01      0.00000E+00      6.99166E+00      0.00000E+00
      5.74500E-01      0.00000E+00      6.24558E+00      0.00000E+00
      5.74500E-01      0.00000E+00      6.83762E+00      0.00000E+00
      5.75000E-01      0.00000E+00      6.48999E+00      0.00000E+00
      5.75000E-01      0.00000E+00      5.70286E+00      0.00000E+00
      5.75500E-01      0.00000E+00      5.72705E+00      0.00000E+00
      5.76000E-01      0.00000E+00      5.61711E+00      0.00000E+00
      5.76000E-01      0.00000E+00      6.02718E+00      0.00000E+00
      5.76500E-01      0.00000E+00      5.05890E+00      0.00000E+00
      5.77000E-01      0.00000E+00      5.66620E+00      0.00000E+00
      5.77500E-01      0.00000E+00      5.66022E+00      0.00000E+00
      5.78000E-01      0.00000E+00      5.48461E+00      0.00000E+00
      5.79000E-01      0.00000E+00      5.27201E+00      0.00000E+00
      5.79000E-01      0.00000E+00      5.20065E+00      0.00000E+00
      5.79500E-01      0.00000E+00      5.17878E+00      0.00000E+00
      5.80000E-01      0.00000E+00      4.98772E+00      0.00000E+00
      5.80000E-01      0.00000E+00      5.23963E+00      0.00000E+00
      5.81000E-01      0.00000E+00      8.97689E+00      0.00000E+00
      5.81000E-01      0.00000E+00      4.81106E+00      0.00000E+00
      5.81500E-01      0.00000E+00      5.99582E+00      0.00000E+00
      5.82000E-01      0.00000E+00      6.25693E+00      0.00000E+00
      5.82500E-01      0.00000E+00      6.48455E+00      0.00000E+00
      5.83000E-01      0.00000E+00      6.30251E+00      0.00000E+00
      5.83500E-01      0.00000E+00      6.15685E+00      0.00000E+00
      5.84000E-01      0.00000E+00      6.59815E+00      0.00000E+00
      5.84500E-01      0.00000E+00      5.48403E+00      0.00000E+00
      5.85000E-01      0.00000E+00      5.61580E+00      0.00000E+00
      5.85500E-01      0.00000E+00      6.06776E+00      0.00000E+00
      5.86000E-01      0.00000E+00      5.57207E+00      0.00000E+00
      5.86500E-01      0.00000E+00      5.17838E+00      0.00000E+00
      5.87000E-01      0.00000E+00      4.94798E+00      0.00000E+00
      5.87500E-01      0.00000E+00      5.04160E+00      0.00000E+00
      5.88500E-01      0.00000E+00      5.67904E+00      0.00000E+00
      5.89000E-01      0.00000E+00      5.26867E+00      0.00000E+00
      5.89500E-01      0.00000E+00      5.52475E+00      0.00000E+00
      5.90000E-01      0.00000E+00      5.21036E+00      0.00000E+00
      5.90500E-01      0.00000E+00      6.46177E+00      0.00000E+00
      5.91000E-01      0.00000E+00      5.12403E+00      0.00000E+00
      5.91500E-01      0.00000E+00      5.16975E+00      0.00000E+00
      5.92000E-01      0.00000E+00      5.59343E+00      0.00000E+00
      5.92500E-01      0.00000E+00      5.53726E+00      0.00000E+00
      5.93000E-01      0.00000E+00      5.16076E+00      0.00000E+00
      5.93500E-01      0.00000E+00      5.27117E+00      0.00000E+00
      5.94000E-01      0.00000E+00      5.24746E+00      0.00000E+00
      5.94500E-01      0.00000E+00      4.94069E+00      0.00000E+00
      5.95000E-01      0.00000E+00      5.22331E+00      0.00000E+00
      5.95500E-01      0.00000E+00      5.12718E+00      0.00000E+00
      5.96000E-01      0.00000E+00      5.17468E+00      0.00000E+00
      5.96500E-01      0.00000E+00      5.21504E+00      0.00000E+00
      5.97000E-01      0.00000E+00      5.54705E+00      0.00000E+00
      5.97500E-01      0.00000E+00      5.22607E+00      0.00000E+00
      5.98000E-01      0.00000E+00      5.31211E+00      0.00000E+00
      5.98500E-01      0.00000E+00      5.58614E+00      0.00000E+00
      5.99000E-01      0.00000E+00      5.72361E+00      0.00000E+00
      5.99500E-01      0.00000E+00      5.41321E+00      0.00000E+00
      6.00000E-01      0.00000E+00      5.25808E+00      0.00000E+00
      6.00500E-01      0.00000E+00      5.67618E+00      0.00000E+00
      6.01000E-01      0.00000E+00      4.92521E+00      0.00000E+00
      6.01500E-01      0.00000E+00      4.93518E+00      0.00000E+00
      6.02000E-01      0.00000E+00      4.96154E+00      0.00000E+00
      6.02500E-01      0.00000E+00      5.01822E+00      0.00000E+00
      6.03000E-01      0.00000E+00      4.88619E+00      0.00000E+00
      6.03500E-01      0.00000E+00      4.73650E+00      0.00000E+00
      6.04000E-01      0.00000E+00      5.15173E+00      0.00000E+00
      6.04500E-01      0.00000E+00      4.12111E+00      0.00000E+00
      6.05000E-01      0.00000E+00      4.63715E+00      0.00000E+00
      6.05500E-01      0.00000E+00      4.83056E+00      0.00000E+00
      6.06000E-01      0.00000E+00      4.88032E+00      0.00000E+00
      6.06500E-01      0.00000E+00      5.31418E+00      0.00000E+00
      6.07000E-01      0.00000E+00      4.96208E+00      0.00000E+00
      6.07500E-01      0.00000E+00      4.32458E+00      0.00000E+00
      6.08000E-01      0.00000E+00      5.46024E+00      0.00000E+00
      6.08500E-01      0.00000E+00      4.71369E+00      0.00000E+00
      6.09000E-01      0.00000E+00      5.34286E+00      0.00000E+00
      6.09500E-01      0.00000E+00      5.89614E+00      0.00000E+00
      6.10000E-01      0.00000E+00      5.80849E+00      0.00000E+00
      6.10500E-01      0.00000E+00      6.19021E+00      0.00000E+00
      6.11000E-01      0.00000E+00      6.60606E+00      0.00000E+00
      6.11500E-01      0.00000E+00      6.03708E+00      0.00000E+00
      6.12000E-01      0.00000E+00      6.53212E+00      0.00000E+00
      6.12500E-01      0.00000E+00      6.02443E+00      0.00000E+00
      6.13000E-01      0.00000E+00      6.15519E+00      0.00000E+00
      6.13500E-01      0.00000E+00      6.49836E+00      0.00000E+00
      6.14000E-01      0.00000E+00      6.04452E+00      0.00000E+00
      6.14500E-01      0.00000E+00      5.39718E+00      0.00000E+00
      6.15000E-01      0.00000E+00      6.46326E+00      0.00000E+00
      6.15500E-01      0.00000E+00      6.40412E+00      0.00000E+00
      6.16000E-01      0.00000E+00      5.98411E+00      0.00000E+00
      6.16500E-01      0.00000E+00      6.91210E+00      0.00000E+00
      6.17000E-01      0.00000E+00      6.70846E+00      0.00000E+00
      6.17500E-01      0.00000E+00      6.10649E+00      0.00000E+00
      6.18000E-01      0.00000E+00      4.34942E+00      0.00000E+00
      6.18500E-01      0.00000E+00      4.03974E+00      0.00000E+00
      6.19000E-01      0.00000E+00      3.30850E+00      0.00000E+00
      6.19500E-01      0.00000E+00      2.83319E+00      0.00000E+00
      6.20000E-01      0.00000E+00      2.69511E+00      0.00000E+00
      6.20500E-01      0.00000E+00      2.54172E+00      0.00000E+00
      6.21000E-01      0.00000E+00      3.00209E+00      0.00000E+00
      6.21500E-01      0.00000E+00      3.19794E+00      0.00000E+00
      6.22000E-01      0.00000E+00      4.53464E+00      0.00000E+00
      6.22500E-01      0.00000E+00      3.17655E+00      0.00000E+00
      6.23000E-01      0.00000E+00      4.23142E+00      0.00000E+00
      6.23500E-01      0.00000E+00      4.77124E+00      0.00000E+00
      6.24000E-01      0.00000E+00      6.58096E+00      0.00000E+00
      6.24500E-01      0.00000E+00      6.68743E+00      0.00000E+00
      6.25000E-01      0.00000E+00      6.69007E+00      0.00000E+00
      6.25500E-01      0.00000E+00      6.32804E+00      0.00000E+00
      6.26000E-01      0.00000E+00      5.49650E+00      0.00000E+00
      6.26500E-01      0.00000E+00      5.48366E+00      0.00000E+00
      6.27000E-01      0.00000E+00      5.39987E+00      0.00000E+00
      6.27000E-01      0.00000E+00      5.11177E+00      0.00000E+00
      6.28000E-01      0.00000E+00      4.74727E+00      0.00000E+00
      6.28500E-01      0.00000E+00      5.44824E+00      0.00000E+00
      6.29000E-01      0.00000E+00      6.01892E+00      0.00000E+00
      6.29500E-01      0.00000E+00      6.20566E+00      0.00000E+00
      6.30000E-01      0.00000E+00      5.68462E+00      0.00000E+00
      6.30500E-01      0.00000E+00      5.50481E+00      0.00000E+00
      6.31000E-01      0.00000E+00      5.26653E+00      0.00000E+00
      6.31500E-01      0.00000E+00      5.52877E+00      0.00000E+00
      6.32000E-01      0.00000E+00      5.81593E+00      0.00000E+00
      6.32500E-01      0.00000E+00      5.40763E+00      0.00000E+00
      6.33000E-01      0.00000E+00      6.24954E+00      0.00000E+00
      6.33500E-01      0.00000E+00      6.83331E+00      0.00000E+00
      6.34000E-01      0.00000E+00      7.41258E+00      0.00000E+00
      6.34500E-01      0.00000E+00      6.62876E+00      0.00000E+00
      6.35000E-01      0.00000E+00      6.39520E+00      0.00000E+00
      6.35500E-01      0.00000E+00      6.61229E+00      0.00000E+00
      6.36000E-01      0.00000E+00      5.92993E+00      0.00000E+00
      6.36500E-01      0.00000E+00      5.55227E+00      0.00000E+00
      6.37000E-01      0.00000E+00      5.76302E+00      0.00000E+00
      6.37500E-01      0.00000E+00      5.63477E+00      0.00000E+00
      6.38000E-01      0.00000E+00      5.23176E+00      0.00000E+00
      6.38500E-01      0.00000E+00      5.03522E+00      0.00000E+00
      6.39000E-01      0.00000E+00      4.95726E+00      0.00000E+00
      6.39500E-01      0.00000E+00      4.54961E+00      0.00000E+00
      6.40000E-01      0.00000E+00      4.81457E+00      0.00000E+00
      6.40500E-01      0.00000E+00      4.62112E+00      0.00000E+00
      6.41000E-01      0.00000E+00      4.74299E+00      0.00000E+00
      6.41500E-01      0.00000E+00      4.10161E+00      0.00000E+00
      6.42000E-01      0.00000E+00      5.48725E+00      0.00000E+00
      6.42500E-01      0.00000E+00      5.77520E+00      0.00000E+00
      6.43000E-01      0.00000E+00      5.86412E+00      0.00000E+00
      6.43500E-01      0.00000E+00      5.35240E+00      0.00000E+00
      6.44000E-01      0.00000E+00      5.53726E+00      0.00000E+00
      6.44500E-01      0.00000E+00      5.27890E+00      0.00000E+00
      6.45000E-01      0.00000E+00      6.03585E+00      0.00000E+00
      6.45000E-01      0.00000E+00      5.07138E+00      0.00000E+00
      6.45500E-01      0.00000E+00      4.62525E+00      0.00000E+00
      6.46000E-01      0.00000E+00      4.82596E+00      0.00000E+00
      6.46500E-01      0.00000E+00      5.54005E+00      0.00000E+00
      6.47000E-01      0.00000E+00      4.74118E+00      0.00000E+00
      6.47500E-01      0.00000E+00      5.38801E+00      0.00000E+00
      6.48000E-01      0.00000E+00      5.99774E+00      0.00000E+00
      6.48500E-01      0.00000E+00      8.04033E+00      0.00000E+00
      6.49000E-01      0.00000E+00      7.93644E+00      0.00000E+00
      6.49500E-01      0.00000E+00      8.39098E+00      0.00000E+00
      6.50000E-01      0.00000E+00      8.48721E+00      0.00000E+00
      6.50500E-01      0.00000E+00      7.80355E+00      0.00000E+00
      6.51000E-01      0.00000E+00      6.76999E+00      0.00000E+00
      6.51500E-01      0.00000E+00      6.80600E+00      0.00000E+00
      6.52000E-01      0.00000E+00      6.70240E+00      0.00000E+00
      6.52500E-01      0.00000E+00      7.13714E+00      0.00000E+00
      6.53000E-01      0.00000E+00      6.62364E+00      0.00000E+00
      6.53500E-01      0.00000E+00      5.96967E+00      0.00000E+00
      6.54000E-01      0.00000E+00      6.01228E+00      0.00000E+00
      6.55000E-01      0.00000E+00      5.98124E+00      0.00000E+00
      6.55500E-01      0.00000E+00      5.33111E+00      0.00000E+00
      6.56000E-01      0.00000E+00      5.59462E+00      0.00000E+00
      6.56500E-01      0.00000E+00      4.62627E+00      0.00000E+00
      6.57000E-01      0.00000E+00      4.13435E+00      0.00000E+00
      6.57500E-01      0.00000E+00      4.43401E+00      0.00000E+00
      6.58000E-01      0.00000E+00      4.77389E+00      0.00000E+00
      6.58500E-01      0.00000E+00      5.44160E+00      0.00000E+00
      6.59000E-01      0.00000E+00      6.25041E+00      0.00000E+00
      6.59500E-01      0.00000E+00      7.13141E+00      0.00000E+00
      6.60000E-01      0.00000E+00      7.19352E+00      0.00000E+00
      6.60500E-01      0.00000E+00      7.16995E+00      0.00000E+00
      6.61000E-01      0.00000E+00      6.52335E+00      0.00000E+00
      6.61500E-01      0.00000E+00      5.65819E+00      0.00000E+00
      6.62000E-01      0.00000E+00      5.92076E+00      0.00000E+00
      6.62500E-01      0.00000E+00      4.57793E+00      0.00000E+00
      6.63000E-01      0.00000E+00      4.15212E+00      0.00000E+00
