# entry-subent-pointer  : 12897-002-0 
# EXFOR reaction        : (28-NI-58(N,TOT),,SIG) 
# incident energy       : 3.0874e-03 MeV - 1.1017e-01 MeV 
# target                : Ni-58 
# product               : - 
# level energy          : - 
# MF-MT number          : 3 - 1 
# first author          : Harvey 
# institute             : (1USAORL): Oak Ridge National Laboratory, Oak Ridge, TN 
# reference             : (C,82ANTWER,,856,198209) 
# year                  : 1982 
# facility              : (LINAC): Linear accelerator 
# git                   : https://github.com/IAEA-NDS/exfor_master/blob/main/exforall/128/12897.x4 
# nds                   : https://nds.iaea.org/EXFOR/12897
#
#       E_in(MeV)         dE_in(MeV)        XS(B)             dXS(B)
        3.0874E-03        0.0000E+00        1.0741E+01        8.6756E-01
        3.0922E-03        0.0000E+00        1.4942E+01        2.0243E+00
        3.1018E-03        0.0000E+00        1.2001E+01        1.0940E+00
        3.1163E-03        0.0000E+00        8.1433E+00        4.4078E-01
        3.1212E-03        0.0000E+00        1.1006E+01        8.6758E-01
        3.1309E-03        0.0000E+00        1.0330E+01        7.4719E-01
        3.1358E-03        0.0000E+00        9.1390E+00        5.6825E-01
        3.1407E-03        0.0000E+00        8.3238E+00        4.5905E-01
        3.1456E-03        0.0000E+00        1.0884E+01        8.6774E-01
        3.1903E-03        0.0000E+00        8.7366E+00        5.0440E-01
        3.1953E-03        0.0000E+00        9.8217E+00        6.6875E-01
        3.2003E-03        0.0000E+00        1.0230E+01        7.4742E-01
        3.2054E-03        0.0000E+00        1.0935E+01        8.6795E-01
        3.2105E-03        0.0000E+00        8.2800E+00        4.5914E-01
        3.2155E-03        0.0000E+00        1.1909E+01        1.0951E+00
        3.2206E-03        0.0000E+00        9.1642E+00        5.6832E-01
        3.2257E-03        0.0000E+00        8.9010E+00        5.3336E-01
        3.2308E-03        0.0000E+00        9.1240E+00        5.6836E-01
        3.2514E-03        0.0000E+00        8.1732E+00        4.4080E-01
        3.2721E-03        0.0000E+00        1.5182E+01        2.0398E+00
        3.2773E-03        0.0000E+00        1.0269E+01        7.4759E-01
        3.2878E-03        0.0000E+00        9.7988E+00        6.6892E-01
        3.3036E-03        0.0000E+00        1.0885E+01        8.6838E-01
        3.3249E-03        0.0000E+00        8.8690E+00        5.3347E-01
        3.3356E-03        0.0000E+00        1.0250E+01        7.4775E-01
        3.3463E-03        0.0000E+00        8.4652E+00        4.8018E-01
        3.3572E-03        0.0000E+00        8.4456E+00        5.6923E-01
        3.3626E-03        0.0000E+00        1.2104E+01        1.0964E+00
        3.3680E-03        0.0000E+00        1.1980E+01        1.0965E+00
        3.3735E-03        0.0000E+00        7.9805E+00        4.2476E-01
        3.3844E-03        0.0000E+00        1.0923E+01        8.6870E-01
        3.3954E-03        0.0000E+00        1.0964E+01        8.6872E-01
        3.4009E-03        0.0000E+00        8.7301E+00        5.0455E-01
        3.4065E-03        0.0000E+00        9.4692E+00        6.1221E-01
        3.4120E-03        0.0000E+00        9.7825E+00        6.6915E-01
        3.4287E-03        0.0000E+00        9.4693E+00        6.1224E-01
        3.4512E-03        0.0000E+00        1.5114E+01        2.0559E+00
        3.4682E-03        0.0000E+00        8.2624E+00        4.5930E-01
        3.4796E-03        0.0000E+00        9.8396E+00        6.6923E-01
        3.4853E-03        0.0000E+00        1.0944E+01        8.6911E-01
        3.5084E-03        0.0000E+00        7.6192E+00        3.8571E-01
        3.5141E-03        0.0000E+00        9.2725E+00        5.6853E-01
        3.5258E-03        0.0000E+00        1.5151E+01        2.0631E+00
        3.5316E-03        0.0000E+00        1.2102E+01        1.0980E+00
        3.5375E-03        0.0000E+00        8.3854E+00        4.5919E-01
        3.5433E-03        0.0000E+00        9.8789E+00        6.6932E-01
        3.5492E-03        0.0000E+00        7.8875E+00        3.9724E-01
        3.5610E-03        0.0000E+00        1.5252E+01        2.0665E+00
        3.5670E-03        0.0000E+00        1.1977E+01        1.0983E+00
        3.5729E-03        0.0000E+00        8.9376E+00        5.3362E-01
        3.5848E-03        0.0000E+00        9.1961E+00        5.6867E-01
        3.5908E-03        0.0000E+00        1.0936E+01        8.6957E-01
        3.5968E-03        0.0000E+00        9.6032E+00        6.1237E-01
        3.6028E-03        0.0000E+00        1.0943E+01        8.6962E-01
        3.6149E-03        0.0000E+00        8.9523E+00        5.3364E-01
        3.6210E-03        0.0000E+00        1.0447E+01        7.4838E-01
        3.6331E-03        0.0000E+00        1.2087E+01        1.0989E+00
        3.6392E-03        0.0000E+00        1.0971E+01        8.6976E-01
        3.6454E-03        0.0000E+00        1.5270E+01        2.0746E+00
        3.6638E-03        0.0000E+00        9.5443E+00        6.1250E-01
        3.6700E-03        0.0000E+00        9.9396E+00        6.6951E-01
        3.6762E-03        0.0000E+00        9.0578E+00        5.3360E-01
        3.6824E-03        0.0000E+00        1.5244E+01        2.0783E+00
        3.6886E-03        0.0000E+00        1.5329E+01        2.0789E+00
        3.6949E-03        0.0000E+00        9.8909E+00        6.6959E-01
        3.7200E-03        0.0000E+00        8.7478E+00        5.0476E-01
        3.7264E-03        0.0000E+00        8.7316E+00        5.0478E-01
        3.7455E-03        0.0000E+00        8.0871E+00        4.2478E-01
        3.7518E-03        0.0000E+00        8.5843E+00        4.8030E-01
        3.7776E-03        0.0000E+00        1.2069E+01        1.1003E+00
        3.7841E-03        0.0000E+00        1.2052E+01        1.1004E+00
        3.7905E-03        0.0000E+00        8.7429E+00        5.0482E-01
        3.7971E-03        0.0000E+00        1.0952E+01        8.7045E-01
        3.8036E-03        0.0000E+00        8.8249E+00        5.0475E-01
        3.8101E-03        0.0000E+00        1.2024E+01        1.1006E+00
        3.8167E-03        0.0000E+00        1.5286E+01        2.0916E+00
        3.8298E-03        0.0000E+00        9.4885E+00        6.1277E-01
        3.8365E-03        0.0000E+00        9.0271E+00        5.3376E-01
        3.8431E-03        0.0000E+00        1.5293E+01        2.0941E+00
        3.8564E-03        0.0000E+00        9.5701E+00        6.1274E-01
        3.8698E-03        0.0000E+00        1.0350E+01        7.4907E-01
        3.8765E-03        0.0000E+00        9.0318E+00        5.3379E-01
        3.8832E-03        0.0000E+00        1.1989E+01        1.1013E+00
        3.8900E-03        0.0000E+00        7.6512E+00        3.7490E-01
        3.8967E-03        0.0000E+00        9.5050E+00        6.1284E-01
        3.9035E-03        0.0000E+00        8.7168E+00        5.0492E-01
        3.9103E-03        0.0000E+00        1.0939E+01        8.7092E-01
        3.9240E-03        0.0000E+00        8.4848E+00        4.8051E-01
        3.9515E-03        0.0000E+00        9.8371E+00        6.7008E-01
        3.9584E-03        0.0000E+00        9.4971E+00        6.1293E-01
        4.0145E-03        0.0000E+00        9.2797E+00        5.6904E-01
        4.0287E-03        0.0000E+00        8.0705E+00        4.2491E-01
        4.0358E-03        0.0000E+00        1.5457E+01        2.1128E+00
        4.0430E-03        0.0000E+00        1.2040E+01        1.1027E+00
        4.0646E-03        0.0000E+00        9.3633E+00        5.6902E-01
        4.0718E-03        0.0000E+00        9.5582E+00        6.1301E-01
        4.0863E-03        0.0000E+00        7.6694E+00        3.7492E-01
        4.0936E-03        0.0000E+00        1.0394E+01        7.4957E-01
        4.1009E-03        0.0000E+00        7.6443E+00        3.7496E-01
        4.1082E-03        0.0000E+00        1.0383E+01        7.4961E-01
        4.1155E-03        0.0000E+00        1.1063E+01        8.7165E-01
        4.1303E-03        0.0000E+00        1.2058E+01        1.1034E+00
        4.1377E-03        0.0000E+00        7.6023E+00        3.6506E-01
        4.1825E-03        0.0000E+00        8.5887E+00        4.8053E-01
        4.1901E-03        0.0000E+00        1.1039E+01        8.7190E-01
        4.1976E-03        0.0000E+00        8.1677E+00        4.2484E-01
        4.2052E-03        0.0000E+00        8.2917E+00        4.4107E-01
        4.2128E-03        0.0000E+00        1.5437E+01        2.1278E+00
        4.2512E-03        0.0000E+00        8.2791E+00        4.4110E-01
        4.2589E-03        0.0000E+00        1.0462E+01        7.4984E-01
        4.2667E-03        0.0000E+00        1.0376E+01        7.4989E-01
        4.2744E-03        0.0000E+00        8.9539E+00        5.3413E-01
        4.2822E-03        0.0000E+00        8.7262E+00        5.0512E-01
        4.2979E-03        0.0000E+00        8.8643E+00        5.0499E-01
        4.3136E-03        0.0000E+00        1.5503E+01        2.1338E+00
        4.3215E-03        0.0000E+00        1.0014E+01        6.7044E-01
        4.3294E-03        0.0000E+00        1.5575E+01        2.1345E+00
        4.3374E-03        0.0000E+00        1.0435E+01        7.4993E-01
        4.3453E-03        0.0000E+00        8.3234E+00        4.4106E-01
        4.3533E-03        0.0000E+00        9.6592E+00        6.1316E-01
        4.3613E-03        0.0000E+00        9.4055E+00        5.6917E-01
        4.3694E-03        0.0000E+00        9.9790E+00        6.7048E-01
        4.3774E-03        0.0000E+00        7.9966E+00        3.9730E-01
        4.3936E-03        0.0000E+00        1.2084E+01        1.1047E+00
        4.4017E-03        0.0000E+00        1.0393E+01        7.4998E-01
        4.4099E-03        0.0000E+00        9.1013E+00        5.3401E-01
        4.4180E-03        0.0000E+00        8.7025E+00        4.8045E-01
        4.4262E-03        0.0000E+00        9.2961E+00        5.6924E-01
        4.4344E-03        0.0000E+00        9.1041E+00        5.3400E-01
        4.4509E-03        0.0000E+00        1.1081E+01        8.7222E-01
        4.4592E-03        0.0000E+00        1.0448E+01        7.4991E-01
        4.4842E-03        0.0000E+00        1.1099E+01        8.7214E-01
        4.4926E-03        0.0000E+00        1.0377E+01        7.4990E-01
        4.5010E-03        0.0000E+00        9.6491E+00        6.1311E-01
        4.5179E-03        0.0000E+00        1.0354E+01        7.4985E-01
        4.5263E-03        0.0000E+00        9.0927E+00        5.3395E-01
        4.5519E-03        0.0000E+00        1.0472E+01        7.4967E-01
        4.5690E-03        0.0000E+00        1.0530E+01        7.4957E-01
        4.5776E-03        0.0000E+00        8.6799E+00        4.8035E-01
        4.5949E-03        0.0000E+00        1.2221E+01        1.1031E+00
        4.6036E-03        0.0000E+00        1.0032E+01        6.7007E-01
        4.6211E-03        0.0000E+00        1.1137E+01        8.7125E-01
        4.6386E-03        0.0000E+00        8.4899E+00        4.5921E-01
        4.6563E-03        0.0000E+00        9.6662E+00        6.1266E-01
        4.6651E-03        0.0000E+00        8.3869E+00        4.4074E-01
        4.6740E-03        0.0000E+00        1.2204E+01        1.1012E+00
        4.6829E-03        0.0000E+00        1.0077E+01        6.6961E-01
        4.7098E-03        0.0000E+00        1.5432E+01        2.0884E+00
        4.7188E-03        0.0000E+00        1.1169E+01        8.6991E-01
        4.7370E-03        0.0000E+00        1.1141E+01        8.6960E-01
        4.7460E-03        0.0000E+00        9.7503E+00        6.1211E-01
        4.7552E-03        0.0000E+00        1.0039E+01        6.6909E-01
        4.7643E-03        0.0000E+00        1.1200E+01        8.6909E-01
        4.7735E-03        0.0000E+00        1.5387E+01        2.0646E+00
        4.7827E-03        0.0000E+00        9.4182E+00        5.6816E-01
        4.7919E-03        0.0000E+00        1.5454E+01        2.0581E+00
        4.8012E-03        0.0000E+00        7.2981E+00        3.3226E-01
        4.8104E-03        0.0000E+00        8.7343E+00        4.7970E-01
        4.8197E-03        0.0000E+00        8.0715E+00        4.2443E-01
        4.8291E-03        0.0000E+00        7.8259E+00        3.7432E-01
        4.8478E-03        0.0000E+00        8.5444E+00        4.5870E-01
        4.8572E-03        0.0000E+00        7.5446E+00        3.4711E-01
        4.8667E-03        0.0000E+00        9.6530E+00        6.1172E-01
        4.8952E-03        0.0000E+00        1.5449E+01        2.0451E+00
        4.9047E-03        0.0000E+00        8.5755E+00        4.5862E-01
        4.9336E-03        0.0000E+00        9.4343E+00        5.6791E-01
        4.9529E-03        0.0000E+00        8.5391E+00        4.5866E-01
        4.9822E-03        0.0000E+00        9.6583E+00        6.1171E-01
        4.9920E-03        0.0000E+00        9.6702E+00        6.1172E-01
        5.0117E-03        0.0000E+00        1.0468E+01        7.4745E-01
        5.0216E-03        0.0000E+00        1.1190E+01        8.6835E-01
        5.0315E-03        0.0000E+00        1.0475E+01        7.4750E-01
        5.0415E-03        0.0000E+00        9.4217E+00        5.6803E-01
        5.0514E-03        0.0000E+00        9.3988E+00        5.6806E-01
        5.0615E-03        0.0000E+00        1.0077E+01        6.6872E-01
        5.0715E-03        0.0000E+00        1.0638E+01        7.4754E-01
        5.0816E-03        0.0000E+00        8.5868E+00        4.5869E-01
        5.0917E-03        0.0000E+00        7.7372E+00        3.5534E-01
        5.1222E-03        0.0000E+00        1.0550E+01        7.4773E-01
        5.1324E-03        0.0000E+00        1.0602E+01        7.4774E-01
        5.1427E-03        0.0000E+00        1.1223E+01        8.6892E-01
        5.1529E-03        0.0000E+00        1.2203E+01        1.0979E+00
        5.1633E-03        0.0000E+00        8.0948E+00        3.9675E-01
        5.1736E-03        0.0000E+00        1.5598E+01        2.0699E+00
        5.1840E-03        0.0000E+00        9.7833E+00        6.1193E-01
        5.1944E-03        0.0000E+00        9.7984E+00        6.1194E-01
        5.2048E-03        0.0000E+00        9.4308E+00        5.6822E-01
        5.2153E-03        0.0000E+00        8.0726E+00        3.9680E-01
        5.2258E-03        0.0000E+00        9.7147E+00        6.1204E-01
        5.2364E-03        0.0000E+00        1.0591E+01        7.4805E-01
        5.2469E-03        0.0000E+00        1.0494E+01        7.4813E-01
        5.2575E-03        0.0000E+00        8.7064E+00        4.5868E-01
        5.2682E-03        0.0000E+00        1.2279E+01        1.0991E+00
        5.2895E-03        0.0000E+00        7.9230E+00        3.8512E-01
        5.3003E-03        0.0000E+00        7.9761E+00        3.8506E-01
        5.3218E-03        0.0000E+00        1.0088E+01        6.6924E-01
        5.3435E-03        0.0000E+00        9.7196E+00        6.1222E-01
        5.3544E-03        0.0000E+00        8.5867E+00        4.5885E-01
        5.3653E-03        0.0000E+00        8.7461E+00        4.7990E-01
        5.3763E-03        0.0000E+00        1.0550E+01        7.4848E-01
        5.3873E-03        0.0000E+00        1.0464E+01        7.4856E-01
        5.3983E-03        0.0000E+00        1.0573E+01        7.4854E-01
        5.4094E-03        0.0000E+00        1.0033E+01        6.6946E-01
        5.4205E-03        0.0000E+00        1.2224E+01        1.1007E+00
        5.4316E-03        0.0000E+00        9.5134E+00        5.6844E-01
        5.4765E-03        0.0000E+00        1.2267E+01        1.1013E+00
        5.4878E-03        0.0000E+00        1.0511E+01        7.4883E-01
        5.4991E-03        0.0000E+00        9.2048E+00        5.3343E-01
        5.5105E-03        0.0000E+00        8.2910E+00        4.2439E-01
        5.5219E-03        0.0000E+00        8.0498E+00        3.9695E-01
        5.5334E-03        0.0000E+00        9.5632E+00        5.6853E-01
        5.5448E-03        0.0000E+00        1.2201E+01        1.1021E+00
        5.5564E-03        0.0000E+00        8.0637E+00        3.9694E-01
        5.5679E-03        0.0000E+00        1.0133E+01        6.6972E-01
        5.5795E-03        0.0000E+00        9.2008E+00        5.3351E-01
        5.6028E-03        0.0000E+00        1.2248E+01        1.1027E+00
        5.6145E-03        0.0000E+00        9.2466E+00        5.3351E-01
        5.6262E-03        0.0000E+00        7.4227E+00        3.3954E-01
        5.6380E-03        0.0000E+00        9.2494E+00        5.3353E-01
        5.6617E-03        0.0000E+00        1.0199E+01        6.6988E-01
        5.6855E-03        0.0000E+00        9.6526E+00        6.1279E-01
        5.7094E-03        0.0000E+00        7.4986E+00        3.3944E-01
        5.7214E-03        0.0000E+00        1.0651E+01        7.4946E-01
        5.7456E-03        0.0000E+00        9.7723E+00        6.1281E-01
        5.7578E-03        0.0000E+00        9.2249E+00        5.3367E-01
        5.7700E-03        0.0000E+00        9.8150E+00        6.1282E-01
        5.7822E-03        0.0000E+00        8.6933E+00        4.5901E-01
        5.7945E-03        0.0000E+00        1.2271E+01        1.1048E+00
        5.8068E-03        0.0000E+00        1.2215E+01        1.1049E+00
        5.8315E-03        0.0000E+00        1.0633E+01        7.4980E-01
        5.8439E-03        0.0000E+00        1.1238E+01        8.7234E-01
        5.8564E-03        0.0000E+00        9.5258E+00        5.6895E-01
        5.8689E-03        0.0000E+00        8.8486E+00        5.0487E-01
        5.8940E-03        0.0000E+00        1.1551E+01        1.1061E+00
        5.9066E-03        0.0000E+00        8.2111E+00        5.0563E-01
        5.9193E-03        0.0000E+00        1.0362E+01        7.5019E-01
        5.9447E-03        0.0000E+00        8.2319E+00        4.1004E-01
        5.9575E-03        0.0000E+00        7.2458E+00        3.1914E-01
        5.9704E-03        0.0000E+00        9.8916E+00        6.1308E-01
        5.9961E-03        0.0000E+00        8.7121E+00        4.5912E-01
        6.0091E-03        0.0000E+00        9.1107E+00        5.0475E-01
        6.0221E-03        0.0000E+00        9.5519E+00        5.6913E-01
        6.0351E-03        0.0000E+00        1.0610E+01        7.5041E-01
        6.0482E-03        0.0000E+00        1.0177E+01        6.7069E-01
        6.0613E-03        0.0000E+00        9.1290E+00        5.0478E-01
        6.0745E-03        0.0000E+00        9.4450E+00        5.6927E-01
        6.0877E-03        0.0000E+00        8.5663E+00        4.4076E-01
        6.1009E-03        0.0000E+00        1.0178E+01        6.7080E-01
        6.1276E-03        0.0000E+00        7.7996E+00        3.6473E-01
        6.1544E-03        0.0000E+00        8.4783E+00        4.4089E-01
        6.1678E-03        0.0000E+00        1.2385E+01        1.1089E+00
        6.1949E-03        0.0000E+00        8.4261E+00        4.2456E-01
        6.2085E-03        0.0000E+00        7.9245E+00        3.7456E-01
        6.2222E-03        0.0000E+00        1.2364E+01        1.1095E+00
        6.2359E-03        0.0000E+00        1.5934E+01        2.2015E+00
        6.2634E-03        0.0000E+00        7.1565E+00        3.0206E-01
        6.2772E-03        0.0000E+00        1.2370E+01        1.1101E+00
        6.3050E-03        0.0000E+00        1.0123E+01        6.7125E-01
        6.3190E-03        0.0000E+00        1.6086E+01        2.2132E+00
        6.3330E-03        0.0000E+00        8.8297E+00        4.8051E-01
        6.3612E-03        0.0000E+00        7.8682E+00        3.6471E-01
        6.3753E-03        0.0000E+00        8.9569E+00        4.8043E-01
        6.4038E-03        0.0000E+00        1.0256E+01        6.7138E-01
        6.4181E-03        0.0000E+00        7.9013E+00        3.7466E-01
        6.4468E-03        0.0000E+00        1.1249E+01        8.7530E-01
        6.4612E-03        0.0000E+00        1.0642E+01        7.5167E-01
        6.4757E-03        0.0000E+00        7.6097E+00        3.4738E-01
        6.5048E-03        0.0000E+00        1.0185E+01        6.7163E-01
        6.5195E-03        0.0000E+00        8.6624E+00        4.5949E-01
        6.5342E-03        0.0000E+00        1.6094E+01        2.2449E+00
        6.5785E-03        0.0000E+00        8.8586E+00        4.8065E-01
        6.5934E-03        0.0000E+00        8.8815E+00        4.8064E-01
        6.6083E-03        0.0000E+00        9.1671E+00        5.0520E-01
        6.6233E-03        0.0000E+00        1.1354E+01        8.7613E-01
        6.6384E-03        0.0000E+00        1.1361E+01        8.7620E-01
        6.6535E-03        0.0000E+00        8.3347E+00        4.1023E-01
        6.6686E-03        0.0000E+00        1.0709E+01        7.5226E-01
        6.6838E-03        0.0000E+00        8.7816E+00        4.5948E-01
        6.6990E-03        0.0000E+00        8.0695E+00        3.8543E-01
        6.7143E-03        0.0000E+00        9.9165E+00        6.1421E-01
        6.7451E-03        0.0000E+00        8.5529E+00        4.2470E-01
        6.7605E-03        0.0000E+00        8.9612E+00        4.8069E-01
        6.7916E-03        0.0000E+00        8.8763E+00        4.8079E-01
        6.8072E-03        0.0000E+00        9.1535E+00        5.0538E-01
        6.8229E-03        0.0000E+00        9.9235E+00        6.1438E-01
        6.8544E-03        0.0000E+00        9.9082E+00        6.1443E-01
        6.8702E-03        0.0000E+00        8.2010E+00        3.9729E-01
        6.9021E-03        0.0000E+00        8.6465E+00        4.4112E-01
        6.9181E-03        0.0000E+00        8.4113E+00        4.2492E-01
        6.9341E-03        0.0000E+00        7.5410E+00        3.3228E-01
        6.9502E-03        0.0000E+00        8.1827E+00        3.9734E-01
        6.9664E-03        0.0000E+00        8.2683E+00        3.9725E-01
        6.9826E-03        0.0000E+00        1.0790E+01        7.5316E-01
        6.9989E-03        0.0000E+00        9.9142E+00        6.1465E-01
        7.0152E-03        0.0000E+00        1.0242E+01        6.7265E-01
        7.0316E-03        0.0000E+00        1.6290E+01        2.3255E+00
        7.0646E-03        0.0000E+00        9.4399E+00        5.3480E-01
        7.0812E-03        0.0000E+00        8.4636E+00        4.2495E-01
        7.0978E-03        0.0000E+00        8.8248E+00        4.5969E-01
        7.1312E-03        0.0000E+00        1.1377E+01        8.7864E-01
        7.1480E-03        0.0000E+00        7.9457E+00        3.7484E-01
        7.1649E-03        0.0000E+00        8.1632E+00        3.8549E-01
        7.1818E-03        0.0000E+00        9.4488E+00        5.3491E-01
        7.1988E-03        0.0000E+00        8.7377E+00        4.5983E-01
        7.2158E-03        0.0000E+00        9.8841E+00        6.1500E-01
        7.2329E-03        0.0000E+00        1.0706E+01        7.5394E-01
        7.2501E-03        0.0000E+00        8.1076E+00        3.8558E-01
        7.2673E-03        0.0000E+00        9.6296E+00        5.7058E-01
        7.2846E-03        0.0000E+00        9.4587E+00        5.3500E-01
        7.3019E-03        0.0000E+00        8.2389E+00        3.9741E-01
        7.3193E-03        0.0000E+00        7.8708E+00        3.7499E-01
        7.3368E-03        0.0000E+00        9.4106E+00        5.3509E-01
        7.3543E-03        0.0000E+00        8.6310E+00        4.4137E-01
        7.3719E-03        0.0000E+00        7.7905E+00        3.5589E-01
        7.3896E-03        0.0000E+00        8.9228E+00        4.8117E-01
        7.4073E-03        0.0000E+00        7.6965E+00        3.3956E-01
        7.4251E-03        0.0000E+00        1.1401E+01        8.8009E-01
        7.4430E-03        0.0000E+00        8.4760E+00        4.2511E-01
        7.4609E-03        0.0000E+00        7.4333E+00        3.1914E-01
        7.4789E-03        0.0000E+00        8.0033E+00        3.7487E-01
        7.4969E-03        0.0000E+00        7.1542E+00        3.0771E-01
        7.5150E-03        0.0000E+00        8.6142E+00        4.4148E-01
        7.5332E-03        0.0000E+00        9.9461E+00        6.1546E-01
        7.5514E-03        0.0000E+00        7.8534E+00        3.7508E-01
        7.5698E-03        0.0000E+00        9.0569E+00        5.0608E-01
        7.5881E-03        0.0000E+00        8.2654E+00        4.2540E-01
        7.6066E-03        0.0000E+00        8.1497E+00        3.9763E-01
        7.6251E-03        0.0000E+00        9.8310E+00        6.1567E-01
        7.6437E-03        0.0000E+00        7.9055E+00        3.7504E-01
        7.6623E-03        0.0000E+00        9.7981E+00        6.1575E-01
        7.6810E-03        0.0000E+00        9.8093E+00        6.1577E-01
        7.6998E-03        0.0000E+00        7.9862E+00        3.7496E-01
        7.7187E-03        0.0000E+00        9.2999E+00        5.3554E-01
        7.7376E-03        0.0000E+00        8.1211E+00        3.9771E-01
        7.7566E-03        0.0000E+00        8.6866E+00        4.6022E-01
        7.7756E-03        0.0000E+00        8.1142E+00        3.9773E-01
        7.7948E-03        0.0000E+00        7.0027E+00        2.9740E-01
        7.8140E-03        0.0000E+00        9.7779E+00        6.1599E-01
        7.8332E-03        0.0000E+00        8.8467E+00        4.8154E-01
        7.8526E-03        0.0000E+00        7.4262E+00        3.4005E-01
        7.8720E-03        0.0000E+00        8.9936E+00        5.0638E-01
        7.8915E-03        0.0000E+00        8.0990E+00        3.9779E-01
        7.9111E-03        0.0000E+00        8.9507E+00        5.0645E-01
        7.9307E-03        0.0000E+00        1.0231E+01        6.7454E-01
        7.9504E-03        0.0000E+00        8.8357E+00        4.8163E-01
        7.9702E-03        0.0000E+00        9.4159E+00        5.7158E-01
        7.9900E-03        0.0000E+00        1.0639E+01        7.5622E-01
        8.0100E-03        0.0000E+00        9.4804E+00        5.7158E-01
        8.0300E-03        0.0000E+00        8.8121E+00        4.8171E-01
        8.0500E-03        0.0000E+00        7.8518E+00        3.6522E-01
        8.0702E-03        0.0000E+00        7.9156E+00        3.7516E-01
        8.0904E-03        0.0000E+00        9.2873E+00        5.3591E-01
        8.1107E-03        0.0000E+00        8.4743E+00        4.2542E-01
        8.1311E-03        0.0000E+00        8.2645E+00        4.1093E-01
        8.1516E-03        0.0000E+00        7.7798E+00        3.5611E-01
        8.1721E-03        0.0000E+00        8.1259E+00        3.9787E-01
        8.1927E-03        0.0000E+00        9.1243E+00        5.0653E-01
        8.2134E-03        0.0000E+00        7.6713E+00        3.3978E-01
        8.2342E-03        0.0000E+00        9.3316E+00        5.3601E-01
        8.2760E-03        0.0000E+00        8.3042E+00        4.1094E-01
        8.2970E-03        0.0000E+00        7.8496E+00        3.5606E-01
        8.3181E-03        0.0000E+00        8.1540E+00        3.9788E-01
        8.3392E-03        0.0000E+00        9.0467E+00        5.0670E-01
        8.3605E-03        0.0000E+00        8.7387E+00        4.6052E-01
        8.3818E-03        0.0000E+00        7.9980E+00        3.8609E-01
        8.4032E-03        0.0000E+00        7.9069E+00        3.6525E-01
        8.4247E-03        0.0000E+00        7.5293E+00        3.3261E-01
        8.4463E-03        0.0000E+00        8.2373E+00        3.9784E-01
        8.4680E-03        0.0000E+00        7.0942E+00        2.9244E-01
        8.4897E-03        0.0000E+00        1.0267E+01        6.7563E-01
        8.5115E-03        0.0000E+00        7.4053E+00        3.1938E-01
        8.5555E-03        0.0000E+00        7.1620E+00        2.9234E-01
        8.5775E-03        0.0000E+00        8.2924E+00        3.9782E-01
        8.5997E-03        0.0000E+00        8.0203E+00        3.6517E-01
        8.6220E-03        0.0000E+00        8.3577E+00        3.9777E-01
        8.6443E-03        0.0000E+00        7.8713E+00        3.5611E-01
        8.6667E-03        0.0000E+00        7.5723E+00        3.3260E-01
        8.6892E-03        0.0000E+00        8.3835E+00        3.9777E-01
        8.7118E-03        0.0000E+00        9.4138E+00        5.3640E-01
        8.7345E-03        0.0000E+00        7.3557E+00        3.0214E-01
        8.7573E-03        0.0000E+00        8.0753E+00        3.7518E-01
        8.7802E-03        0.0000E+00        7.4034E+00        3.1943E-01
        8.8031E-03        0.0000E+00        7.1642E+00        2.9728E-01
        8.8262E-03        0.0000E+00        8.1557E+00        3.7511E-01
        8.8493E-03        0.0000E+00        7.5745E+00        3.2570E-01
        8.8726E-03        0.0000E+00        7.6750E+00        3.3251E-01
        8.8959E-03        0.0000E+00        8.1768E+00        3.8605E-01
        8.9193E-03        0.0000E+00        7.5239E+00        3.1928E-01
        8.9428E-03        0.0000E+00        7.4563E+00        3.1326E-01
        8.9664E-03        0.0000E+00        7.6508E+00        3.3256E-01
        8.9901E-03        0.0000E+00        7.3938E+00        3.0758E-01
        9.0139E-03        0.0000E+00        7.4596E+00        3.1326E-01
        9.0378E-03        0.0000E+00        8.2432E+00        3.8602E-01
        9.0618E-03        0.0000E+00        7.2689E+00        2.9225E-01
        9.0858E-03        0.0000E+00        7.4865E+00        3.1324E-01
        9.1100E-03        0.0000E+00        6.8662E+00        2.6093E-01
        9.1343E-03        0.0000E+00        7.4344E+00        3.0755E-01
        9.1586E-03        0.0000E+00        7.2573E+00        2.9228E-01
        9.1831E-03        0.0000E+00        6.3266E+00        2.3381E-01
        9.2076E-03        0.0000E+00        7.0892E+00        2.8343E-01
        9.2323E-03        0.0000E+00        7.1518E+00        2.9245E-01
        9.2571E-03        0.0000E+00        6.3681E+00        2.2914E-01
        9.2819E-03        0.0000E+00        7.3076E+00        2.9712E-01
        9.3069E-03        0.0000E+00        6.3778E+00        2.3372E-01
        9.3319E-03        0.0000E+00        7.1947E+00        2.8772E-01
        9.3571E-03        0.0000E+00        6.9534E+00        2.6778E-01
        9.3823E-03        0.0000E+00        7.1114E+00        2.7917E-01
        9.4077E-03        0.0000E+00        7.2265E+00        2.8768E-01
        9.4332E-03        0.0000E+00        6.5756E+00        2.4079E-01
        9.4587E-03        0.0000E+00        7.0969E+00        2.8344E-01
        9.4844E-03        0.0000E+00        6.8630E+00        2.6096E-01
        9.5102E-03        0.0000E+00        7.0143E+00        2.7141E-01
        9.5361E-03        0.0000E+00        7.0032E+00        2.6772E-01
        9.5621E-03        0.0000E+00        6.6546E+00        2.4331E-01
        9.5882E-03        0.0000E+00        6.5105E+00        2.3114E-01
        9.6144E-03        0.0000E+00        5.9936E+00        2.0245E-01
        9.6407E-03        0.0000E+00        6.0009E+00        2.0714E-01
        9.6671E-03        0.0000E+00        6.4492E+00        2.2900E-01
        9.6936E-03        0.0000E+00        6.4162E+00        2.2906E-01
        9.7203E-03        0.0000E+00        5.8315E+00        1.9703E-01
        9.7470E-03        0.0000E+00        5.7354E+00        1.9194E-01
        9.7739E-03        0.0000E+00        5.9314E+00        2.0569E-01
        9.8008E-03        0.0000E+00        5.9017E+00        2.0420E-01
        9.8279E-03        0.0000E+00        6.0885E+00        2.1200E-01
        9.8551E-03        0.0000E+00        6.4616E+00        2.2898E-01
        9.8824E-03        0.0000E+00        6.4156E+00        2.2907E-01
        9.9098E-03        0.0000E+00        5.7950E+00        1.9440E-01
        9.9374E-03        0.0000E+00        5.8070E+00        1.9709E-01
        9.9650E-03        0.0000E+00        5.9930E+00        2.0399E-01
        9.9928E-03        0.0000E+00        5.5778E+00        1.8286E-01
        1.0021E-02        0.0000E+00        6.2034E+00        2.1533E-01
        1.0049E-02        0.0000E+00        5.3945E+00        1.7421E-01
        1.0077E-02        0.0000E+00        5.5466E+00        1.8079E-01
        1.0105E-02        0.0000E+00        5.5535E+00        1.8515E-01
        1.0133E-02        0.0000E+00        5.4654E+00        1.7790E-01
        1.0162E-02        0.0000E+00        5.4947E+00        1.7119E-01
        1.0190E-02        0.0000E+00        5.1660E+00        1.6776E-01
        1.0219E-02        0.0000E+00        5.0221E+00        1.5696E-01
        1.0248E-02        0.0000E+00        5.3170E+00        1.6901E-01
        1.0277E-02        0.0000E+00        5.1712E+00        1.6073E-01
        1.0306E-02        0.0000E+00        4.9526E+00        1.5202E-01
        1.0335E-02        0.0000E+00        5.1853E+00        1.5924E-01
        1.0365E-02        0.0000E+00        5.2398E+00        1.6588E-01
        1.0394E-02        0.0000E+00        5.1208E+00        1.6232E-01
        1.0424E-02        0.0000E+00        5.2013E+00        1.6209E-01
        1.0453E-02        0.0000E+00        4.6828E+00        1.4708E-01
        1.0483E-02        0.0000E+00        4.7382E+00        1.4856E-01
        1.0513E-02        0.0000E+00        5.0441E+00        1.5891E-01
        1.0543E-02        0.0000E+00        4.6916E+00        1.4492E-01
        1.0573E-02        0.0000E+00        4.5024E+00        1.3922E-01
        1.0604E-02        0.0000E+00        4.6433E+00        1.3874E-01
        1.0634E-02        0.0000E+00        4.5965E+00        1.3889E-01
        1.0665E-02        0.0000E+00        4.6526E+00        1.3692E-01
        1.0696E-02        0.0000E+00        4.5806E+00        1.3849E-01
        1.0726E-02        0.0000E+00        4.2514E+00        1.2710E-01
        1.0757E-02        0.0000E+00        4.0637E+00        1.2177E-01
        1.0789E-02        0.0000E+00        4.3407E+00        1.3184E-01
        1.0820E-02        0.0000E+00        4.1585E+00        1.2200E-01
        1.0851E-02        0.0000E+00        4.0839E+00        1.2199E-01
        1.0883E-02        0.0000E+00        3.6460E+00        1.1088E-01
        1.0914E-02        0.0000E+00        3.9883E+00        1.1921E-01
        1.0946E-02        0.0000E+00        3.9176E+00        1.1530E-01
        1.0978E-02        0.0000E+00        3.8170E+00        1.1306E-01
        1.1010E-02        0.0000E+00        3.9272E+00        1.1756E-01
        1.1043E-02        0.0000E+00        3.7762E+00        1.1209E-01
        1.1075E-02        0.0000E+00        3.6164E+00        1.0751E-01
        1.1108E-02        0.0000E+00        3.4961E+00        1.0192E-01
        1.1140E-02        0.0000E+00        3.4963E+00        1.0432E-01
        1.1173E-02        0.0000E+00        3.5419E+00        1.0556E-01
        1.1206E-02        0.0000E+00        3.4280E+00        1.0307E-01
        1.1239E-02        0.0000E+00        3.1914E+00        9.6868E-02
        1.1272E-02        0.0000E+00        3.2959E+00        1.0029E-01
        1.1306E-02        0.0000E+00        3.2608E+00        9.7509E-02
        1.1339E-02        0.0000E+00        3.2737E+00        9.7874E-02
        1.1373E-02        0.0000E+00        2.9613E+00        9.2241E-02
        1.1407E-02        0.0000E+00        2.8150E+00        8.6563E-02
        1.1441E-02        0.0000E+00        2.7128E+00        8.5380E-02
        1.1475E-02        0.0000E+00        2.8059E+00        8.8252E-02
        1.1509E-02        0.0000E+00        2.8881E+00        8.9338E-02
        1.1544E-02        0.0000E+00        2.8027E+00        8.5798E-02
        1.1578E-02        0.0000E+00        2.5493E+00        8.1850E-02
        1.1613E-02        0.0000E+00        2.4447E+00        8.1182E-02
        1.1648E-02        0.0000E+00        2.5732E+00        8.1188E-02
        1.1683E-02        0.0000E+00        2.3960E+00        7.9080E-02
        1.1719E-02        0.0000E+00        2.2969E+00        7.7783E-02
        1.1754E-02        0.0000E+00        2.3527E+00        7.8022E-02
        1.1789E-02        0.0000E+00        2.0190E+00        7.3529E-02
        1.1825E-02        0.0000E+00        2.0158E+00        7.3907E-02
        1.1861E-02        0.0000E+00        1.9261E+00        7.3139E-02
        1.1897E-02        0.0000E+00        1.9074E+00        7.2442E-02
        1.1933E-02        0.0000E+00        1.7408E+00        6.9975E-02
        1.1970E-02        0.0000E+00        1.6751E+00        6.9097E-02
        1.2006E-02        0.0000E+00        1.6895E+00        6.7773E-02
        1.2043E-02        0.0000E+00        1.7051E+00        6.7410E-02
        1.2080E-02        0.0000E+00        1.4859E+00        6.6008E-02
        1.2117E-02        0.0000E+00        1.3632E+00        6.4633E-02
        1.2154E-02        0.0000E+00        1.3945E+00        6.4921E-02
        1.2192E-02        0.0000E+00        1.3471E+00        6.3355E-02
        1.2229E-02        0.0000E+00        1.2751E+00        6.2194E-02
        1.2267E-02        0.0000E+00        1.0799E+00        6.0692E-02
        1.2305E-02        0.0000E+00        9.6811E-01        6.0623E-02
        1.2343E-02        0.0000E+00        9.3794E-01        6.1113E-02
        1.2381E-02        0.0000E+00        1.0009E+00        6.1119E-02
        1.2420E-02        0.0000E+00        9.3047E-01        5.8747E-02
        1.2458E-02        0.0000E+00        7.3445E-01        5.7537E-02
        1.2497E-02        0.0000E+00        7.0779E-01        5.6114E-02
        1.2536E-02        0.0000E+00        6.9296E-01        5.8023E-02
        1.2575E-02        0.0000E+00        6.0798E-01        5.6512E-02
        1.2615E-02        0.0000E+00        7.1146E-01        5.7158E-02
        1.2654E-02        0.0000E+00        5.8447E-01        5.6189E-02
        1.2694E-02        0.0000E+00        4.5676E-01        5.4660E-02
        1.2734E-02        0.0000E+00        4.6515E-01        5.4648E-02
        1.2774E-02        0.0000E+00        2.1236E-01        5.3842E-02
        1.2814E-02        0.0000E+00        4.1408E-01        5.4529E-02
        1.2855E-02        0.0000E+00        2.8194E-01        5.5036E-02
        1.2896E-02        0.0000E+00        2.1177E-01        5.4383E-02
        1.2937E-02        0.0000E+00        2.7149E-01        5.4629E-02
        1.2978E-02        0.0000E+00        2.6601E-01        5.4691E-02
        1.3019E-02        0.0000E+00        2.7490E-01        5.5264E-02
        1.3060E-02        0.0000E+00        3.3243E-01        5.4555E-02
        1.3102E-02        0.0000E+00        4.4367E-01        5.4703E-02
        1.3144E-02        0.0000E+00        5.1215E-01        5.6737E-02
        1.3186E-02        0.0000E+00        6.0001E-01        5.8054E-02
        1.3228E-02        0.0000E+00        1.2267E+00        6.2200E-02
        1.3271E-02        0.0000E+00        3.1807E+00        9.3206E-02
        1.3313E-02        0.0000E+00        5.4785E+00        1.7408E-01
        1.3356E-02        0.0000E+00        2.1651E+00        7.5127E-02
        1.3399E-02        0.0000E+00        1.4433E+00        6.4557E-02
        1.3443E-02        0.0000E+00        1.3309E+00        6.3209E-02
        1.3486E-02        0.0000E+00        1.4329E+00        6.4817E-02
        1.3530E-02        0.0000E+00        1.6639E+00        6.7199E-02
        1.3574E-02        0.0000E+00        2.2493E+00        7.5177E-02
        1.3618E-02        0.0000E+00        4.1640E+00        1.1779E-01
        1.3662E-02        0.0000E+00        3.0699E+00        8.9724E-02
        1.3707E-02        0.0000E+00        3.1107E+00        9.3788E-02
        1.3752E-02        0.0000E+00        3.7640E+00        1.0834E-01
        1.3797E-02        0.0000E+00        4.2877E+00        1.2251E-01
        1.3842E-02        0.0000E+00        5.2723E+00        1.5982E-01
        1.3888E-02        0.0000E+00        5.6096E+00        1.7470E-01
        1.3933E-02        0.0000E+00        6.8943E+00        2.4591E-01
        1.3979E-02        0.0000E+00        7.3707E+00        2.7920E-01
        1.4072E-02        0.0000E+00        8.5084E+00        3.7589E-01
        1.4118E-02        0.0000E+00        8.6691E+00        3.9890E-01
        1.4165E-02        0.0000E+00        1.0463E+01        6.2297E-01
        1.4212E-02        0.0000E+00        1.0714E+01        6.8408E-01
        1.4259E-02        0.0000E+00        1.0777E+01        6.8404E-01
        1.4307E-02        0.0000E+00        9.8998E+00        5.3992E-01
        1.4355E-02        0.0000E+00        9.9058E+00        5.3996E-01
        1.4403E-02        0.0000E+00        1.3276E+01        1.1890E+00
        1.4451E-02        0.0000E+00        7.8488E+00        3.1952E-01
        1.4548E-02        0.0000E+00        1.0110E+01        5.7696E-01
        1.4597E-02        0.0000E+00        9.2431E+00        4.6272E-01
        1.4696E-02        0.0000E+00        8.5988E+00        3.7578E-01
        1.4746E-02        0.0000E+00        8.9119E+00        4.2698E-01
        1.4796E-02        0.0000E+00        9.8816E+00        5.3984E-01
        1.4846E-02        0.0000E+00        8.3547E+00        3.6585E-01
        1.4947E-02        0.0000E+00        9.3175E+00        4.6256E-01
        1.4998E-02        0.0000E+00        7.9470E+00        3.2591E-01
        1.5050E-02        0.0000E+00        8.6502E+00        3.9894E-01
        1.5101E-02        0.0000E+00        1.0091E+01        5.7691E-01
        1.5153E-02        0.0000E+00        9.4202E+00        4.8445E-01
        1.5205E-02        0.0000E+00        1.1921E+01        9.0836E-01
        1.5257E-02        0.0000E+00        9.5867E+00        5.0994E-01
        1.5310E-02        0.0000E+00        8.1176E+00        3.4821E-01
        1.5363E-02        0.0000E+00        1.0412E+01        6.2353E-01
        1.5416E-02        0.0000E+00        1.0133E+01        5.7709E-01
        1.5470E-02        0.0000E+00        1.0414E+01        6.2354E-01
        1.5523E-02        0.0000E+00        1.0327E+01        6.2354E-01
        1.5577E-02        0.0000E+00        9.2871E+00        4.6261E-01
        1.5632E-02        0.0000E+00        9.2653E+00        4.6245E-01
        1.5686E-02        0.0000E+00        9.8316E+00        5.3968E-01
        1.5741E-02        0.0000E+00        1.0823E+01        6.8379E-01
        1.5796E-02        0.0000E+00        9.0197E+00        4.2679E-01
        1.5963E-02        0.0000E+00        8.3573E+00        3.5617E-01
        1.6020E-02        0.0000E+00        8.8899E+00        4.1162E-01
        1.6076E-02        0.0000E+00        9.0539E+00        4.4313E-01
        1.6133E-02        0.0000E+00        9.9478E+00        5.3904E-01
        1.6191E-02        0.0000E+00        9.5010E+00        4.8366E-01
        1.6248E-02        0.0000E+00        9.2201E+00        4.4307E-01
        1.6306E-02        0.0000E+00        8.9921E+00        4.2651E-01
        1.6423E-02        0.0000E+00        9.1376E+00        4.4308E-01
        1.6481E-02        0.0000E+00        8.3247E+00        3.5606E-01
        1.6540E-02        0.0000E+00        8.7979E+00        3.9801E-01
        1.6600E-02        0.0000E+00        9.7421E+00        5.0835E-01
        1.6660E-02        0.0000E+00        8.5370E+00        3.6507E-01
        1.6720E-02        0.0000E+00        9.0472E+00        4.6173E-01
        1.6780E-02        0.0000E+00        9.5222E+00        5.3872E-01
        1.6841E-02        0.0000E+00        9.6832E+00        5.0849E-01
        1.6902E-02        0.0000E+00        8.7081E+00        3.8606E-01
        1.6963E-02        0.0000E+00        9.9891E+00        5.3851E-01
        1.7025E-02        0.0000E+00        1.0283E+01        5.7506E-01
        1.7087E-02        0.0000E+00        9.7910E+00        5.0834E-01
        1.7149E-02        0.0000E+00        9.4720E+00        4.6120E-01
        1.7212E-02        0.0000E+00        9.9798E+00        5.3757E-01
        1.7275E-02        0.0000E+00        7.9585E+00        3.1862E-01
        1.7338E-02        0.0000E+00        1.2149E+01        8.9754E-01
        1.7402E-02        0.0000E+00        1.0932E+01        6.7966E-01
        1.7531E-02        0.0000E+00        8.2510E+00        3.3918E-01
        1.7596E-02        0.0000E+00        8.7538E+00        3.8561E-01
        1.7661E-02        0.0000E+00        8.5885E+00        3.7476E-01
        1.7726E-02        0.0000E+00        1.0567E+01        6.1971E-01
        1.7792E-02        0.0000E+00        8.6487E+00        3.7470E-01
        1.7858E-02        0.0000E+00        9.3799E+00        4.6092E-01
        1.7925E-02        0.0000E+00        9.8905E+00        5.3762E-01
        1.7992E-02        0.0000E+00        9.5923E+00        4.8235E-01
        1.8060E-02        0.0000E+00        8.3452E+00        3.4699E-01
        1.8195E-02        0.0000E+00        8.8068E+00        3.8548E-01
        1.8264E-02        0.0000E+00        8.7197E+00        3.8552E-01
        1.8333E-02        0.0000E+00        8.4204E+00        3.5543E-01
        1.8402E-02        0.0000E+00        8.7769E+00        3.8544E-01
        1.8472E-02        0.0000E+00        1.0313E+01        5.7363E-01
        1.8542E-02        0.0000E+00        1.3322E+01        1.1640E+00
        1.8613E-02        0.0000E+00        1.0295E+01        5.7360E-01
        1.8684E-02        0.0000E+00        8.4345E+00        3.5538E-01
        1.8755E-02        0.0000E+00        8.6924E+00        3.7444E-01
        1.8827E-02        0.0000E+00        9.0121E+00        4.1045E-01
        1.8899E-02        0.0000E+00        1.2139E+01        8.9425E-01
        1.8971E-02        0.0000E+00        9.2003E+00        4.2480E-01
        1.9044E-02        0.0000E+00        8.9015E+00        3.9688E-01
        1.9118E-02        0.0000E+00        8.9933E+00        4.1003E-01
        1.9192E-02        0.0000E+00        8.7323E+00        3.8496E-01
        1.9266E-02        0.0000E+00        7.9098E+00        3.0633E-01
        1.9341E-02        0.0000E+00        9.3407E+00        4.4117E-01
        1.9416E-02        0.0000E+00        9.8966E+00        5.0634E-01
        1.9491E-02        0.0000E+00        8.6632E+00        3.7406E-01
        1.9644E-02        0.0000E+00        9.0550E+00        4.2477E-01
        1.9721E-02        0.0000E+00        7.9258E+00        3.1204E-01
        1.9798E-02        0.0000E+00        8.8201E+00        3.8486E-01
        1.9876E-02        0.0000E+00        1.0154E+01        5.3604E-01
        1.9954E-02        0.0000E+00        9.8187E+00        5.0635E-01
        2.0033E-02        0.0000E+00        8.4633E+00        3.5491E-01
        2.0112E-02        0.0000E+00        8.7933E+00        3.7389E-01
        2.0192E-02        0.0000E+00        9.8856E+00        5.0620E-01
        2.0272E-02        0.0000E+00        9.3137E+00        4.4101E-01
        2.0353E-02        0.0000E+00        9.3525E+00        4.4099E-01
        2.0434E-02        0.0000E+00        1.0692E+01        6.1729E-01
        2.0515E-02        0.0000E+00        9.5293E+00        4.5965E-01
        2.0597E-02        0.0000E+00        1.3372E+01        1.1516E+00
        2.0680E-02        0.0000E+00        9.3836E+00        4.4096E-01
        2.0763E-02        0.0000E+00        9.2009E+00        4.2452E-01
        2.0847E-02        0.0000E+00        8.3737E+00        3.3843E-01
        2.0931E-02        0.0000E+00        8.7732E+00        3.7384E-01
        2.1015E-02        0.0000E+00        1.2216E+01        8.9146E-01
        2.1100E-02        0.0000E+00        8.9490E+00        3.9666E-01
        2.1186E-02        0.0000E+00        1.0413E+01        5.7201E-01
        2.1272E-02        0.0000E+00        9.8735E+00        5.0614E-01
        2.1359E-02        0.0000E+00        1.1532E+01        7.6036E-01
        2.1446E-02        0.0000E+00        9.4159E+00        4.4091E-01
        2.1534E-02        0.0000E+00        8.8897E+00        3.8466E-01
        2.1622E-02        0.0000E+00        9.4376E+00        4.4090E-01
        2.1711E-02        0.0000E+00        8.9687E+00        3.9661E-01
        2.1981E-02        0.0000E+00        9.5264E+00        4.4086E-01
        2.2072E-02        0.0000E+00        8.1750E+00        3.1776E-01
        2.2163E-02        0.0000E+00        8.7362E+00        3.6381E-01
        2.2255E-02        0.0000E+00        1.0209E+01        5.3591E-01
        2.2348E-02        0.0000E+00        8.7007E+00        3.6384E-01
        2.2442E-02        0.0000E+00        8.3516E+00        3.3841E-01
        2.2536E-02        0.0000E+00        9.6480E+00        4.5963E-01
        2.2630E-02        0.0000E+00        1.2369E+01        8.9252E-01
        2.2725E-02        0.0000E+00        8.6048E+00        3.5468E-01
        2.2821E-02        0.0000E+00        1.1060E+01        6.7741E-01
        2.2917E-02        0.0000E+00        8.2678E+00        3.3110E-01
        2.3014E-02        0.0000E+00        9.6239E+00        4.5970E-01
        2.3112E-02        0.0000E+00        1.3436E+01        1.1573E+00
        2.3210E-02        0.0000E+00        1.0461E+01        5.7239E-01
        2.3309E-02        0.0000E+00        8.5265E+00        3.4624E-01
        2.3408E-02        0.0000E+00        9.5040E+00        4.4103E-01
        2.3508E-02        0.0000E+00        8.7105E+00        3.6390E-01
        2.3609E-02        0.0000E+00        1.0004E+01        5.0646E-01
        2.3710E-02        0.0000E+00        8.7731E+00        3.6388E-01
        2.3812E-02        0.0000E+00        9.0907E+00        3.9669E-01
        2.3915E-02        0.0000E+00        1.1142E+01        6.7826E-01
        2.4018E-02        0.0000E+00        9.1406E+00        3.9668E-01
        2.4122E-02        0.0000E+00        8.4309E+00        3.3844E-01
        2.4227E-02        0.0000E+00        9.2493E+00        4.2473E-01
        2.4332E-02        0.0000E+00        1.2343E+01        8.9588E-01
        2.4438E-02        0.0000E+00        9.0915E+00        3.9678E-01
        2.4545E-02        0.0000E+00        8.9868E+00        3.8482E-01
        2.4653E-02        0.0000E+00        9.4126E+00        4.2471E-01
        2.4761E-02        0.0000E+00        9.2673E+00        4.1001E-01
        2.4870E-02        0.0000E+00        9.8216E+00        4.8169E-01
        2.4979E-02        0.0000E+00        9.2311E+00        4.1007E-01
        2.5090E-02        0.0000E+00        8.4510E+00        3.3851E-01
        2.5201E-02        0.0000E+00        8.6947E+00        3.6410E-01
        2.5312E-02        0.0000E+00        9.3939E+00        4.4150E-01
        2.5425E-02        0.0000E+00        9.4450E+00        4.8208E-01
        2.5538E-02        0.0000E+00        9.4635E+00        4.4151E-01
        2.5652E-02        0.0000E+00        1.1172E+01        6.7981E-01
        2.5767E-02        0.0000E+00        9.4768E+00        4.4155E-01
        2.5883E-02        0.0000E+00        8.9884E+00        3.8501E-01
        2.5999E-02        0.0000E+00        1.1705E+01        7.6520E-01
        2.6116E-02        0.0000E+00        8.2815E+00        3.2439E-01
        2.6234E-02        0.0000E+00        8.9838E+00        3.8506E-01
        2.6353E-02        0.0000E+00        9.0387E+00        3.9711E-01
        2.6472E-02        0.0000E+00        9.0363E+00        3.9712E-01
        2.6593E-02        0.0000E+00        8.0849E+00        3.1198E-01
        2.6714E-02        0.0000E+00        8.0703E+00        3.1200E-01
        2.6836E-02        0.0000E+00        1.0697E+01        6.2027E-01
        2.6959E-02        0.0000E+00        1.2167E+01        9.0187E-01
        2.7083E-02        0.0000E+00        8.7307E+00        3.8536E-01
        2.7207E-02        0.0000E+00        8.1241E+00        3.3899E-01
        2.7333E-02        0.0000E+00        8.1589E+00        3.5553E-01
        2.7459E-02        0.0000E+00        9.7516E+00        5.3807E-01
        2.7586E-02        0.0000E+00        1.0555E+01        6.8170E-01
        2.7714E-02        0.0000E+00        8.5574E+00        4.2593E-01
        2.7843E-02        0.0000E+00        8.3082E+00        3.9794E-01
        2.7973E-02        0.0000E+00        7.3355E+00        3.0718E-01
        2.8104E-02        0.0000E+00        7.8933E+00        3.5591E-01
        2.8235E-02        0.0000E+00        7.9871E+00        3.4721E-01
        2.8368E-02        0.0000E+00        8.0648E+00        3.5574E-01
        2.8501E-02        0.0000E+00        9.2138E+00        4.6127E-01
        2.8636E-02        0.0000E+00        8.9200E+00        4.2580E-01
        2.8771E-02        0.0000E+00        1.1264E+01        7.6892E-01
        2.8908E-02        0.0000E+00        9.7044E+00        5.0841E-01
        2.9045E-02        0.0000E+00        8.4508E+00        3.6474E-01
        2.9184E-02        0.0000E+00        8.8297E+00        3.9770E-01
        2.9323E-02        0.0000E+00        8.3754E+00        3.5555E-01
        2.9463E-02        0.0000E+00        8.9844E+00        4.1102E-01
        2.9605E-02        0.0000E+00        8.1634E+00        3.2478E-01
        2.9747E-02        0.0000E+00        8.7341E+00        3.7472E-01
        2.9890E-02        0.0000E+00        8.7939E+00        3.8573E-01
        3.0035E-02        0.0000E+00        8.5925E+00        3.6476E-01
        3.0180E-02        0.0000E+00        9.0628E+00        4.1112E-01
        3.0327E-02        0.0000E+00        8.1838E+00        3.8637E-01
        3.0475E-02        0.0000E+00        8.8509E+00        3.9792E-01
        3.0623E-02        0.0000E+00        8.8922E+00        3.8578E-01
        3.0773E-02        0.0000E+00        9.0447E+00        3.9784E-01
        3.0924E-02        0.0000E+00        8.3177E+00        3.2477E-01
        3.1076E-02        0.0000E+00        8.5040E+00        3.3905E-01
        3.1229E-02        0.0000E+00        9.2430E+00        4.1121E-01
        3.1383E-02        0.0000E+00        8.5188E+00        3.3907E-01
        3.1539E-02        0.0000E+00        1.0062E+01        5.0928E-01
        3.1695E-02        0.0000E+00        9.3336E+00        4.2621E-01
        3.1853E-02        0.0000E+00        7.9456E+00        2.9115E-01
        3.2012E-02        0.0000E+00        9.2734E+00        4.1135E-01
        3.2172E-02        0.0000E+00        8.0645E+00        2.9598E-01
        3.2334E-02        0.0000E+00        7.9969E+00        2.9114E-01
        3.2496E-02        0.0000E+00        8.3717E+00        3.1834E-01
        3.2660E-02        0.0000E+00        8.5052E+00        3.3922E-01
        3.2825E-02        0.0000E+00        9.1069E+00        3.9816E-01
        3.2991E-02        0.0000E+00        8.0967E+00        3.0667E-01
        3.3159E-02        0.0000E+00        8.1553E+00        3.0663E-01
        3.3328E-02        0.0000E+00        8.6515E+00        3.5582E-01
        3.3498E-02        0.0000E+00        8.1607E+00        3.1245E-01
        3.3669E-02        0.0000E+00        9.6141E+00        4.6251E-01
        3.3842E-02        0.0000E+00        8.1077E+00        3.1253E-01
        3.4016E-02        0.0000E+00        8.4959E+00        3.4739E-01
        3.4191E-02        0.0000E+00        8.2302E+00        3.3214E-01
        3.4368E-02        0.0000E+00        8.2841E+00        3.3211E-01
        3.4546E-02        0.0000E+00        1.0354E+01        5.7855E-01
        3.4726E-02        0.0000E+00        7.7011E+00        2.9160E-01
        3.4907E-02        0.0000E+00        8.0959E+00        3.3234E-01
        3.5089E-02        0.0000E+00        8.2348E+00        3.3971E-01
        3.5273E-02        0.0000E+00        7.7790E+00        2.9648E-01
        3.5458E-02        0.0000E+00        8.1828E+00        3.3231E-01
        3.5645E-02        0.0000E+00        7.0710E+00        2.4231E-01
        3.5833E-02        0.0000E+00        6.9192E+00        2.3483E-01
        3.6023E-02        0.0000E+00        3.9682E+00        1.0464E-01
        3.6214E-02        0.0000E+00        8.2143E+00        3.3984E-01
        3.6406E-02        0.0000E+00        7.7983E+00        2.9160E-01
        3.6601E-02        0.0000E+00        8.3074E+00        3.3230E-01
        3.6797E-02        0.0000E+00        7.9617E+00        2.9639E-01
        3.6994E-02        0.0000E+00        7.6440E+00        2.7431E-01
        3.7193E-02        0.0000E+00        8.2710E+00        3.1881E-01
        3.7393E-02        0.0000E+00        7.0200E+00        2.2555E-01
        3.7596E-02        0.0000E+00        7.4637E+00        2.5993E-01
        3.7800E-02        0.0000E+00        7.9563E+00        2.9152E-01
        3.8005E-02        0.0000E+00        7.0280E+00        2.2342E-01
        3.8212E-02        0.0000E+00        7.1826E+00        2.3455E-01
        3.8421E-02        0.0000E+00        7.4781E+00        2.5042E-01
        3.8632E-02        0.0000E+00        7.4146E+00        2.4472E-01
        3.8844E-02        0.0000E+00        7.1915E+00        2.2324E-01
        3.9058E-02        0.0000E+00        7.1342E+00        2.1923E-01
        3.9274E-02        0.0000E+00        7.3023E+00        2.3203E-01
        3.9492E-02        0.0000E+00        7.4715E+00        2.4469E-01
        3.9711E-02        0.0000E+00        7.3962E+00        2.4203E-01
        3.9933E-02        0.0000E+00        7.0245E+00        2.1367E-01
        4.0156E-02        0.0000E+00        7.3788E+00        2.3685E-01
        4.0381E-02        0.0000E+00        7.1646E+00        2.2331E-01
        4.0608E-02        0.0000E+00        7.5367E+00        2.4465E-01
        4.0837E-02        0.0000E+00        7.1170E+00        2.2551E-01
        4.1068E-02        0.0000E+00        6.4880E+00        1.9269E-01
        4.1300E-02        0.0000E+00        6.4127E+00        1.9282E-01
        4.1535E-02        0.0000E+00        6.6964E+00        2.1059E-01
        4.1772E-02        0.0000E+00        6.7718E+00        2.1405E-01
        4.2011E-02        0.0000E+00        6.7532E+00        2.1051E-01
        4.2252E-02        0.0000E+00        6.6175E+00        2.0099E-01
        4.2495E-02        0.0000E+00        6.1456E+00        1.7607E-01
        4.2740E-02        0.0000E+00        6.1699E+00        1.7603E-01
        4.2987E-02        0.0000E+00        6.3528E+00        1.8204E-01
        4.3236E-02        0.0000E+00        6.1866E+00        1.7601E-01
        4.3488E-02        0.0000E+00        6.3469E+00        1.8095E-01
        4.3741E-02        0.0000E+00        6.3734E+00        1.8091E-01
        4.3997E-02        0.0000E+00        6.7312E+00        1.9508E-01
        4.4255E-02        0.0000E+00        5.9674E+00        1.5788E-01
        4.4516E-02        0.0000E+00        5.8355E+00        1.5207E-01
        4.4778E-02        0.0000E+00        6.1769E+00        1.7035E-01
        4.5044E-02        0.0000E+00        5.9602E+00        1.5935E-01
        4.5311E-02        0.0000E+00        5.7971E+00        1.5152E-01
        4.5581E-02        0.0000E+00        5.5817E+00        1.4282E-01
        4.5853E-02        0.0000E+00        5.4189E+00        1.3776E-01
        4.6128E-02        0.0000E+00        5.7022E+00        1.4808E-01
        4.6405E-02        0.0000E+00        5.6018E+00        1.4278E-01
        4.6685E-02        0.0000E+00        5.2869E+00        1.3239E-01
        4.6967E-02        0.0000E+00        5.0154E+00        1.2065E-01
        4.7252E-02        0.0000E+00        5.2822E+00        1.3281E-01
        4.7539E-02        0.0000E+00        5.1687E+00        1.3145E-01
        4.7829E-02        0.0000E+00        5.2985E+00        1.3237E-01
        4.8122E-02        0.0000E+00        4.8647E+00        1.1668E-01
        4.8417E-02        0.0000E+00        5.0176E+00        1.1945E-01
        4.8715E-02        0.0000E+00        4.6207E+00        1.0831E-01
        4.9016E-02        0.0000E+00        4.6077E+00        1.0645E-01
        4.9320E-02        0.0000E+00        4.5342E+00        1.0623E-01
        4.9626E-02        0.0000E+00        4.2982E+00        9.9255E-02
        4.9936E-02        0.0000E+00        4.3474E+00        9.9941E-02
        5.0248E-02        0.0000E+00        4.0600E+00        9.5256E-02
        5.0563E-02        0.0000E+00        4.0329E+00        9.4779E-02
        5.0881E-02        0.0000E+00        3.9973E+00        9.3130E-02
        5.1202E-02        0.0000E+00        3.7836E+00        8.7949E-02
        5.1527E-02        0.0000E+00        3.6596E+00        8.5361E-02
        5.1854E-02        0.0000E+00        3.5871E+00        8.2439E-02
        5.2184E-02        0.0000E+00        3.5056E+00        8.3264E-02
        5.2518E-02        0.0000E+00        3.1777E+00        7.6066E-02
        5.2855E-02        0.0000E+00        2.9529E+00        7.1741E-02
        5.3195E-02        0.0000E+00        2.7123E+00        6.7185E-02
        5.3538E-02        0.0000E+00        2.6563E+00        6.6002E-02
        5.3885E-02        0.0000E+00        2.5408E+00        6.3218E-02
        5.4235E-02        0.0000E+00        2.2952E+00        6.0617E-02
        5.4589E-02        0.0000E+00        2.1814E+00        5.8287E-02
        5.4946E-02        0.0000E+00        1.9331E+00        5.4425E-02
        5.5306E-02        0.0000E+00        1.8010E+00        4.9462E-02
        5.5670E-02        0.0000E+00        1.5260E+00        4.4709E-02
        5.6038E-02        0.0000E+00        1.4091E+00        4.3349E-02
        5.6409E-02        0.0000E+00        1.1295E+00        4.2693E-02
        5.6784E-02        0.0000E+00        8.6128E-01        4.2445E-02
        5.7163E-02        0.0000E+00        7.0042E-01        4.1596E-02
        5.7545E-02        0.0000E+00        4.6344E-01        4.1343E-02
        5.7932E-02        0.0000E+00        3.1328E-01        3.9951E-02
        5.8322E-02        0.0000E+00        2.7854E-01        3.9081E-02
        5.8717E-02        0.0000E+00        2.1565E-01        3.9381E-02
        5.9115E-02        0.0000E+00        1.0942E-01        3.9185E-02
        5.9517E-02        0.0000E+00        3.0113E-01        3.9488E-02
        5.9924E-02        0.0000E+00        1.1090E+00        4.4885E-02
        6.0334E-02        0.0000E+00        1.8875E+00        5.2456E-02
        6.0749E-02        0.0000E+00        2.7373E+00        6.3345E-02
        6.1168E-02        0.0000E+00        4.7687E+00        1.0512E-01
        6.1592E-02        0.0000E+00        7.2533E+00        2.0693E-01
        6.2020E-02        0.0000E+00        9.1189E+00        3.4150E-01
        6.2452E-02        0.0000E+00        8.8793E+00        3.2024E-01
        6.2889E-02        0.0000E+00        1.2590E+01        8.1317E-01
        6.3331E-02        0.0000E+00        8.6609E+00        3.0267E-01
        6.3777E-02        0.0000E+00        8.6036E+00        2.9745E-01
        6.4228E-02        0.0000E+00        7.6648E+00        2.2776E-01
        6.4684E-02        0.0000E+00        8.5501E+00        2.9251E-01
        6.5145E-02        0.0000E+00        1.0551E+01        4.9244E-01
        6.5610E-02        0.0000E+00        9.3105E+00        3.5866E-01
        6.6081E-02        0.0000E+00        9.0258E+00        3.4178E-01
        6.6557E-02        0.0000E+00        1.0436E+01        4.9272E-01
        6.7037E-02        0.0000E+00        8.8445E+00        3.1418E-01
        6.7523E-02        0.0000E+00        9.0238E+00        3.2038E-01
        6.8015E-02        0.0000E+00        8.5470E+00        2.8787E-01
        6.8512E-02        0.0000E+00        9.1839E+00        3.4181E-01
        6.9014E-02        0.0000E+00        8.7237E+00        3.0284E-01
        6.9522E-02        0.0000E+00        9.4869E+00        3.6843E-01
        7.0035E-02        0.0000E+00        8.7243E+00        3.0287E-01
        7.0554E-02        0.0000E+00        9.0070E+00        3.2721E-01
        7.1079E-02        0.0000E+00        8.3876E+00        2.9785E-01
        7.1610E-02        0.0000E+00        8.6213E+00        2.9269E-01
        7.2146E-02        0.0000E+00        9.0268E+00        3.2057E-01
        7.2689E-02        0.0000E+00        9.6956E+00        3.9049E-01
        7.3238E-02        0.0000E+00        8.8305E+00        3.0851E-01
        7.3793E-02        0.0000E+00        9.1975E+00        3.5031E-01
        7.4355E-02        0.0000E+00        7.8803E+00        2.5424E-01
        7.4923E-02        0.0000E+00        8.5372E+00        2.8808E-01
        7.5497E-02        0.0000E+00        8.3359E+00        2.7130E-01
        7.6079E-02        0.0000E+00        8.0434E+00        2.4807E-01
        7.6666E-02        0.0000E+00        7.9105E+00        2.4532E-01
        7.7261E-02        0.0000E+00        7.5025E+00        2.2810E-01
        7.7863E-02        0.0000E+00        7.2944E+00        2.4885E-01
        7.8471E-02        0.0000E+00        7.8989E+00        2.9349E-01
        7.9087E-02        0.0000E+00        7.5394E+00        2.3272E-01
        7.9710E-02        0.0000E+00        7.1340E+00        1.9651E-01
        8.0341E-02        0.0000E+00        7.4491E+00        2.0862E-01
        8.0979E-02        0.0000E+00        7.2748E+00        2.0076E-01
        8.1625E-02        0.0000E+00        6.8038E+00        1.7261E-01
        8.2278E-02        0.0000E+00        7.4086E+00        2.0535E-01
        8.2939E-02        0.0000E+00        7.3731E+00        2.0704E-01
        8.3609E-02        0.0000E+00        7.4219E+00        2.2181E-01
        8.4286E-02        0.0000E+00        6.9854E+00        1.9531E-01
        8.4972E-02        0.0000E+00        6.6747E+00        1.7672E-01
        8.5666E-02        0.0000E+00        6.6975E+00        1.7568E-01
        8.6369E-02        0.0000E+00        6.3098E+00        1.6060E-01
        8.7080E-02        0.0000E+00        6.2547E+00        1.5363E-01
        8.7800E-02        0.0000E+00        6.2205E+00        1.5174E-01
        8.8529E-02        0.0000E+00        5.9573E+00        1.4240E-01
        8.9268E-02        0.0000E+00        6.1147E+00        1.4650E-01
        9.0015E-02        0.0000E+00        5.9809E+00        1.5149E-01
        9.0772E-02        0.0000E+00        5.8167E+00        1.3587E-01
        9.1539E-02        0.0000E+00        5.1728E+00        1.1454E-01
        9.2315E-02        0.0000E+00        5.4756E+00        1.2019E-01
        9.3101E-02        0.0000E+00        5.1379E+00        1.1183E-01
        9.3898E-02        0.0000E+00        5.1287E+00        1.1137E-01
        9.4704E-02        0.0000E+00        5.0252E+00        1.0836E-01
        9.5521E-02        0.0000E+00        4.8011E+00        1.0260E-01
        9.6349E-02        0.0000E+00        4.7210E+00        1.0169E-01
        9.7187E-02        0.0000E+00        4.4787E+00        9.9201E-02
        9.8037E-02        0.0000E+00        4.1799E+00        9.1899E-02
        9.8897E-02        0.0000E+00        4.0013E+00        8.4760E-02
        9.9769E-02        0.0000E+00        3.8771E+00        8.2656E-02
        1.0065E-01        0.0000E+00        3.6401E+00        7.8784E-02
        1.0155E-01        0.0000E+00        3.5204E+00        7.7675E-02
        1.0246E-01        0.0000E+00        2.9888E+00        6.7710E-02
        1.0338E-01        0.0000E+00        2.6126E+00        6.2987E-02
        1.0431E-01        0.0000E+00        2.2038E+00        5.6526E-02
        1.0525E-01        0.0000E+00        1.8382E+00        5.2022E-02
        1.0621E-01        0.0000E+00        7.2364E-01        4.2048E-02
        1.0718E-01        0.0000E+00        5.4459E-01        4.0497E-02
        1.0816E-01        0.0000E+00        5.3615E+00        1.1953E-01
        1.0916E-01        0.0000E+00        7.8074E+00        2.3287E-01
        1.1017E-01        0.0000E+00        7.9450E+00        2.3772E-01
