# entry-subent-pointer  : 12882-004-0 
# EXFOR reaction        : ['8-O-0', ['N,TOT'], ',,SIG'] 
# incident energy       : 2.00e+00 MeV - 6.91e+01 MeV 
# target                : O-0 
# product               : - 
# level energy          : - 
# MF-MT number          : 3 - 1 
# first author          : D.C.Larson 
# institute             : (1USAORL): Oak Ridge National Laboratory, Oak Ridge, TN 
# reference             : (C,80BNL,,277,8007) 
# year                  : 1980 
# facility              : (LINAC): Linear accelerator 
# git                   : https://github.com/IAEA-NDS/exfor_master/blob/main/exforall/128/12882.x4 
# nds                   : https://nds.iaea.org/EXFOR/12882
#
#       E_in(MeV)       dE_in(MeV)            XS(B)           dXS(B)
      1.99520E+00      0.00000E+00      1.62370E+00      1.80780E-02
      2.00010E+00      0.00000E+00      1.59190E+00      1.80240E-02
      2.00510E+00      0.00000E+00      1.61550E+00      1.80600E-02
      2.01000E+00      0.00000E+00      1.58800E+00      1.80730E-02
      2.01500E+00      0.00000E+00      1.55410E+00      1.81740E-02
      2.02000E+00      0.00000E+00      1.54630E+00      1.82050E-02
      2.02500E+00      0.00000E+00      1.55150E+00      1.82930E-02
      2.03010E+00      0.00000E+00      1.49450E+00      1.82190E-02
      2.03510E+00      0.00000E+00      1.52420E+00      1.83970E-02
      2.04020E+00      0.00000E+00      1.51400E+00      1.84790E-02
      2.04530E+00      0.00000E+00      1.51030E+00      1.84990E-02
      2.05040E+00      0.00000E+00      1.51060E+00      1.84310E-02
      2.05550E+00      0.00000E+00      1.48590E+00      1.83510E-02
      2.06070E+00      0.00000E+00      1.44430E+00      1.84860E-02
      2.06580E+00      0.00000E+00      1.44780E+00      1.84480E-02
      2.07100E+00      0.00000E+00      1.45360E+00      1.83540E-02
      2.07620E+00      0.00000E+00      1.44180E+00      1.82330E-02
      2.08150E+00      0.00000E+00      1.47120E+00      1.82880E-02
      2.08670E+00      0.00000E+00      1.44430E+00      1.80820E-02
      2.09200E+00      0.00000E+00      1.43320E+00      1.80280E-02
      2.09730E+00      0.00000E+00      1.44780E+00      1.81980E-02
      2.10260E+00      0.00000E+00      1.45280E+00      1.83580E-02
      2.10790E+00      0.00000E+00      1.40930E+00      1.85190E-02
      2.11320E+00      0.00000E+00      1.42070E+00      1.86220E-02
      2.11860E+00      0.00000E+00      1.37990E+00      1.84180E-02
      2.12400E+00      0.00000E+00      1.38390E+00      1.83890E-02
      2.12940E+00      0.00000E+00      1.36980E+00      1.83160E-02
      2.13480E+00      0.00000E+00      1.36440E+00      1.83760E-02
      2.14030E+00      0.00000E+00      1.36920E+00      1.83890E-02
      2.14570E+00      0.00000E+00      1.36530E+00      1.84150E-02
      2.15120E+00      0.00000E+00      1.33950E+00      1.84440E-02
      2.15670E+00      0.00000E+00      1.33110E+00      1.85590E-02
      2.16230E+00      0.00000E+00      1.29110E+00      1.84540E-02
      2.16780E+00      0.00000E+00      1.28690E+00      1.84680E-02
      2.17340E+00      0.00000E+00      1.29890E+00      1.85900E-02
      2.17900E+00      0.00000E+00      1.26780E+00      1.86400E-02
      2.18460E+00      0.00000E+00      1.26780E+00      1.86380E-02
      2.19030E+00      0.00000E+00      1.25550E+00      1.87960E-02
      2.19590E+00      0.00000E+00      1.24610E+00      1.86220E-02
      2.20160E+00      0.00000E+00      1.20130E+00      1.84950E-02
      2.20730E+00      0.00000E+00      1.18860E+00      1.84830E-02
      2.21310E+00      0.00000E+00      1.15480E+00      1.84740E-02
      2.21880E+00      0.00000E+00      1.14710E+00      1.84250E-02
      2.22460E+00      0.00000E+00      1.13530E+00      1.84280E-02
      2.23040E+00      0.00000E+00      1.13510E+00      1.85740E-02
      2.23620E+00      0.00000E+00      1.09750E+00      1.84900E-02
      2.24200E+00      0.00000E+00      1.04740E+00      1.84470E-02
      2.24790E+00      0.00000E+00      1.01880E+00      1.82610E-02
      2.25380E+00      0.00000E+00      9.62220E-01      1.82370E-02
      2.25970E+00      0.00000E+00      9.56440E-01      1.83270E-02
      2.26560E+00      0.00000E+00      9.11550E-01      1.84410E-02
      2.27160E+00      0.00000E+00      8.66590E-01      1.85380E-02
      2.27760E+00      0.00000E+00      7.86770E-01      1.84460E-02
      2.28360E+00      0.00000E+00      7.29470E-01      1.83110E-02
      2.28960E+00      0.00000E+00      6.97330E-01      1.82310E-02
      2.29570E+00      0.00000E+00      6.15650E-01      1.82410E-02
      2.30180E+00      0.00000E+00      5.37140E-01      1.83150E-02
      2.30790E+00      0.00000E+00      4.79080E-01      1.83470E-02
      2.31400E+00      0.00000E+00      4.16390E-01      1.81170E-02
      2.32010E+00      0.00000E+00      3.25590E-01      1.78540E-02
      2.32630E+00      0.00000E+00      2.78030E-01      1.77140E-02
      2.33250E+00      0.00000E+00      2.35280E-01      1.77730E-02
      2.33870E+00      0.00000E+00      1.75870E-01      1.78000E-02
      2.34500E+00      0.00000E+00      1.52710E-01      1.77380E-02
      2.35130E+00      0.00000E+00      1.33380E-01      1.78050E-02
      2.35760E+00      0.00000E+00      1.83380E-01      1.78070E-02
      2.36390E+00      0.00000E+00      2.06240E-01      1.76690E-02
      2.37020E+00      0.00000E+00      2.25990E-01      1.79220E-02
      2.37660E+00      0.00000E+00      3.03220E-01      1.82780E-02
      2.38300E+00      0.00000E+00      3.50580E-01      1.87350E-02
      2.38940E+00      0.00000E+00      4.12460E-01      1.89740E-02
      2.39590E+00      0.00000E+00      4.85490E-01      1.91600E-02
      2.40240E+00      0.00000E+00      5.25580E-01      1.93860E-02
      2.40890E+00      0.00000E+00      6.22580E-01      1.97910E-02
      2.41540E+00      0.00000E+00      6.82000E-01      2.00360E-02
      2.42200E+00      0.00000E+00      7.04330E-01      2.02170E-02
      2.42860E+00      0.00000E+00      7.77540E-01      2.05710E-02
      2.43520E+00      0.00000E+00      7.98760E-01      2.08400E-02
      2.44180E+00      0.00000E+00      8.66990E-01      2.10660E-02
      2.44850E+00      0.00000E+00      9.02840E-01      2.08980E-02
      2.45520E+00      0.00000E+00      9.12920E-01      2.08400E-02
      2.46190E+00      0.00000E+00      9.41900E-01      2.13110E-02
      2.46870E+00      0.00000E+00      9.66060E-01      2.16370E-02
      2.47540E+00      0.00000E+00      9.82270E-01      2.19020E-02
      2.48230E+00      0.00000E+00      9.61360E-01      2.19290E-02
      2.48910E+00      0.00000E+00      9.96050E-01      2.23680E-02
      2.49600E+00      0.00000E+00      1.00660E+00      2.28790E-02
      2.50280E+00      0.00000E+00      1.03420E+00      2.32590E-02
      2.50980E+00      0.00000E+00      1.07040E+00      2.33210E-02
      2.51670E+00      0.00000E+00      1.09020E+00      2.33500E-02
      2.52370E+00      0.00000E+00      1.04970E+00      2.35540E-02
      2.53070E+00      0.00000E+00      1.05760E+00      2.38170E-02
      2.53770E+00      0.00000E+00      1.04370E+00      2.41390E-02
      2.54480E+00      0.00000E+00      1.08940E+00      2.43160E-02
      2.55190E+00      0.00000E+00      1.09130E+00      2.42850E-02
      2.55900E+00      0.00000E+00      1.10510E+00      2.45330E-02
      2.56620E+00      0.00000E+00      1.06380E+00      2.45940E-02
      2.57340E+00      0.00000E+00      1.08440E+00      2.47300E-02
      2.58060E+00      0.00000E+00      1.11460E+00      2.49520E-02
      2.58780E+00      0.00000E+00      1.11130E+00      2.54240E-02
      2.59510E+00      0.00000E+00      1.07650E+00      2.55560E-02
      2.60240E+00      0.00000E+00      1.12260E+00      2.61910E-02
      2.60980E+00      0.00000E+00      1.15910E+00      2.67370E-02
      2.61710E+00      0.00000E+00      1.08260E+00      2.69190E-02
      2.62450E+00      0.00000E+00      1.13710E+00      2.75600E-02
      2.63200E+00      0.00000E+00      1.11490E+00      2.80090E-02
      2.63940E+00      0.00000E+00      1.13680E+00      2.87230E-02
      2.64690E+00      0.00000E+00      1.13500E+00      2.93390E-02
      2.65440E+00      0.00000E+00      1.16710E+00      3.06840E-02
      2.66200E+00      0.00000E+00      1.09970E+00      3.21660E-02
      2.66960E+00      0.00000E+00      1.15790E+00      3.43660E-02
      2.67720E+00      0.00000E+00      1.12340E+00      3.61690E-02
      2.68490E+00      0.00000E+00      1.17180E+00      3.86260E-02
      2.69260E+00      0.00000E+00      1.11800E+00      4.06630E-02
      2.70030E+00      0.00000E+00      1.16130E+00      4.36950E-02
      2.70810E+00      0.00000E+00      1.15070E+00      4.45800E-02
      2.71580E+00      0.00000E+00      1.15650E+00      4.54240E-02
      2.72370E+00      0.00000E+00      1.11260E+00      4.50770E-02
      2.73150E+00      0.00000E+00      1.03680E+00      4.36480E-02
      2.73940E+00      0.00000E+00      1.12940E+00      4.29200E-02
      2.74730E+00      0.00000E+00      1.11690E+00      4.25030E-02
      2.75530E+00      0.00000E+00      1.11280E+00      4.20120E-02
      2.76330E+00      0.00000E+00      1.02310E+00      4.17930E-02
      2.77130E+00      0.00000E+00      1.13320E+00      4.11860E-02
      2.77940E+00      0.00000E+00      1.17160E+00      4.09080E-02
      2.78750E+00      0.00000E+00      1.14750E+00      3.99680E-02
      2.79560E+00      0.00000E+00      1.14490E+00      3.93670E-02
      2.80380E+00      0.00000E+00      1.05630E+00      3.83340E-02
      2.81200E+00      0.00000E+00      1.14020E+00      3.76840E-02
      2.82030E+00      0.00000E+00      1.12790E+00      3.75100E-02
      2.82850E+00      0.00000E+00      1.15470E+00      3.71610E-02
      2.83690E+00      0.00000E+00      1.14090E+00      3.75630E-02
      2.84520E+00      0.00000E+00      1.12790E+00      3.68550E-02
      2.85360E+00      0.00000E+00      1.16040E+00      3.71920E-02
      2.86200E+00      0.00000E+00      1.15260E+00      3.67630E-02
      2.87050E+00      0.00000E+00      1.09390E+00      3.58160E-02
      2.87900E+00      0.00000E+00      1.10140E+00      3.58360E-02
      2.88760E+00      0.00000E+00      1.15980E+00      3.58680E-02
      2.89610E+00      0.00000E+00      1.18710E+00      3.56770E-02
      2.90470E+00      0.00000E+00      1.12270E+00      3.52450E-02
      2.91340E+00      0.00000E+00      1.15510E+00      3.44230E-02
      2.92210E+00      0.00000E+00      1.13070E+00      3.44970E-02
      2.93080E+00      0.00000E+00      1.22600E+00      3.43340E-02
      2.93960E+00      0.00000E+00      1.18780E+00      3.42630E-02
      2.94840E+00      0.00000E+00      1.15110E+00      3.36780E-02
      2.95730E+00      0.00000E+00      1.15470E+00      3.33870E-02
      2.96620E+00      0.00000E+00      1.20960E+00      3.31360E-02
      2.97510E+00      0.00000E+00      1.14190E+00      3.25250E-02
      2.98410E+00      0.00000E+00      1.25150E+00      3.23920E-02
      2.99310E+00      0.00000E+00      1.20150E+00      3.23160E-02
      3.00210E+00      0.00000E+00      1.27770E+00      3.22200E-02
      3.01120E+00      0.00000E+00      1.29010E+00      3.21270E-02
      3.02040E+00      0.00000E+00      1.29030E+00      3.17180E-02
      3.02960E+00      0.00000E+00      1.29580E+00      3.13500E-02
      3.03880E+00      0.00000E+00      1.34440E+00      3.10760E-02
      3.04810E+00      0.00000E+00      1.36210E+00      3.09320E-02
      3.05740E+00      0.00000E+00      1.37280E+00      3.07380E-02
      3.06670E+00      0.00000E+00      1.41230E+00      3.09620E-02
      3.07610E+00      0.00000E+00      1.47100E+00      3.10490E-02
      3.08550E+00      0.00000E+00      1.45830E+00      3.09090E-02
      3.09500E+00      0.00000E+00      1.54410E+00      3.10450E-02
      3.10450E+00      0.00000E+00      1.57210E+00      3.08110E-02
      3.11410E+00      0.00000E+00      1.68820E+00      3.12570E-02
      3.12370E+00      0.00000E+00      1.69120E+00      3.15080E-02
      3.13340E+00      0.00000E+00      1.80130E+00      3.14850E-02
      3.14310E+00      0.00000E+00      1.85650E+00      3.20670E-02
      3.15280E+00      0.00000E+00      1.95960E+00      3.20550E-02
      3.16260E+00      0.00000E+00      2.08000E+00      3.25930E-02
      3.17250E+00      0.00000E+00      2.15350E+00      3.25630E-02
      3.18230E+00      0.00000E+00      2.22870E+00      3.29500E-02
      3.19230E+00      0.00000E+00      2.41150E+00      3.41650E-02
      3.20220E+00      0.00000E+00      2.60080E+00      3.55490E-02
      3.21230E+00      0.00000E+00      2.75350E+00      3.64590E-02
      3.22230E+00      0.00000E+00      2.77540E+00      3.65410E-02
      3.23250E+00      0.00000E+00      2.79440E+00      3.69540E-02
      3.24260E+00      0.00000E+00      2.91680E+00      3.75030E-02
      3.25280E+00      0.00000E+00      2.96650E+00      3.77430E-02
      3.26310E+00      0.00000E+00      3.09600E+00      3.88250E-02
      3.27340E+00      0.00000E+00      3.13390E+00      3.88970E-02
      3.28380E+00      0.00000E+00      3.12790E+00      3.87590E-02
      3.29420E+00      0.00000E+00      3.20200E+00      3.91430E-02
      3.30460E+00      0.00000E+00      3.28940E+00      3.95620E-02
      3.31520E+00      0.00000E+00      3.24900E+00      3.87650E-02
      3.32570E+00      0.00000E+00      3.24410E+00      3.85790E-02
      3.33630E+00      0.00000E+00      3.21720E+00      3.80210E-02
      3.34700E+00      0.00000E+00      3.24340E+00      3.79920E-02
      3.35770E+00      0.00000E+00      3.17160E+00      3.76970E-02
      3.36850E+00      0.00000E+00      3.20310E+00      3.79620E-02
      3.37930E+00      0.00000E+00      3.14960E+00      3.71140E-02
      3.39020E+00      0.00000E+00      3.13110E+00      3.64140E-02
      3.40110E+00      0.00000E+00      3.15860E+00      3.63530E-02
      3.41210E+00      0.00000E+00      3.12600E+00      3.58540E-02
      3.42310E+00      0.00000E+00      3.17850E+00      3.57720E-02
      3.43420E+00      0.00000E+00      3.26350E+00      3.66240E-02
      3.44530E+00      0.00000E+00      3.28310E+00      3.67640E-02
      3.45650E+00      0.00000E+00      3.09280E+00      3.55350E-02
      3.46770E+00      0.00000E+00      3.06010E+00      3.49780E-02
      3.47900E+00      0.00000E+00      3.05280E+00      3.48230E-02
      3.49040E+00      0.00000E+00      3.08540E+00      3.45570E-02
      3.50180E+00      0.00000E+00      3.05820E+00      3.45520E-02
      3.51330E+00      0.00000E+00      3.06750E+00      3.45410E-02
      3.52480E+00      0.00000E+00      3.05180E+00      3.42650E-02
      3.53640E+00      0.00000E+00      3.08810E+00      3.42630E-02
      3.54800E+00      0.00000E+00      3.11010E+00      3.40740E-02
      3.55970E+00      0.00000E+00      3.10020E+00      3.39520E-02
      3.57140E+00      0.00000E+00      3.06210E+00      3.39600E-02
      3.58330E+00      0.00000E+00      3.14230E+00      3.42800E-02
      3.59510E+00      0.00000E+00      3.12580E+00      3.40200E-02
      3.60710E+00      0.00000E+00      3.11100E+00      3.36690E-02
      3.61900E+00      0.00000E+00      3.08770E+00      3.32400E-02
      3.63110E+00      0.00000E+00      3.12910E+00      3.36380E-02
      3.64320E+00      0.00000E+00      3.10060E+00      3.31860E-02
      3.65540E+00      0.00000E+00      3.14890E+00      3.31450E-02
      3.66760E+00      0.00000E+00      3.12620E+00      3.32510E-02
      3.67990E+00      0.00000E+00      3.05930E+00      3.26270E-02
      3.69230E+00      0.00000E+00      3.04210E+00      3.23420E-02
      3.70470E+00      0.00000E+00      2.99490E+00      3.20090E-02
      3.71720E+00      0.00000E+00      3.07460E+00      3.23430E-02
      3.72970E+00      0.00000E+00      3.13390E+00      3.29030E-02
      3.74230E+00      0.00000E+00      3.47180E+00      3.55960E-02
      3.75500E+00      0.00000E+00      3.90110E+00      3.89220E-02
      3.76770E+00      0.00000E+00      4.01380E+00      4.03220E-02
      3.78050E+00      0.00000E+00      3.57800E+00      3.63470E-02
      3.79340E+00      0.00000E+00      3.05160E+00      3.21110E-02
      3.80630E+00      0.00000E+00      2.78780E+00      3.01510E-02
      3.81930E+00      0.00000E+00      2.58360E+00      2.87620E-02
      3.83240E+00      0.00000E+00      2.57650E+00      2.85830E-02
      3.84550E+00      0.00000E+00      2.50990E+00      2.79930E-02
      3.85870E+00      0.00000E+00      2.47410E+00      2.77410E-02
      3.87200E+00      0.00000E+00      2.38440E+00      2.72530E-02
      3.88530E+00      0.00000E+00      2.36970E+00      2.67650E-02
      3.89870E+00      0.00000E+00      2.34220E+00      2.66760E-02
      3.91220E+00      0.00000E+00      2.31500E+00      2.64940E-02
      3.92580E+00      0.00000E+00      2.30390E+00      2.62690E-02
      3.93940E+00      0.00000E+00      2.27510E+00      2.62950E-02
      3.95310E+00      0.00000E+00      2.25960E+00      2.62750E-02
      3.96680E+00      0.00000E+00      2.26090E+00      2.60600E-02
      3.98070E+00      0.00000E+00      2.17780E+00      2.56560E-02
      3.99460E+00      0.00000E+00      2.07190E+00      2.51770E-02
      4.00850E+00      0.00000E+00      1.92590E+00      2.44450E-02
      4.02260E+00      0.00000E+00      1.77350E+00      2.36310E-02
      4.03670E+00      0.00000E+00      1.59830E+00      2.28250E-02
      4.05090E+00      0.00000E+00      1.40260E+00      2.19140E-02
      4.06520E+00      0.00000E+00      1.31350E+00      2.13680E-02
      4.07950E+00      0.00000E+00      1.29060E+00      2.11370E-02
      4.09400E+00      0.00000E+00      1.21910E+00      2.09540E-02
      4.10850E+00      0.00000E+00      1.25320E+00      2.09730E-02
      4.12310E+00      0.00000E+00      1.30620E+00      2.10980E-02
      4.13770E+00      0.00000E+00      1.46620E+00      2.15470E-02
      4.15250E+00      0.00000E+00      1.77210E+00      2.25680E-02
      4.16730E+00      0.00000E+00      2.08230E+00      2.34800E-02
      4.18220E+00      0.00000E+00      2.17720E+00      2.38210E-02
      4.19720E+00      0.00000E+00      2.09700E+00      2.33200E-02
      4.21220E+00      0.00000E+00      1.92970E+00      2.27040E-02
      4.22740E+00      0.00000E+00      1.80950E+00      2.23720E-02
      4.24260E+00      0.00000E+00      1.61360E+00      2.20690E-02
      4.25790E+00      0.00000E+00      1.59000E+00      2.22890E-02
      4.27330E+00      0.00000E+00      1.64190E+00      2.27350E-02
      4.28870E+00      0.00000E+00      1.92160E+00      2.43510E-02
      4.30430E+00      0.00000E+00      2.35950E+00      2.65820E-02
      4.31990E+00      0.00000E+00      2.77990E+00      2.90310E-02
      4.33570E+00      0.00000E+00      2.92480E+00      2.99170E-02
      4.35150E+00      0.00000E+00      2.62480E+00      2.81950E-02
      4.36740E+00      0.00000E+00      2.39600E+00      2.69900E-02
      4.38340E+00      0.00000E+00      2.22180E+00      2.59300E-02
      4.39940E+00      0.00000E+00      2.06530E+00      2.51270E-02
      4.41560E+00      0.00000E+00      1.97370E+00      2.44040E-02
      4.43180E+00      0.00000E+00      1.83150E+00      2.37530E-02
      4.44820E+00      0.00000E+00      1.72070E+00      2.33340E-02
      4.46460E+00      0.00000E+00      1.52520E+00      2.25660E-02
      4.48120E+00      0.00000E+00      1.41600E+00      2.20240E-02
      4.49780E+00      0.00000E+00      1.46090E+00      2.18670E-02
      4.51450E+00      0.00000E+00      1.56990E+00      2.23830E-02
      4.53130E+00      0.00000E+00      1.64590E+00      2.26740E-02
      4.54820E+00      0.00000E+00      1.52500E+00      2.22740E-02
      4.56520E+00      0.00000E+00      1.38890E+00      2.18050E-02
      4.58230E+00      0.00000E+00      1.38220E+00      2.17820E-02
      4.59950E+00      0.00000E+00      1.41230E+00      2.19640E-02
      4.61670E+00      0.00000E+00      1.42570E+00      2.20250E-02
      4.63410E+00      0.00000E+00      1.37330E+00      2.17640E-02
      4.65160E+00      0.00000E+00      1.19740E+00      2.13130E-02
      4.66920E+00      0.00000E+00      1.09510E+00      2.09180E-02
      4.68680E+00      0.00000E+00      1.10200E+00      2.08350E-02
      4.70460E+00      0.00000E+00      1.02890E+00      2.06180E-02
      4.72250E+00      0.00000E+00      9.60530E-01      2.04970E-02
      4.74050E+00      0.00000E+00      9.89970E-01      2.05580E-02
      4.75860E+00      0.00000E+00      9.73060E-01      2.05530E-02
      4.77680E+00      0.00000E+00      1.02190E+00      2.08800E-02
      4.79510E+00      0.00000E+00      1.18820E+00      2.14170E-02
      4.81350E+00      0.00000E+00      1.47870E+00      2.24870E-02
      4.83200E+00      0.00000E+00      1.69480E+00      2.36020E-02
      4.85060E+00      0.00000E+00      1.75770E+00      2.35580E-02
      4.86930E+00      0.00000E+00      1.54290E+00      2.27040E-02
      4.88810E+00      0.00000E+00      1.37160E+00      2.22290E-02
      4.90710E+00      0.00000E+00      1.18260E+00      2.15660E-02
      4.92610E+00      0.00000E+00      1.10240E+00      2.13120E-02
      4.94530E+00      0.00000E+00      1.02980E+00      2.11500E-02
      4.96460E+00      0.00000E+00      1.01860E+00      2.10190E-02
      4.98400E+00      0.00000E+00      9.82100E-01      2.09890E-02
      5.00350E+00      0.00000E+00      1.05050E+00      2.13290E-02
      5.02310E+00      0.00000E+00      1.16230E+00      2.17090E-02
      5.04280E+00      0.00000E+00      1.36160E+00      2.25520E-02
      5.06270E+00      0.00000E+00      1.65350E+00      2.38110E-02
      5.08260E+00      0.00000E+00      1.92050E+00      2.48220E-02
      5.10270E+00      0.00000E+00      2.30000E+00      2.66650E-02
      5.12290E+00      0.00000E+00      2.47100E+00      2.78900E-02
      5.14320E+00      0.00000E+00      2.04210E+00      2.58530E-02
      5.16370E+00      0.00000E+00      1.60250E+00      2.38960E-02
      5.18430E+00      0.00000E+00      1.39250E+00      2.30310E-02
      5.20500E+00      0.00000E+00      1.26560E+00      2.26710E-02
      5.22580E+00      0.00000E+00      1.18410E+00      2.23570E-02
      5.24670E+00      0.00000E+00      1.16400E+00      2.22290E-02
      5.26780E+00      0.00000E+00      1.15650E+00      2.22720E-02
      5.28900E+00      0.00000E+00      1.08350E+00      2.22220E-02
      5.31030E+00      0.00000E+00      1.07780E+00      2.20180E-02
      5.33180E+00      0.00000E+00      1.06610E+00      2.20770E-02
      5.35340E+00      0.00000E+00      1.09730E+00      2.21760E-02
      5.37510E+00      0.00000E+00      1.11500E+00      2.23410E-02
      5.39690E+00      0.00000E+00      1.05640E+00      2.22960E-02
      5.41890E+00      0.00000E+00      1.00650E+00      2.21900E-02
      5.44100E+00      0.00000E+00      9.80370E-01      2.20770E-02
      5.46330E+00      0.00000E+00      9.95260E-01      2.22320E-02
      5.48570E+00      0.00000E+00      1.01050E+00      2.23380E-02
      5.50820E+00      0.00000E+00      1.05500E+00      2.27200E-02
      5.53090E+00      0.00000E+00      1.17930E+00      2.31700E-02
      5.55370E+00      0.00000E+00      1.29480E+00      2.37760E-02
      5.57670E+00      0.00000E+00      1.51450E+00      2.45770E-02
      5.59980E+00      0.00000E+00      1.68640E+00      2.56080E-02
      5.62300E+00      0.00000E+00      1.78030E+00      2.61220E-02
      5.64640E+00      0.00000E+00      1.85360E+00      2.61500E-02
      5.66990E+00      0.00000E+00      1.77900E+00      2.30640E-02
      5.69360E+00      0.00000E+00      1.60760E+00      2.25180E-02
      5.71740E+00      0.00000E+00      1.47400E+00      2.17770E-02
      5.74140E+00      0.00000E+00      1.35500E+00      2.14760E-02
      5.76560E+00      0.00000E+00      1.32400E+00      2.12210E-02
      5.78980E+00      0.00000E+00      1.20920E+00      2.08540E-02
      5.81430E+00      0.00000E+00      1.17340E+00      2.07880E-02
      5.83890E+00      0.00000E+00      1.20400E+00      2.07250E-02
      5.86360E+00      0.00000E+00      1.23740E+00      2.09380E-02
      5.88850E+00      0.00000E+00      1.43610E+00      2.16970E-02
      5.91360E+00      0.00000E+00      1.59380E+00      2.21490E-02
      5.93880E+00      0.00000E+00      1.40280E+00      2.14070E-02
      5.96420E+00      0.00000E+00      1.08730E+00      2.04790E-02
      5.98980E+00      0.00000E+00      1.09100E+00      2.02690E-02
      6.01550E+00      0.00000E+00      1.13490E+00      2.05110E-02
      6.04140E+00      0.00000E+00      1.10110E+00      2.03510E-02
      6.06750E+00      0.00000E+00      1.11460E+00      2.04050E-02
      6.09370E+00      0.00000E+00      1.13800E+00      2.04310E-02
      6.12010E+00      0.00000E+00      1.06480E+00      2.01090E-02
      6.14670E+00      0.00000E+00      9.52030E-01      1.98290E-02
      6.17340E+00      0.00000E+00      9.28690E-01      1.97420E-02
      6.20030E+00      0.00000E+00      8.89310E-01      1.96450E-02
      6.22740E+00      0.00000E+00      8.88410E-01      1.94120E-02
      6.25470E+00      0.00000E+00      8.94190E-01      1.94010E-02
      6.28220E+00      0.00000E+00      9.10140E-01      1.93480E-02
      6.30980E+00      0.00000E+00      9.28520E-01      1.94310E-02
      6.33760E+00      0.00000E+00      1.01600E+00      1.96790E-02
      6.36560E+00      0.00000E+00      1.14710E+00      2.02700E-02
      6.39380E+00      0.00000E+00      1.25870E+00      2.07210E-02
      6.42220E+00      0.00000E+00      1.10530E+00      2.02150E-02
      6.45080E+00      0.00000E+00      8.57810E-01      1.94660E-02
      6.47950E+00      0.00000E+00      6.94120E-01      1.90430E-02
      6.50850E+00      0.00000E+00      6.60480E-01      1.89480E-02
      6.53760E+00      0.00000E+00      7.79420E-01      1.90710E-02
      6.56700E+00      0.00000E+00      8.23040E-01      1.94130E-02
      6.59650E+00      0.00000E+00      9.00650E-01      1.96730E-02
      6.62630E+00      0.00000E+00      9.87590E-01      1.98260E-02
      6.65620E+00      0.00000E+00      1.04850E+00      1.99260E-02
      6.68640E+00      0.00000E+00      1.04410E+00      1.99250E-02
      6.71670E+00      0.00000E+00      1.04890E+00      1.99950E-02
      6.74730E+00      0.00000E+00      1.09070E+00      2.01060E-02
      6.77810E+00      0.00000E+00      1.22850E+00      2.05950E-02
      6.80910E+00      0.00000E+00      1.25880E+00      2.06110E-02
      6.84030E+00      0.00000E+00      1.16130E+00      2.03540E-02
      6.87170E+00      0.00000E+00      9.95160E-01      1.97220E-02
      6.90340E+00      0.00000E+00      8.81320E-01      1.94940E-02
      6.93520E+00      0.00000E+00      8.41080E-01      1.93160E-02
      6.96730E+00      0.00000E+00      8.97700E-01      1.94290E-02
      6.99960E+00      0.00000E+00      9.26850E-01      1.95410E-02
      7.03210E+00      0.00000E+00      1.00400E+00      1.97910E-02
      7.06490E+00      0.00000E+00      1.00600E+00      1.98230E-02
      7.09790E+00      0.00000E+00      1.06000E+00      2.00050E-02
      7.13110E+00      0.00000E+00      1.12510E+00      2.01190E-02
      7.16450E+00      0.00000E+00      1.29520E+00      2.07730E-02
      7.19820E+00      0.00000E+00      1.46010E+00      2.14140E-02
      7.23220E+00      0.00000E+00      1.51760E+00      2.15670E-02
      7.26630E+00      0.00000E+00      1.40530E+00      2.11350E-02
      7.30070E+00      0.00000E+00      1.34760E+00      2.09270E-02
      7.33540E+00      0.00000E+00      1.37730E+00      2.07460E-02
      7.37030E+00      0.00000E+00      1.31350E+00      2.07270E-02
      7.40550E+00      0.00000E+00      1.29680E+00      2.05880E-02
      7.44090E+00      0.00000E+00      1.24370E+00      2.04030E-02
      7.47660E+00      0.00000E+00      1.21060E+00      2.01330E-02
      7.51250E+00      0.00000E+00      1.13240E+00      2.00680E-02
      7.54870E+00      0.00000E+00      1.11320E+00      2.00530E-02
      7.58510E+00      0.00000E+00      1.15930E+00      2.00920E-02
      7.62180E+00      0.00000E+00      1.19740E+00      2.01260E-02
      7.65880E+00      0.00000E+00      1.24950E+00      2.01830E-02
      7.69610E+00      0.00000E+00      1.30250E+00      2.02980E-02
      7.73360E+00      0.00000E+00      1.34080E+00      2.03770E-02
      7.77140E+00      0.00000E+00      1.38800E+00      2.05400E-02
      7.80950E+00      0.00000E+00      1.45700E+00      2.06680E-02
      7.84790E+00      0.00000E+00      1.46410E+00      2.07340E-02
      7.88650E+00      0.00000E+00      1.35060E+00      2.02430E-02
      7.92550E+00      0.00000E+00      1.19280E+00      1.96720E-02
      7.96470E+00      0.00000E+00      1.01960E+00      1.91120E-02
      8.00420E+00      0.00000E+00      8.81260E-01      1.87570E-02
      8.04410E+00      0.00000E+00      8.71460E-01      1.87630E-02
      8.08420E+00      0.00000E+00      9.60850E-01      1.89850E-02
      8.12460E+00      0.00000E+00      1.04550E+00      1.94570E-02
      8.16530E+00      0.00000E+00      1.17560E+00      1.98550E-02
      8.20630E+00      0.00000E+00      1.26030E+00      2.03170E-02
      8.24770E+00      0.00000E+00      1.30340E+00      2.06310E-02
      8.28940E+00      0.00000E+00      1.32990E+00      2.06060E-02
      8.33130E+00      0.00000E+00      1.33880E+00      2.06090E-02
      8.37360E+00      0.00000E+00      1.27190E+00      2.05990E-02
      8.41630E+00      0.00000E+00      1.27860E+00      2.04000E-02
      8.45920E+00      0.00000E+00      1.19790E+00      2.03690E-02
      8.50250E+00      0.00000E+00      1.14930E+00      2.01930E-02
      8.54610E+00      0.00000E+00      1.11090E+00      2.00320E-02
      8.59010E+00      0.00000E+00      1.14430E+00      2.02210E-02
      8.63440E+00      0.00000E+00      1.21670E+00      2.04530E-02
      8.67900E+00      0.00000E+00      1.29810E+00      2.06960E-02
      8.72400E+00      0.00000E+00      1.38870E+00      2.09330E-02
      8.76930E+00      0.00000E+00      1.40930E+00      2.09390E-02
      8.81500E+00      0.00000E+00      1.33820E+00      2.07230E-02
      8.86110E+00      0.00000E+00      1.24200E+00      2.03580E-02
      8.90750E+00      0.00000E+00      1.15430E+00      1.99020E-02
      8.95430E+00      0.00000E+00      1.19480E+00      1.98530E-02
      9.00150E+00      0.00000E+00      1.23640E+00      1.98530E-02
      9.04900E+00      0.00000E+00      1.27380E+00      1.98560E-02
      9.09690E+00      0.00000E+00      1.24010E+00      1.95910E-02
      9.14520E+00      0.00000E+00      1.17480E+00      1.93070E-02
      9.19390E+00      0.00000E+00      1.13590E+00      1.90780E-02
      9.24300E+00      0.00000E+00      1.10190E+00      1.90370E-02
      9.29250E+00      0.00000E+00      1.10030E+00      1.91170E-02
      9.34230E+00      0.00000E+00      1.14700E+00      1.92800E-02
      9.39260E+00      0.00000E+00      1.23650E+00      1.95060E-02
      9.44330E+00      0.00000E+00      1.21640E+00      1.96610E-02
      9.49440E+00      0.00000E+00      1.18890E+00      1.97300E-02
      9.54600E+00      0.00000E+00      1.16870E+00      1.98760E-02
      9.59790E+00      0.00000E+00      1.18510E+00      2.00010E-02
      9.65020E+00      0.00000E+00      1.23490E+00      2.02070E-02
      9.70310E+00      0.00000E+00      1.26080E+00      2.02590E-02
      9.75630E+00      0.00000E+00      1.29310E+00      2.03430E-02
      9.81000E+00      0.00000E+00      1.28870E+00      2.04420E-02
      9.86410E+00      0.00000E+00      1.32330E+00      2.05460E-02
      9.91870E+00      0.00000E+00      1.28200E+00      2.03280E-02
      9.97370E+00      0.00000E+00      1.34620E+00      2.05660E-02
      1.00290E+01      0.00000E+00      1.33360E+00      2.07400E-02
      1.00850E+01      0.00000E+00      1.40040E+00      2.09210E-02
      1.01420E+01      0.00000E+00      1.39530E+00      2.10150E-02
      1.01990E+01      0.00000E+00      1.39820E+00      2.11080E-02
      1.02560E+01      0.00000E+00      1.40430E+00      2.11370E-02
      1.03140E+01      0.00000E+00      1.38400E+00      2.09470E-02
      1.03720E+01      0.00000E+00      1.37350E+00      2.08400E-02
      1.04310E+01      0.00000E+00      1.31830E+00      2.07570E-02
      1.04900E+01      0.00000E+00      1.27240E+00      2.05230E-02
      1.05500E+01      0.00000E+00      1.24450E+00      2.02530E-02
      1.06110E+01      0.00000E+00      1.22020E+00      2.01500E-02
      1.06720E+01      0.00000E+00      1.21060E+00      2.00530E-02
      1.07330E+01      0.00000E+00      1.24450E+00      1.99160E-02
      1.07950E+01      0.00000E+00      1.24530E+00      1.98970E-02
      1.08580E+01      0.00000E+00      1.32000E+00      2.02050E-02
      1.09210E+01      0.00000E+00      1.40290E+00      2.05040E-02
      1.09840E+01      0.00000E+00      1.49190E+00      2.08200E-02
      1.10490E+01      0.00000E+00      1.58440E+00      2.13440E-02
      1.11130E+01      0.00000E+00      1.67950E+00      2.16980E-02
      1.11790E+01      0.00000E+00      1.69040E+00      2.18080E-02
      1.12450E+01      0.00000E+00      1.71500E+00      2.18950E-02
      1.13110E+01      0.00000E+00      1.60240E+00      2.17080E-02
      1.13780E+01      0.00000E+00      1.63600E+00      2.17970E-02
      1.14460E+01      0.00000E+00      1.67700E+00      2.19900E-02
      1.15140E+01      0.00000E+00      1.71810E+00      2.23530E-02
      1.15830E+01      0.00000E+00      1.77490E+00      2.26990E-02
      1.16530E+01      0.00000E+00      1.73780E+00      2.25360E-02
      1.17230E+01      0.00000E+00      1.73760E+00      2.24400E-02
      1.17940E+01      0.00000E+00      1.74750E+00      2.24010E-02
      1.18660E+01      0.00000E+00      1.71810E+00      2.21570E-02
      1.19380E+01      0.00000E+00      1.68120E+00      2.18060E-02
      1.20100E+01      0.00000E+00      1.61740E+00      2.14460E-02
      1.20840E+01      0.00000E+00      1.59770E+00      2.11130E-02
      1.21580E+01      0.00000E+00      1.54020E+00      2.09990E-02
      1.22330E+01      0.00000E+00      1.53280E+00      2.11840E-02
      1.23090E+01      0.00000E+00      1.53260E+00      2.14460E-02
      1.23850E+01      0.00000E+00      1.54340E+00      2.16930E-02
      1.24620E+01      0.00000E+00      1.50520E+00      2.18070E-02
      1.25400E+01      0.00000E+00      1.54090E+00      2.19840E-02
      1.26180E+01      0.00000E+00      1.53740E+00      2.21190E-02
      1.26970E+01      0.00000E+00      1.58080E+00      2.22760E-02
      1.27770E+01      0.00000E+00      1.62180E+00      2.25720E-02
      1.28580E+01      0.00000E+00      1.63900E+00      2.26090E-02
      1.29390E+01      0.00000E+00      1.64260E+00      2.26360E-02
      1.30210E+01      0.00000E+00      1.62500E+00      2.27190E-02
      1.31050E+01      0.00000E+00      1.55100E+00      2.26380E-02
      1.31880E+01      0.00000E+00      1.57130E+00      2.25500E-02
      1.32730E+01      0.00000E+00      1.56500E+00      2.28020E-02
      1.33590E+01      0.00000E+00      1.58300E+00      2.28170E-02
      1.34450E+01      0.00000E+00      1.63180E+00      2.28600E-02
      1.35320E+01      0.00000E+00      1.61930E+00      2.28230E-02
      1.36200E+01      0.00000E+00      1.63830E+00      2.29780E-02
      1.37090E+01      0.00000E+00      1.60800E+00      2.30960E-02
      1.37990E+01      0.00000E+00      1.61460E+00      2.33100E-02
      1.38890E+01      0.00000E+00      1.68460E+00      2.35310E-02
      1.39810E+01      0.00000E+00      1.63370E+00      2.37310E-02
      1.40730E+01      0.00000E+00      1.57940E+00      2.35680E-02
      1.41670E+01      0.00000E+00      1.60380E+00      2.35940E-02
      1.42610E+01      0.00000E+00      1.61460E+00      2.34070E-02
      1.43560E+01      0.00000E+00      1.61010E+00      2.34870E-02
      1.44530E+01      0.00000E+00      1.62820E+00      2.35610E-02
      1.45500E+01      0.00000E+00      1.67970E+00      2.51010E-02
      1.46480E+01      0.00000E+00      1.69380E+00      2.55200E-02
      1.47470E+01      0.00000E+00      1.72400E+00      2.56440E-02
      1.48480E+01      0.00000E+00      1.75900E+00      2.58560E-02
      1.49490E+01      0.00000E+00      1.75530E+00      2.57410E-02
      1.50510E+01      0.00000E+00      1.72330E+00      2.58140E-02
      1.51550E+01      0.00000E+00      1.70020E+00      2.56670E-02
      1.52590E+01      0.00000E+00      1.64560E+00      2.59190E-02
      1.53650E+01      0.00000E+00      1.60290E+00      2.60260E-02
      1.54710E+01      0.00000E+00      1.63450E+00      2.64440E-02
      1.55790E+01      0.00000E+00      1.62400E+00      2.64910E-02
      1.56880E+01      0.00000E+00      1.66600E+00      2.67210E-02
      1.57980E+01      0.00000E+00      1.58480E+00      2.66290E-02
      1.59100E+01      0.00000E+00      1.61690E+00      2.65370E-02
      1.60220E+01      0.00000E+00      1.53100E+00      2.62800E-02
      1.61360E+01      0.00000E+00      1.52910E+00      2.62110E-02
      1.62510E+01      0.00000E+00      1.51900E+00      2.62330E-02
      1.63670E+01      0.00000E+00      1.59790E+00      2.63800E-02
      1.64840E+01      0.00000E+00      1.56980E+00      2.63980E-02
      1.66030E+01      0.00000E+00      1.53390E+00      2.64880E-02
      1.67230E+01      0.00000E+00      1.55640E+00      2.63620E-02
      1.68440E+01      0.00000E+00      1.56730E+00      2.64940E-02
      1.69670E+01      0.00000E+00      1.61840E+00      2.69660E-02
      1.70910E+01      0.00000E+00      1.68190E+00      2.71980E-02
      1.72160E+01      0.00000E+00      1.62350E+00      2.71360E-02
      1.73430E+01      0.00000E+00      1.68000E+00      2.73260E-02
      1.74710E+01      0.00000E+00      1.66380E+00      2.72190E-02
      1.76010E+01      0.00000E+00      1.67180E+00      2.72500E-02
      1.77320E+01      0.00000E+00      1.66370E+00      2.72970E-02
      1.78640E+01      0.00000E+00      1.61600E+00      2.71980E-02
      1.79980E+01      0.00000E+00      1.62910E+00      2.72280E-02
      1.81340E+01      0.00000E+00      1.62080E+00      2.71100E-02
      1.82710E+01      0.00000E+00      1.59580E+00      2.69970E-02
      1.84100E+01      0.00000E+00      1.59130E+00      2.70940E-02
      1.85500E+01      0.00000E+00      1.61830E+00      2.72210E-02
      1.86920E+01      0.00000E+00      1.64580E+00      2.75260E-02
      1.88360E+01      0.00000E+00      1.69890E+00      2.78460E-02
      1.89810E+01      0.00000E+00      1.67810E+00      2.78690E-02
      1.91280E+01      0.00000E+00      1.70210E+00      2.80530E-02
      1.92770E+01      0.00000E+00      1.67800E+00      2.81640E-02
      1.94270E+01      0.00000E+00      1.60620E+00      2.79820E-02
      1.95790E+01      0.00000E+00      1.67820E+00      2.80920E-02
      1.97330E+01      0.00000E+00      1.60950E+00      2.79530E-02
      1.98890E+01      0.00000E+00      1.64120E+00      2.78590E-02
      2.00470E+01      0.00000E+00      1.67800E+00      2.80670E-02
      2.02070E+01      0.00000E+00      1.66350E+00      2.82210E-02
      2.03690E+01      0.00000E+00      1.66050E+00      2.82580E-02
      2.05320E+01      0.00000E+00      1.74210E+00      2.85140E-02
      2.06980E+01      0.00000E+00      1.72750E+00      2.86790E-02
      2.08650E+01      0.00000E+00      1.71100E+00      2.86510E-02
      2.10350E+01      0.00000E+00      1.70720E+00      2.89980E-02
      2.12070E+01      0.00000E+00      1.68930E+00      2.86560E-02
      2.13810E+01      0.00000E+00      1.64200E+00      2.85270E-02
      2.15570E+01      0.00000E+00      1.67440E+00      2.85840E-02
      2.17350E+01      0.00000E+00      1.70420E+00      2.89020E-02
      2.19160E+01      0.00000E+00      1.66690E+00      2.89390E-02
      2.20990E+01      0.00000E+00      1.67390E+00      2.90500E-02
      2.22840E+01      0.00000E+00      1.68720E+00      2.92090E-02
      2.24720E+01      0.00000E+00      1.68870E+00      2.92430E-02
      2.26620E+01      0.00000E+00      1.61040E+00      2.91600E-02
      2.28540E+01      0.00000E+00      1.65220E+00      2.95690E-02
      2.30490E+01      0.00000E+00      1.65640E+00      2.97390E-02
      2.32460E+01      0.00000E+00      1.63970E+00      2.96880E-02
      2.34460E+01      0.00000E+00      1.63160E+00      2.98090E-02
      2.36490E+01      0.00000E+00      1.64500E+00      2.98630E-02
      2.38540E+01      0.00000E+00      1.64440E+00      2.99880E-02
      2.40620E+01      0.00000E+00      1.61750E+00      3.01040E-02
      2.42730E+01      0.00000E+00      1.64710E+00      3.04300E-02
      2.44870E+01      0.00000E+00      1.60750E+00      3.02930E-02
      2.47030E+01      0.00000E+00      1.62290E+00      3.05780E-02
      2.49230E+01      0.00000E+00      1.60130E+00      3.08360E-02
      2.51450E+01      0.00000E+00      1.63070E+00      3.11380E-02
      2.53710E+01      0.00000E+00      1.61910E+00      3.10650E-02
      2.55990E+01      0.00000E+00      1.64340E+00      3.12740E-02
      2.58310E+01      0.00000E+00      1.65200E+00      3.16050E-02
      2.60660E+01      0.00000E+00      1.64010E+00      3.18190E-02
      2.63040E+01      0.00000E+00      1.65260E+00      3.18580E-02
      2.65450E+01      0.00000E+00      1.56500E+00      3.18830E-02
      2.67900E+01      0.00000E+00      1.58410E+00      3.21560E-02
      2.70390E+01      0.00000E+00      1.58790E+00      3.23640E-02
      2.72900E+01      0.00000E+00      1.61660E+00      3.25400E-02
      2.75460E+01      0.00000E+00      1.63600E+00      3.28930E-02
      2.78050E+01      0.00000E+00      1.59550E+00      3.31150E-02
      2.80680E+01      0.00000E+00      1.59730E+00      3.32650E-02
      2.83340E+01      0.00000E+00      1.59920E+00      3.33920E-02
      2.86050E+01      0.00000E+00      1.58820E+00      3.38380E-02
      2.88790E+01      0.00000E+00      1.56620E+00      3.39860E-02
      2.91570E+01      0.00000E+00      1.63170E+00      3.44670E-02
      2.94400E+01      0.00000E+00      1.54470E+00      3.42410E-02
      2.97270E+01      0.00000E+00      1.52110E+00      3.46140E-02
      3.00180E+01      0.00000E+00      1.62180E+00      3.53830E-02
      3.03130E+01      0.00000E+00      1.50670E+00      3.53130E-02
      3.06130E+01      0.00000E+00      1.58920E+00      3.56190E-02
      3.09170E+01      0.00000E+00      1.53880E+00      3.61150E-02
      3.12260E+01      0.00000E+00      1.53090E+00      3.63430E-02
      3.15400E+01      0.00000E+00      1.59480E+00      3.69630E-02
      3.18580E+01      0.00000E+00      1.55670E+00      3.73020E-02
      3.21820E+01      0.00000E+00      1.54740E+00      3.75100E-02
      3.25100E+01      0.00000E+00      1.52790E+00      3.77110E-02
      3.28440E+01      0.00000E+00      1.55100E+00      3.85840E-02
      3.31830E+01      0.00000E+00      1.55360E+00      3.91050E-02
      3.35280E+01      0.00000E+00      1.52310E+00      3.92900E-02
      3.38770E+01      0.00000E+00      1.55500E+00      4.00050E-02
      3.42330E+01      0.00000E+00      1.45620E+00      4.03280E-02
      3.45940E+01      0.00000E+00      1.55640E+00      4.11100E-02
      3.49610E+01      0.00000E+00      1.43220E+00      4.11150E-02
      3.53340E+01      0.00000E+00      1.44470E+00      4.21050E-02
      3.57130E+01      0.00000E+00      1.48200E+00      4.24970E-02
      3.60980E+01      0.00000E+00      1.46190E+00      4.28460E-02
      3.64900E+01      0.00000E+00      1.47850E+00      4.35980E-02
      3.68880E+01      0.00000E+00      1.50480E+00      4.45150E-02
      3.72930E+01      0.00000E+00      1.46150E+00      4.52710E-02
      3.77040E+01      0.00000E+00      1.41880E+00      4.54120E-02
      3.81230E+01      0.00000E+00      1.42630E+00      4.64860E-02
      3.85490E+01      0.00000E+00      1.46170E+00      4.79960E-02
      3.89820E+01      0.00000E+00      1.44910E+00      4.86500E-02
      3.94230E+01      0.00000E+00      1.39970E+00      4.91670E-02
      3.98720E+01      0.00000E+00      1.41420E+00      5.03960E-02
      4.03280E+01      0.00000E+00      1.32710E+00      5.11210E-02
      4.07920E+01      0.00000E+00      1.35410E+00      5.22640E-02
      4.12640E+01      0.00000E+00      1.36670E+00      5.29440E-02
      4.17450E+01      0.00000E+00      1.42720E+00      5.48110E-02
      4.22350E+01      0.00000E+00      1.30370E+00      5.54390E-02
      4.27340E+01      0.00000E+00      1.38130E+00      5.70410E-02
      4.32410E+01      0.00000E+00      1.40020E+00      5.88850E-02
      4.37580E+01      0.00000E+00      1.26230E+00      5.88960E-02
      4.42840E+01      0.00000E+00      1.25770E+00      6.07280E-02
      4.48200E+01      0.00000E+00      1.29060E+00      6.26590E-02
      4.53660E+01      0.00000E+00      1.31170E+00      6.49670E-02
      4.59230E+01      0.00000E+00      1.30340E+00      6.67750E-02
      4.64900E+01      0.00000E+00      1.20960E+00      6.75190E-02
      4.70680E+01      0.00000E+00      1.30580E+00      7.01950E-02
      4.76570E+01      0.00000E+00      1.22500E+00      7.18010E-02
      4.82570E+01      0.00000E+00      1.28350E+00      7.40830E-02
      4.88690E+01      0.00000E+00      1.20220E+00      7.67790E-02
      4.94930E+01      0.00000E+00      1.33370E+00      7.98610E-02
      5.01300E+01      0.00000E+00      1.06560E+00      8.27260E-02
      5.07790E+01      0.00000E+00      1.22120E+00      8.52960E-02
      5.14410E+01      0.00000E+00      1.11500E+00      8.78560E-02
      5.21170E+01      0.00000E+00      1.19440E+00      9.09110E-02
      5.28060E+01      0.00000E+00      1.30720E+00      9.50710E-02
      5.35090E+01      0.00000E+00      1.25890E+00      1.00620E-01
      5.42270E+01      0.00000E+00      9.37330E-01      1.03280E-01
      5.49600E+01      0.00000E+00      1.21710E+00      1.05850E-01
      5.57090E+01      0.00000E+00      1.17570E+00      1.09990E-01
      5.64730E+01      0.00000E+00      1.23240E+00      1.20460E-01
      5.72540E+01      0.00000E+00      1.06410E+00      1.21060E-01
      5.80510E+01      0.00000E+00      1.05230E+00      1.29760E-01
      5.88650E+01      0.00000E+00      8.41770E-01      1.33380E-01
      5.96980E+01      0.00000E+00      1.12800E+00      1.42670E-01
      6.05480E+01      0.00000E+00      1.03880E+00      1.52520E-01
      6.14180E+01      0.00000E+00      1.34250E+00      1.63310E-01
      6.23070E+01      0.00000E+00      1.11600E+00      1.71070E-01
      6.32160E+01      0.00000E+00      1.09820E+00      1.79870E-01
      6.41460E+01      0.00000E+00      1.11690E+00      1.91430E-01
      6.50980E+01      0.00000E+00      9.93870E-01      2.15210E-01
      6.60710E+01      0.00000E+00      1.16930E+00      2.27090E-01
      6.70670E+01      0.00000E+00      1.05700E+00      2.43170E-01
      6.80870E+01      0.00000E+00      6.42710E-01      2.56450E-01
      6.91300E+01      0.00000E+00      1.12840E+00      2.95180E-01
