# entry-subent-pointer  : 11256-017-0 
# EXFOR reaction        : ['8-O-0', ['N,TOT'], ',,SIG'] 
# incident energy       : 3.3710e+00 MeV - 1.5910e+01 MeV 
# target                : O-0 
# product               : - 
# level energy          : - 
# MF-MT number          : 3 - 1 
# first author          : D.B.Fossan 
# institute             : (1USAWIS): University of Wisconsin, Madison, WI 
# reference             : (J,PR,123,209,6108) 
# year                  : 1961 
# facility              : None 
# git                   : https://github.com/IAEA-NDS/exfor_master/blob/main/exforall/112/11256.x4 
# nds                   : https://nds.iaea.org/EXFOR/11256
#
#       E_in(MeV)       dE_in(MeV)            XS(B)           dXS(B)
      3.37100E+00      2.00000E-02      3.02000E+00      9.06000E-02
      3.40100E+00      2.00000E-02      3.02000E+00      9.06000E-02
      3.42100E+00      2.00000E-02      2.95000E+00      8.85000E-02
      3.43100E+00      2.00000E-02      3.06000E+00      9.18000E-02
      3.43600E+00      2.00000E-02      3.12000E+00      9.36000E-02
      3.44100E+00      2.00000E-02      3.60000E+00      1.08000E-01
      3.44100E+00      2.00000E-02      3.52000E+00      1.05600E-01
      3.44100E+00      2.00000E-02      3.48000E+00      1.04400E-01
      3.44600E+00      2.00000E-02      3.22000E+00      9.66000E-02
      3.45100E+00      2.00000E-02      3.04000E+00      9.12000E-02
      3.46100E+00      2.00000E-02      3.05000E+00      9.15000E-02
      3.48700E+00      2.00000E-02      2.94000E+00      8.82000E-02
      3.51700E+00      2.00000E-02      2.94000E+00      8.82000E-02
      3.54200E+00      2.00000E-02      3.02000E+00      9.06000E-02
      3.56200E+00      2.00000E-02      2.94000E+00      8.82000E-02
      3.58200E+00      2.00000E-02      3.04000E+00      9.12000E-02
      3.61200E+00      2.00000E-02      3.02000E+00      9.06000E-02
      3.63700E+00      2.00000E-02      3.04000E+00      9.12000E-02
      3.66200E+00      2.00000E-02      3.00000E+00      9.00000E-02
      3.68800E+00      2.00000E-02      2.94000E+00      8.82000E-02
      3.70600E+00      2.00000E-02      2.94000E+00      8.82000E-02
      3.73300E+00      2.00000E-02      2.97000E+00      8.91000E-02
      3.75800E+00      2.00000E-02      3.30000E+00      9.90000E-02
      3.76300E+00      2.00000E-02      3.66000E+00      1.09800E-01
      3.77300E+00      2.00000E-02      4.50000E+00      1.35000E-01
      3.78300E+00      2.00000E-02      4.58000E+00      1.37400E-01
      3.79300E+00      2.00000E-02      3.71000E+00      1.11300E-01
      3.79800E+00      2.00000E-02      3.20000E+00      9.60000E-02
      3.80300E+00      2.00000E-02      2.88000E+00      8.64000E-02
      3.82200E+00      2.00000E-02      2.55000E+00      7.65000E-02
      3.83800E+00      2.00000E-02      2.48000E+00      7.44000E-02
      3.85900E+00      2.00000E-02      2.39000E+00      7.17000E-02
      3.87900E+00      2.00000E-02      2.42000E+00      7.26000E-02
      3.89900E+00      2.00000E-02      2.28000E+00      6.84000E-02
      3.91900E+00      2.00000E-02      2.28000E+00      6.84000E-02
      3.92900E+00      2.00000E-02      2.24000E+00      6.72000E-02
      3.95900E+00      2.00000E-02      2.16000E+00      6.48000E-02
      3.97400E+00      2.00000E-02      2.10000E+00      6.30000E-02
      3.99400E+00      2.00000E-02      2.10000E+00      6.30000E-02
      3.99400E+00      2.00000E-02      2.17000E+00      6.51000E-02
      4.00400E+00      2.00000E-02      2.07000E+00      6.21000E-02
      4.00900E+00      2.00000E-02      2.03000E+00      6.09000E-02
      4.01900E+00      2.00000E-02      1.90000E+00      5.70000E-02
      4.03000E+00      2.00000E-02      1.86000E+00      5.58000E-02
      4.03500E+00      2.00000E-02      1.70000E+00      5.10000E-02
      4.05500E+00      2.00000E-02      1.38000E+00      4.14000E-02
      4.07500E+00      2.00000E-02      1.25000E+00      3.75000E-02
      4.09000E+00      2.00000E-02      1.14000E+00      3.42000E-02
      4.10500E+00      2.00000E-02      1.12000E+00      3.36000E-02
      4.11500E+00      2.00000E-02      1.10000E+00      3.30000E-02
      4.13000E+00      2.00000E-02      1.12000E+00      3.36000E-02
      4.14000E+00      2.00000E-02      1.25000E+00      3.75000E-02
      4.16000E+00      2.00000E-02      1.54000E+00      4.62000E-02
      4.17500E+00      2.00000E-02      1.90000E+00      5.70000E-02
      4.20000E+00      2.00000E-02      2.04000E+00      6.12000E-02
      4.21100E+00      2.00000E-02      2.07000E+00      6.21000E-02
      4.22600E+00      2.00000E-02      1.90000E+00      5.70000E-02
      4.24600E+00      2.00000E-02      1.72000E+00      5.16000E-02
      4.25600E+00      2.00000E-02      1.50000E+00      4.50000E-02
      4.27600E+00      2.00000E-02      1.40000E+00      4.20000E-02
      4.29600E+00      2.00000E-02      1.58000E+00      4.74000E-02
      4.31600E+00      2.00000E-02      2.30000E+00      6.90000E-02
      4.32600E+00      2.00000E-02      2.70000E+00      8.10000E-02
      4.33600E+00      2.00000E-02      2.92000E+00      8.76000E-02
      4.35600E+00      2.00000E-02      2.84000E+00      8.52000E-02
      4.36600E+00      2.00000E-02      2.66000E+00      7.98000E-02
      4.37600E+00      2.00000E-02      2.34000E+00      7.02000E-02
      4.38700E+00      2.00000E-02      2.26000E+00      6.78000E-02
      4.41200E+00      2.00000E-02      2.10000E+00      6.30000E-02
      4.43200E+00      2.00000E-02      1.90000E+00      5.70000E-02
      4.44200E+00      2.00000E-02      1.80000E+00      5.40000E-02
      4.44700E+00      2.00000E-02      1.77000E+00      5.31000E-02
      4.45700E+00      2.00000E-02      1.70000E+00      5.10000E-02
      4.46700E+00      2.00000E-02      1.66000E+00      4.98000E-02
      4.46700E+00      2.00000E-02      1.75000E+00      5.25000E-02
      4.47700E+00      2.00000E-02      1.25000E+00      3.75000E-02
      4.48700E+00      2.00000E-02      1.24000E+00      3.72000E-02
      4.49700E+00      2.00000E-02      1.30000E+00      3.90000E-02
      4.50700E+00      2.00000E-02      1.30000E+00      3.90000E-02
      4.52700E+00      2.00000E-02      1.30000E+00      3.90000E-02
      4.53700E+00      2.00000E-02      1.38000E+00      4.14000E-02
      4.54200E+00      2.00000E-02      1.90000E+00      5.70000E-02
      4.54700E+00      2.00000E-02      2.10000E+00      6.30000E-02
      4.55200E+00      2.00000E-02      1.82000E+00      5.46000E-02
      4.55700E+00      2.00000E-02      1.54000E+00      4.62000E-02
      4.56800E+00      2.00000E-02      1.38000E+00      4.14000E-02
      4.58800E+00      2.00000E-02      1.24000E+00      3.72000E-02
      4.59800E+00      2.00000E-02      1.26000E+00      3.78000E-02
      4.60300E+00      2.00000E-02      1.47000E+00      4.41000E-02
      4.60800E+00      2.00000E-02      1.60000E+00      4.80000E-02
      4.61300E+00      2.00000E-02      1.43000E+00      4.29000E-02
      4.61800E+00      2.00000E-02      1.38000E+00      4.14000E-02
      4.62300E+00      2.00000E-02      1.22000E+00      3.66000E-02
      4.63800E+00      2.00000E-02      1.15000E+00      3.45000E-02
      4.64300E+00      2.00000E-02      1.43000E+00      4.29000E-02
      4.64300E+00      2.00000E-02      1.24000E+00      3.72000E-02
      4.64800E+00      2.00000E-02      1.60000E+00      4.80000E-02
      4.65800E+00      2.00000E-02      1.50000E+00      4.50000E-02
      4.66300E+00      2.00000E-02      1.28000E+00      3.84000E-02
      4.66800E+00      2.00000E-02      1.17000E+00      3.51000E-02
      4.67800E+00      2.00000E-02      1.08000E+00      3.24000E-02
      4.68800E+00      2.00000E-02      1.05000E+00      3.15000E-02
      4.70800E+00      2.00000E-02      1.00000E+00      3.00000E-02
      4.72800E+00      2.00000E-02      9.70000E-01      2.91000E-02
      4.74900E+00      2.00000E-02      9.40000E-01      2.82000E-02
      4.76900E+00      2.00000E-02      9.00000E-01      2.70000E-02
      4.78900E+00      2.00000E-02      8.00000E-01      2.40000E-02
      4.80900E+00      2.00000E-02      9.40000E-01      2.82000E-02
      4.83900E+00      2.00000E-02      1.24000E+00      3.72000E-02
      4.84900E+00      2.00000E-02      1.77000E+00      5.31000E-02
      4.86400E+00      2.00000E-02      1.84000E+00      5.52000E-02
      4.86900E+00      2.00000E-02      1.60000E+00      4.80000E-02
      4.88900E+00      2.00000E-02      1.42000E+00      4.26000E-02
      4.90900E+00      2.00000E-02      1.22000E+00      3.66000E-02
      4.93500E+00      2.00000E-02      1.07000E+00      3.21000E-02
      4.95300E+00      2.00000E-02      9.70000E-01      2.91000E-02
      4.97300E+00      2.00000E-02      8.00000E-01      2.40000E-02
      4.99500E+00      2.00000E-02      8.50000E-01      2.55000E-02
      5.01600E+00      2.00000E-02      9.00000E-01      2.70000E-02
      5.03000E+00      2.00000E-02      9.90000E-01      2.97000E-02
      5.05000E+00      2.00000E-02      1.23000E+00      3.69000E-02
      5.06000E+00      2.00000E-02      1.36000E+00      4.08000E-02
      5.06500E+00      2.00000E-02      1.45000E+00      4.35000E-02
      5.07000E+00      2.00000E-02      1.48000E+00      4.44000E-02
      5.07500E+00      2.00000E-02      1.53000E+00      4.59000E-02
      5.08000E+00      2.00000E-02      1.62000E+00      4.86000E-02
      5.09000E+00      2.00000E-02      1.68000E+00      5.04000E-02
      5.10000E+00      2.00000E-02      1.70000E+00      5.10000E-02
      5.11100E+00      2.00000E-02      2.32000E+00      6.96000E-02
      5.11100E+00      2.00000E-02      1.89000E+00      5.67000E-02
      5.13100E+00      2.00000E-02      3.14000E+00      9.42000E-02
      5.13100E+00      2.00000E-02      2.76000E+00      8.28000E-02
      5.14100E+00      2.00000E-02      3.02000E+00      9.06000E-02
      5.14600E+00      2.00000E-02      2.19000E+00      6.57000E-02
      5.15600E+00      2.00000E-02      2.07000E+00      6.21000E-02
      5.16600E+00      2.00000E-02      1.66000E+00      4.98000E-02
      5.17600E+00      2.00000E-02      1.54000E+00      4.62000E-02
      5.19100E+00      2.00000E-02      1.25000E+00      3.75000E-02
      5.20100E+00      2.00000E-02      1.22000E+00      3.66000E-02
      5.23100E+00      2.00000E-02      1.12000E+00      3.36000E-02
      5.25600E+00      2.00000E-02      1.12000E+00      3.36000E-02
      5.27100E+00      2.00000E-02      1.00000E+00      3.00000E-02
      5.28600E+00      2.00000E-02      1.06000E+00      3.18000E-02
      5.29200E+00      2.00000E-02      1.04000E+00      3.12000E-02
      5.31200E+00      2.00000E-02      1.00000E+00      3.00000E-02
      5.32700E+00      2.00000E-02      9.20000E-01      2.76000E-02
      5.34700E+00      2.00000E-02      9.50000E-01      2.85000E-02
      5.35700E+00      2.00000E-02      1.20000E+00      3.60000E-02
      5.36200E+00      2.00000E-02      1.37000E+00      4.11000E-02
      5.37200E+00      2.00000E-02      1.07000E+00      3.21000E-02
      5.38700E+00      2.00000E-02      9.60000E-01      2.88000E-02
      5.40200E+00      2.00000E-02      8.60000E-01      2.58000E-02
      5.42200E+00      2.00000E-02      8.90000E-01      2.67000E-02
      5.44700E+00      2.00000E-02      8.90000E-01      2.67000E-02
      5.46700E+00      2.00000E-02      9.30000E-01      2.79000E-02
      5.50800E+00      2.00000E-02      9.50000E-01      2.85000E-02
      5.51300E+00      2.00000E-02      1.04000E+00      3.12000E-02
      5.53300E+00      2.00000E-02      1.08000E+00      3.24000E-02
      5.55800E+00      2.00000E-02      1.14000E+00      3.42000E-02
      5.57300E+00      2.00000E-02      1.42000E+00      4.26000E-02
      5.59800E+00      2.00000E-02      1.67000E+00      5.01000E-02
      5.61800E+00      2.00000E-02      1.72000E+00      5.16000E-02
      5.63300E+00      2.00000E-02      1.77000E+00      5.31000E-02
      5.65900E+00      2.00000E-02      1.72000E+00      5.16000E-02
      5.68400E+00      2.00000E-02      1.58000E+00      4.74000E-02
      5.70400E+00      2.00000E-02      1.48000E+00      4.44000E-02
      5.72900E+00      2.00000E-02      1.34000E+00      4.02000E-02
      5.75400E+00      2.00000E-02      1.25000E+00      3.75000E-02
      5.77400E+00      2.00000E-02      1.22000E+00      3.66000E-02
      5.79900E+00      2.00000E-02      1.16000E+00      3.48000E-02
      5.81400E+00      2.00000E-02      1.10000E+00      3.30000E-02
      5.83500E+00      2.00000E-02      1.10000E+00      3.30000E-02
      5.85500E+00      2.00000E-02      1.10000E+00      3.30000E-02
      5.88500E+00      2.00000E-02      1.17000E+00      3.51000E-02
      5.90000E+00      2.00000E-02      1.73000E+00      5.19000E-02
      5.91500E+00      2.00000E-02      2.24000E+00      6.72000E-02
      5.93000E+00      2.00000E-02      1.73000E+00      5.19000E-02
      5.95000E+00      2.00000E-02      1.04000E+00      3.12000E-02
      5.96000E+00      2.00000E-02      8.60000E-01      2.58000E-02
      5.96500E+00      2.00000E-02      8.00000E-01      2.40000E-02
      5.98500E+00      2.00000E-02      8.00000E-01      2.40000E-02
      5.99500E+00      2.00000E-02      1.30000E+00      3.90000E-02
      6.00500E+00      2.00000E-02      1.15000E+00      3.45000E-02
      6.01000E+00      2.00000E-02      1.36000E+00      4.08000E-02
      6.03600E+00      2.00000E-02      1.00000E+00      3.00000E-02
      6.05600E+00      2.00000E-02      9.40000E-01      2.82000E-02
      6.07600E+00      2.00000E-02      1.15000E+00      3.45000E-02
      6.08600E+00      2.00000E-02      1.27000E+00      3.81000E-02
      6.10100E+00      2.00000E-02      1.10000E+00      3.30000E-02
      6.12100E+00      2.00000E-02      9.50000E-01      2.85000E-02
      6.14100E+00      2.00000E-02      1.00000E+00      3.00000E-02
      6.15600E+00      2.00000E-02      9.50000E-01      2.85000E-02
      6.16600E+00      2.00000E-02      9.50000E-01      2.85000E-02
      6.18600E+00      2.00000E-02      8.80000E-01      2.64000E-02
      6.20700E+00      2.00000E-02      9.00000E-01      2.70000E-02
      6.23700E+00      2.00000E-02      8.50000E-01      2.55000E-02
      6.25700E+00      2.00000E-02      8.50000E-01      2.55000E-02
      6.28200E+00      2.00000E-02      8.90000E-01      2.67000E-02
      6.30700E+00      2.00000E-02      8.50000E-01      2.55000E-02
      6.32700E+00      2.00000E-02      8.50000E-01      2.55000E-02
      6.35200E+00      2.00000E-02      9.80000E-01      2.94000E-02
      6.36700E+00      2.00000E-02      1.05000E+00      3.15000E-02
      6.39800E+00      2.00000E-02      1.45000E+00      4.35000E-02
      6.40800E+00      2.00000E-02      1.50000E+00      4.50000E-02
      6.41800E+00      2.00000E-02      1.50000E+00      4.50000E-02
      6.43800E+00      2.00000E-02      9.00000E-01      2.70000E-02
      6.46300E+00      2.00000E-02      7.30000E-01      2.19000E-02
      6.48800E+00      2.00000E-02      6.40000E-01      1.92000E-02
      6.50800E+00      2.00000E-02      6.20000E-01      1.86000E-02
      6.53300E+00      2.00000E-02      6.60000E-01      1.98000E-02
      6.55900E+00      2.00000E-02      7.00000E-01      2.10000E-02
      6.57900E+00      2.00000E-02      8.70000E-01      2.61000E-02
      6.59900E+00      2.00000E-02      9.50000E-01      2.85000E-02
      6.62400E+00      2.00000E-02      9.40000E-01      2.82000E-02
      6.64400E+00      2.00000E-02      9.80000E-01      2.94000E-02
      6.66900E+00      2.00000E-02      1.06000E+00      3.18000E-02
      6.69900E+00      2.00000E-02      1.01000E+00      3.03000E-02
      6.71900E+00      2.00000E-02      9.80000E-01      2.94000E-02
      6.74000E+00      2.00000E-02      1.04000E+00      3.12000E-02
      6.77000E+00      2.00000E-02      1.09000E+00      3.27000E-02
      6.79000E+00      2.00000E-02      1.20000E+00      3.60000E-02
      6.80500E+00      2.00000E-02      1.51000E+00      4.53000E-02
      6.82000E+00      2.00000E-02      1.48000E+00      4.44000E-02
      6.84000E+00      2.00000E-02      1.30000E+00      3.90000E-02
      6.85500E+00      2.00000E-02      9.80000E-01      2.94000E-02
      6.88000E+00      2.00000E-02      8.80000E-01      2.64000E-02
      6.90000E+00      2.00000E-02      9.00000E-01      2.70000E-02
      6.92100E+00      2.00000E-02      8.50000E-01      2.55000E-02
      6.95100E+00      2.00000E-02      8.80000E-01      2.64000E-02
      6.97600E+00      2.00000E-02      8.40000E-01      2.52000E-02
      7.00100E+00      2.00000E-02      8.80000E-01      2.64000E-02
      7.02100E+00      4.50000E-02      9.40000E-01      2.82000E-02
      7.03400E+00      4.50000E-02      1.00000E+00      3.00000E-02
      7.05900E+00      4.50000E-02      1.09000E+00      3.27000E-02
      7.09000E+00      4.50000E-02      1.09000E+00      3.27000E-02
      7.11000E+00      4.50000E-02      1.09000E+00      3.27000E-02
      7.15000E+00      4.50000E-02      1.09000E+00      3.27000E-02
      7.16000E+00      4.50000E-02      1.16000E+00      3.48000E-02
      7.17500E+00      4.50000E-02      1.50000E+00      4.50000E-02
      7.19000E+00      4.50000E-02      1.72000E+00      5.16000E-02
      7.20100E+00      4.50000E-02      1.56000E+00      4.68000E-02
      7.23600E+00      4.50000E-02      1.46000E+00      4.38000E-02
      7.26600E+00      4.50000E-02      1.35000E+00      4.05000E-02
      7.28600E+00      4.50000E-02      1.30000E+00      3.90000E-02
      7.35200E+00      4.50000E-02      1.27000E+00      3.81000E-02
      7.41200E+00      4.50000E-02      1.28000E+00      3.84000E-02
      7.44300E+00      4.50000E-02      1.19000E+00      3.57000E-02
      7.48300E+00      4.50000E-02      1.08000E+00      3.24000E-02
      7.58400E+00      4.50000E-02      1.15000E+00      3.45000E-02
      7.63400E+00      4.50000E-02      1.15000E+00      3.45000E-02
      7.65400E+00      4.50000E-02      1.20000E+00      3.60000E-02
      7.76500E+00      4.50000E-02      1.25000E+00      3.75000E-02
      7.78500E+00      4.50000E-02      1.32000E+00      3.96000E-02
      7.81600E+00      4.50000E-02      1.39000E+00      4.17000E-02
      7.83600E+00      4.50000E-02      1.42000E+00      4.26000E-02
      7.85600E+00      4.50000E-02      1.46000E+00      4.38000E-02
      7.87600E+00      4.50000E-02      1.42000E+00      4.26000E-02
      7.88600E+00      4.50000E-02      1.39000E+00      4.17000E-02
      7.91600E+00      4.50000E-02      1.26000E+00      3.78000E-02
      7.95700E+00      4.50000E-02      1.04000E+00      3.12000E-02
      7.98700E+00      4.50000E-02      9.00000E-01      2.70000E-02
      8.00700E+00      4.50000E-02      8.70000E-01      2.61000E-02
      8.05800E+00      4.50000E-02      8.60000E-01      2.58000E-02
      8.11800E+00      4.50000E-02      1.00000E+00      3.00000E-02
      8.15800E+00      4.50000E-02      1.10000E+00      3.30000E-02
      8.21900E+00      4.50000E-02      1.24000E+00      3.72000E-02
      8.25900E+00      4.50000E-02      1.31000E+00      3.93000E-02
      8.35000E+00      4.50000E-02      1.34000E+00      4.02000E-02
      8.42100E+00      4.50000E-02      1.25000E+00      3.75000E-02
      8.48100E+00      4.50000E-02      1.10000E+00      3.30000E-02
      8.58200E+00      4.50000E-02      1.06000E+00      3.18000E-02
      8.62200E+00      4.50000E-02      1.10000E+00      3.30000E-02
      8.69300E+00      4.50000E-02      1.16000E+00      3.48000E-02
      8.72300E+00      4.50000E-02      1.30000E+00      3.90000E-02
      8.76300E+00      4.50000E-02      1.34000E+00      4.02000E-02
      8.82400E+00      4.50000E-02      1.32000E+00      3.96000E-02
      8.84400E+00      4.50000E-02      1.22000E+00      3.66000E-02
      8.88400E+00      4.50000E-02      1.13000E+00      3.39000E-02
      8.94500E+00      4.50000E-02      1.04000E+00      3.12000E-02
      9.01500E+00      4.50000E-02      1.10000E+00      3.30000E-02
      9.04600E+00      4.50000E-02      1.17000E+00      3.51000E-02
      9.07600E+00      4.50000E-02      1.27000E+00      3.81000E-02
      9.12600E+00      4.50000E-02      1.18000E+00      3.54000E-02
      9.15700E+00      4.50000E-02      1.06000E+00      3.18000E-02
      9.24700E+00      4.50000E-02      1.00000E+00      3.00000E-02
      9.32800E+00      4.50000E-02      1.09000E+00      3.27000E-02
      9.40900E+00      4.50000E-02      1.10000E+00      3.30000E-02
      9.47900E+00      4.50000E-02      1.14000E+00      3.42000E-02
      9.57000E+00      4.50000E-02      1.15000E+00      3.45000E-02
      9.65100E+00      4.50000E-02      1.15000E+00      3.45000E-02
      9.73100E+00      4.50000E-02      1.20000E+00      3.60000E-02
      9.81200E+00      4.50000E-02      1.22000E+00      3.66000E-02
      9.88200E+00      4.50000E-02      1.22000E+00      3.66000E-02
      9.96300E+00      4.50000E-02      1.24000E+00      3.72000E-02
      1.00500E+01      5.00000E-02      1.27000E+00      3.81000E-02
      1.01100E+01      5.00000E-02      1.30000E+00      3.90000E-02
      1.01700E+01      5.00000E-02      1.34000E+00      4.02000E-02
      1.02500E+01      5.00000E-02      1.34000E+00      4.02000E-02
      1.03400E+01      5.00000E-02      1.32000E+00      3.96000E-02
      1.04200E+01      5.00000E-02      1.25000E+00      3.75000E-02
      1.05000E+01      5.00000E-02      1.20000E+00      3.60000E-02
      1.05900E+01      5.00000E-02      1.18000E+00      3.54000E-02
      1.06800E+01      5.00000E-02      1.15000E+00      3.45000E-02
      1.07700E+01      5.00000E-02      1.14000E+00      3.42000E-02
      1.08400E+01      5.00000E-02      1.18000E+00      3.54000E-02
      1.09300E+01      5.00000E-02      1.25000E+00      3.75000E-02
      1.10000E+01      5.00000E-02      1.40000E+00      4.20000E-02
      1.10600E+01      5.00000E-02      1.50000E+00      4.50000E-02
      1.11300E+01      5.00000E-02      1.61000E+00      4.83000E-02
      1.12100E+01      5.00000E-02      1.62000E+00      4.86000E-02
      1.12800E+01      5.00000E-02      1.63000E+00      4.89000E-02
      1.13800E+01      5.00000E-02      1.64000E+00      4.92000E-02
      1.14600E+01      5.00000E-02      1.54000E+00      4.62000E-02
      1.14900E+01      5.00000E-02      1.60000E+00      4.80000E-02
      1.15500E+01      5.00000E-02      1.67000E+00      5.01000E-02
      1.16000E+01      5.00000E-02      1.70000E+00      5.10000E-02
      1.16300E+01      5.00000E-02      1.68000E+00      5.04000E-02
      1.16900E+01      5.00000E-02      1.62000E+00      4.86000E-02
      1.17800E+01      5.00000E-02      1.63000E+00      4.89000E-02
      1.18700E+01      5.00000E-02      1.64000E+00      4.92000E-02
      1.19400E+01      5.00000E-02      1.57000E+00      4.71000E-02
      1.20200E+01      5.00000E-02      1.50000E+00      4.50000E-02
      1.20800E+01      5.00000E-02      1.48000E+00      4.44000E-02
      1.21600E+01      5.00000E-02      1.42000E+00      4.26000E-02
      1.22400E+01      5.00000E-02      1.40000E+00      4.20000E-02
      1.23300E+01      5.00000E-02      1.46000E+00      4.38000E-02
      1.24100E+01      5.00000E-02      1.46000E+00      4.38000E-02
      1.24800E+01      5.00000E-02      1.47000E+00      4.41000E-02
      1.25500E+01      5.00000E-02      1.46000E+00      4.38000E-02
      1.26200E+01      5.00000E-02      1.48000E+00      4.44000E-02
      1.27300E+01      5.00000E-02      1.48000E+00      4.44000E-02
      1.28200E+01      5.00000E-02      1.50000E+00      4.50000E-02
      1.29100E+01      5.00000E-02      1.52000E+00      4.56000E-02
      1.30000E+01      5.00000E-02      1.54000E+00      4.62000E-02
      1.30800E+01      5.00000E-02      1.50000E+00      4.50000E-02
      1.31500E+01      5.00000E-02      1.49000E+00      4.47000E-02
      1.32500E+01      5.00000E-02      1.45000E+00      4.35000E-02
      1.33300E+01      5.00000E-02      1.47000E+00      4.41000E-02
      1.34100E+01      5.00000E-02      1.43000E+00      4.29000E-02
      1.35100E+01      5.00000E-02      1.47000E+00      4.41000E-02
      1.37000E+01      5.00000E-02      1.48000E+00      4.44000E-02
      1.38200E+01      5.00000E-02      1.50000E+00      4.50000E-02
      1.38400E+01      5.00000E-02      1.49000E+00      4.47000E-02
      1.39000E+01      5.00000E-02      1.52000E+00      4.56000E-02
      1.39600E+01      5.00000E-02      1.52000E+00      4.56000E-02
      1.40300E+01      5.00000E-02      1.51000E+00      4.53000E-02
      1.40400E+01      5.00000E-02      1.52000E+00      4.56000E-02
      1.41200E+01      5.00000E-02      1.48000E+00      4.44000E-02
      1.42500E+01      5.00000E-02      1.45000E+00      4.35000E-02
      1.43500E+01      5.00000E-02      1.44000E+00      4.32000E-02
      1.44100E+01      5.00000E-02      1.48000E+00      4.44000E-02
      1.44700E+01      5.00000E-02      1.44000E+00      4.32000E-02
      1.45400E+01      5.00000E-02      1.41000E+00      4.23000E-02
      1.46100E+01      5.00000E-02      1.40000E+00      4.20000E-02
      1.46900E+01      5.00000E-02      1.49000E+00      4.47000E-02
      1.47400E+01      5.00000E-02      1.48000E+00      4.44000E-02
      1.48100E+01      5.00000E-02      1.54000E+00      4.62000E-02
      1.48800E+01      5.00000E-02      1.55000E+00      4.65000E-02
      1.49500E+01      5.00000E-02      1.59000E+00      4.77000E-02
      1.50200E+01      5.00000E-02      1.55000E+00      4.65000E-02
      1.50700E+01      5.00000E-02      1.55000E+00      4.65000E-02
      1.51600E+01      5.00000E-02      1.51000E+00      4.53000E-02
      1.52300E+01      5.00000E-02      1.53000E+00      4.59000E-02
      1.53000E+01      5.00000E-02      1.48000E+00      4.44000E-02
      1.53600E+01      5.00000E-02      1.47000E+00      4.41000E-02
      1.54200E+01      5.00000E-02      1.46000E+00      4.38000E-02
      1.55000E+01      5.00000E-02      1.43000E+00      4.29000E-02
      1.55600E+01      5.00000E-02      1.50000E+00      4.50000E-02
      1.56300E+01      5.00000E-02      1.47000E+00      4.41000E-02
      1.57000E+01      5.00000E-02      1.50000E+00      4.50000E-02
      1.57800E+01      5.00000E-02      1.49000E+00      4.47000E-02
      1.58500E+01      5.00000E-02      1.49000E+00      4.47000E-02
      1.59100E+01      5.00000E-02      1.42000E+00      4.26000E-02
