# entry-subent-pointer  : 11626-021-0 
# EXFOR reaction        : (24-CR-53(N,TOT),,SIG) 
# incident energy       : 3.2556e-03 MeV - 3.8881e-02 MeV 
# target                : Cr-53 
# product               : - 
# level energy          : - 
# MF-MT number          : 3 - 1 
# first author          : Good 
# institute             : (1USAORL): Oak Ridge National Laboratory, Oak Ridge, TN 
# reference             : (J,PR,151,912,1966) 
# year                  : 1966 
# facility              : (VDG): Van de Graaff 
# git                   : https://github.com/IAEA-NDS/exfor_master/blob/main/exforall/116/11626.x4 
# nds                   : https://nds.iaea.org/EXFOR/11626
#
#       E_in(MeV)         dE_in(MeV)        XS(B)             dXS(B)
        3.2556E-03        0.0000E+00        1.2300E+02        0.0000E+00
        3.2968E-03        0.0000E+00        3.7465E+02        0.0000E+00
        3.3385E-03        0.0000E+00        2.0845E+02        0.0000E+00
        3.4128E-03        0.0000E+00        9.5775E+01        0.0000E+00
        3.4888E-03        0.0000E+00        1.2488E+02        0.0000E+00
        3.5330E-03        0.0000E+00        1.5493E+02        0.0000E+00
        3.6116E-03        0.0000E+00        1.8967E+02        0.0000E+00
        3.6573E-03        0.0000E+00        2.2254E+02        0.0000E+00
        3.7153E-03        0.0000E+00        1.7371E+02        0.0000E+00
        3.7623E-03        0.0000E+00        1.9437E+02        0.0000E+00
        3.8219E-03        0.0000E+00        2.2817E+02        0.0000E+00
        3.8947E-03        0.0000E+00        2.4131E+02        0.0000E+00
        3.9193E-03        0.0000E+00        2.2441E+02        0.0000E+00
        3.9814E-03        0.0000E+00        2.1690E+02        0.0000E+00
        4.0572E-03        0.0000E+00        2.2723E+02        0.0000E+00
        4.0957E-03        0.0000E+00        2.4883E+02        0.0000E+00
        4.1606E-03        0.0000E+00        2.4977E+02        0.0000E+00
        4.2132E-03        0.0000E+00        2.5728E+02        0.0000E+00
        4.2800E-03        0.0000E+00        2.5540E+02        0.0000E+00
        4.3615E-03        0.0000E+00        2.3005E+02        0.0000E+00
        4.4029E-03        0.0000E+00        2.1033E+02        0.0000E+00
        4.4727E-03        0.0000E+00        1.9906E+02        0.0000E+00
        4.5293E-03        0.0000E+00        1.7840E+02        0.0000E+00
        4.6301E-03        0.0000E+00        1.5681E+02        0.0000E+00
        4.6887E-03        0.0000E+00        1.2770E+02        0.0000E+00
        4.7630E-03        0.0000E+00        1.1925E+02        0.0000E+00
        4.8233E-03        0.0000E+00        8.9202E+01        0.0000E+00
        4.8843E-03        0.0000E+00        5.7277E+01        0.0000E+00
        4.9774E-03        0.0000E+00        8.6385E+01        0.0000E+00
        5.0404E-03        0.0000E+00        7.8873E+01        0.0000E+00
        5.1202E-03        0.0000E+00        7.2300E+01        0.0000E+00
        5.2178E-03        0.0000E+00        6.8545E+01        0.0000E+00
        5.3005E-03        0.0000E+00        9.6714E+01        0.0000E+00
        5.4014E-03        0.0000E+00        2.5446E+02        0.0000E+00
        5.4870E-03        0.0000E+00        2.1127E+02        0.0000E+00
        5.5915E-03        0.0000E+00        1.7277E+02        0.0000E+00
        5.6445E-03        0.0000E+00        8.4507E+01        0.0000E+00
        5.7520E-03        0.0000E+00        3.7559E+01        0.0000E+00
        5.8616E-03        0.0000E+00        2.6291E+01        0.0000E+00
        5.9545E-03        0.0000E+00        2.6291E+01        0.0000E+00
        6.0870E-03        0.0000E+00        4.6948E+01        0.0000E+00
        6.2815E-03        0.0000E+00        7.5117E+01        0.0000E+00
        6.4415E-03        0.0000E+00        1.2582E+02        0.0000E+00
        6.5642E-03        0.0000E+00        1.4272E+02        0.0000E+00
        6.6602E-03        0.0000E+00        1.4930E+02        0.0000E+00
        6.7739E-03        0.0000E+00        1.2864E+02        0.0000E+00
        6.9247E-03        0.0000E+00        1.4178E+02        0.0000E+00
        7.0788E-03        0.0000E+00        1.4554E+02        0.0000E+00
        7.1684E-03        0.0000E+00        1.2488E+02        0.0000E+00
        7.4675E-03        0.0000E+00        1.4460E+02        0.0000E+00
        7.6097E-03        0.0000E+00        1.6432E+02        0.0000E+00
        7.7303E-03        0.0000E+00        1.8779E+02        0.0000E+00
        7.9024E-03        0.0000E+00        2.0939E+02        0.0000E+00
        8.0783E-03        0.0000E+00        2.1784E+02        0.0000E+00
        8.2321E-03        0.0000E+00        1.8967E+02        0.0000E+00
        8.4153E-03        0.0000E+00        1.5869E+02        0.0000E+00
        8.5756E-03        0.0000E+00        1.2113E+02        0.0000E+00
        8.7390E-03        0.0000E+00        1.0141E+02        0.0000E+00
        8.9054E-03        0.0000E+00        8.6385E+01        0.0000E+00
        9.1323E-03        0.0000E+00        7.6056E+01        0.0000E+00
        9.3062E-03        0.0000E+00        5.4460E+01        0.0000E+00
        9.5134E-03        0.0000E+00        4.6009E+01        0.0000E+00
        9.9415E-03        0.0000E+00        3.4742E+01        0.0000E+00
        9.9729E-03        0.0000E+00        3.3803E+01        0.0000E+00
        1.0163E-02        0.0000E+00        4.0376E+01        0.0000E+00
        1.0422E-02        0.0000E+00        3.8498E+01        0.0000E+00
        1.0654E-02        0.0000E+00        3.3803E+01        0.0000E+00
        1.0925E-02        0.0000E+00        2.5352E+01        0.0000E+00
        1.1168E-02        0.0000E+00        1.3146E+01        0.0000E+00
        1.1453E-02        0.0000E+00        1.6901E+01        0.0000E+00
        1.1745E-02        0.0000E+00        9.3897E+00        0.0000E+00
        1.2006E-02        0.0000E+00        4.6948E+00        0.0000E+00
        1.2312E-02        0.0000E+00        3.7559E+00        0.0000E+00
        1.2586E-02        0.0000E+00        1.5023E+01        0.0000E+00
        1.2988E-02        0.0000E+00        4.6948E+00        0.0000E+00
        1.3277E-02        0.0000E+00        6.5728E+00        0.0000E+00
        1.3615E-02        0.0000E+00        7.5117E+00        0.0000E+00
        1.3962E-02        0.0000E+00        1.5023E+01        0.0000E+00
        1.4363E-02        0.0000E+00       -3.7559E+00        0.0000E+00
        1.4775E-02        0.0000E+00        9.3897E+00        0.0000E+00
        1.5199E-02        0.0000E+00       -9.3897E-01        0.0000E+00
        1.5587E-02        0.0000E+00        4.6948E+00        0.0000E+00
        1.6135E-02        0.0000E+00        1.4085E+01        0.0000E+00
        1.6546E-02        0.0000E+00        5.6338E+00        0.0000E+00
        1.7075E-02        0.0000E+00        7.5117E+00        0.0000E+00
        1.7345E-02        0.0000E+00        7.0470E+00        0.0000E+00
        1.7455E-02        0.0000E+00        5.1678E+00        0.0000E+00
        1.7510E-02        0.0000E+00        4.1342E+00        0.0000E+00
        1.7621E-02        0.0000E+00        5.2617E+00        0.0000E+00
        1.7676E-02        0.0000E+00        5.0738E+00        0.0000E+00
        1.7732E-02        0.0000E+00        4.6980E+00        0.0000E+00
        1.7901E-02        0.0000E+00        3.3826E+00        0.0000E+00
        1.8014E-02        0.0000E+00        5.1678E+00        0.0000E+00
        1.8128E-02        0.0000E+00        4.1342E+00        0.0000E+00
        1.8128E-02        0.0000E+00        4.8859E+00        0.0000E+00
        1.8185E-02        0.0000E+00        4.7919E+00        0.0000E+00
        1.8243E-02        0.0000E+00        5.1678E+00        0.0000E+00
        1.8416E-02        0.0000E+00        5.8255E+00        0.0000E+00
        1.8474E-02        0.0000E+00        8.6443E+00        0.0000E+00
        1.8650E-02        0.0000E+00        1.2872E+01        0.0000E+00
        1.8709E-02        0.0000E+00        1.7664E+01        0.0000E+00
        1.8827E-02        0.0000E+00        2.2081E+01        0.0000E+00
        1.9006E-02        0.0000E+00        2.1611E+01        0.0000E+00
        1.9006E-02        0.0000E+00        2.3866E+01        0.0000E+00
        1.9066E-02        0.0000E+00        1.7007E+01        0.0000E+00
        1.9187E-02        0.0000E+00        1.2872E+01        0.0000E+00
        1.9247E-02        0.0000E+00        1.0054E+01        0.0000E+00
        1.9308E-02        0.0000E+00        8.3624E+00        0.0000E+00
        1.9369E-02        0.0000E+00        7.7047E+00        0.0000E+00
        1.9492E-02        0.0000E+00        1.0336E+01        0.0000E+00
        1.9677E-02        0.0000E+00        7.7047E+00        0.0000E+00
        1.9677E-02        0.0000E+00        8.8322E+00        0.0000E+00
        1.9801E-02        0.0000E+00        8.1745E+00        0.0000E+00
        1.9989E-02        0.0000E+00        7.7047E+00        0.0000E+00
        2.0053E-02        0.0000E+00        6.3893E+00        0.0000E+00
        2.0179E-02        0.0000E+00        7.2349E+00        0.0000E+00
        2.0307E-02        0.0000E+00        6.5772E+00        0.0000E+00
        2.0371E-02        0.0000E+00        7.4228E+00        0.0000E+00
        2.0436E-02        0.0000E+00        7.5168E+00        0.0000E+00
        2.0630E-02        0.0000E+00        7.6107E+00        0.0000E+00
        2.0892E-02        0.0000E+00        5.5436E+00        0.0000E+00
        2.0958E-02        0.0000E+00        5.4497E+00        0.0000E+00
        2.1090E-02        0.0000E+00        5.2617E+00        0.0000E+00
        2.1157E-02        0.0000E+00        5.3557E+00        0.0000E+00
        2.1224E-02        0.0000E+00        4.2282E+00        0.0000E+00
        2.1224E-02        0.0000E+00        4.9799E+00        0.0000E+00
        2.1358E-02        0.0000E+00        3.8523E+00        0.0000E+00
        2.1493E-02        0.0000E+00        4.0403E+00        0.0000E+00
        2.1561E-02        0.0000E+00        5.5436E+00        0.0000E+00
        2.1697E-02        0.0000E+00        4.9799E+00        0.0000E+00
        2.1834E-02        0.0000E+00        5.4497E+00        0.0000E+00
        2.1973E-02        0.0000E+00        5.1678E+00        0.0000E+00
        2.1973E-02        0.0000E+00        5.4497E+00        0.0000E+00
        2.2042E-02        0.0000E+00        4.8859E+00        0.0000E+00
        2.2251E-02        0.0000E+00        4.3221E+00        0.0000E+00
        2.2463E-02        0.0000E+00        6.5772E+00        0.0000E+00
        2.2605E-02        0.0000E+00        5.4497E+00        0.0000E+00
        2.2605E-02        0.0000E+00        6.8591E+00        0.0000E+00
        2.2820E-02        0.0000E+00        6.2013E+00        0.0000E+00
        2.2964E-02        0.0000E+00        5.1678E+00        0.0000E+00
        2.3037E-02        0.0000E+00        3.8523E+00        0.0000E+00
        2.3110E-02        0.0000E+00        2.3490E+00        0.0000E+00
        2.3403E-02        0.0000E+00        4.2282E+00        0.0000E+00
        2.3477E-02        0.0000E+00        5.0738E+00        0.0000E+00
        2.3775E-02        0.0000E+00        6.1074E+00        0.0000E+00
        2.4076E-02        0.0000E+00        6.2013E+00        0.0000E+00
        2.4305E-02        0.0000E+00        1.0805E+01        0.0000E+00
        2.4305E-02        0.0000E+00        6.8591E+00        0.0000E+00
        2.4459E-02        0.0000E+00        1.4846E+01        0.0000E+00
        2.4614E-02        0.0000E+00        1.8886E+01        0.0000E+00
        2.4770E-02        0.0000E+00        1.8886E+01        0.0000E+00
        2.4770E-02        0.0000E+00        2.0953E+01        0.0000E+00
        2.5005E-02        0.0000E+00        1.6443E+01        0.0000E+00
        2.5084E-02        0.0000E+00        1.3624E+01        0.0000E+00
        2.5402E-02        0.0000E+00        1.5691E+01        0.0000E+00
        2.5644E-02        0.0000E+00        2.0953E+01        0.0000E+00
        2.5806E-02        0.0000E+00        2.4899E+01        0.0000E+00
        2.5969E-02        0.0000E+00        2.4242E+01        0.0000E+00
        2.5969E-02        0.0000E+00        2.5745E+01        0.0000E+00
        2.6382E-02        0.0000E+00        2.1141E+01        0.0000E+00
        2.6465E-02        0.0000E+00        1.7570E+01        0.0000E+00
        2.6549E-02        0.0000E+00        1.6067E+01        0.0000E+00
        2.6801E-02        0.0000E+00        1.0993E+01        0.0000E+00
        2.7227E-02        0.0000E+00        1.2027E+01        0.0000E+00
        2.7313E-02        0.0000E+00        1.4376E+01        0.0000E+00
        2.7486E-02        0.0000E+00        1.7289E+01        0.0000E+00
        2.7835E-02        0.0000E+00        2.0201E+01        0.0000E+00
        2.8011E-02        0.0000E+00        2.3584E+01        0.0000E+00
        2.8188E-02        0.0000E+00        2.5181E+01        0.0000E+00
        2.8366E-02        0.0000E+00        1.8134E+01        0.0000E+00
        2.8366E-02        0.0000E+00        2.3396E+01        0.0000E+00
        2.8456E-02        0.0000E+00        1.5597E+01        0.0000E+00
        2.8636E-02        0.0000E+00        1.3624E+01        0.0000E+00
        2.8817E-02        0.0000E+00        1.3154E+01        0.0000E+00
        2.8999E-02        0.0000E+00        1.1087E+01        0.0000E+00
        2.9091E-02        0.0000E+00        1.0242E+01        0.0000E+00
        2.9367E-02        0.0000E+00        9.6779E+00        0.0000E+00
        2.9460E-02        0.0000E+00        9.4899E+00        0.0000E+00
        2.9740E-02        0.0000E+00        9.3960E+00        0.0000E+00
        2.9928E-02        0.0000E+00        9.1141E+00        0.0000E+00
        3.0117E-02        0.0000E+00        9.4899E+00        0.0000E+00
        3.0213E-02        0.0000E+00        9.2081E+00        0.0000E+00
        3.0308E-02        0.0000E+00        8.7383E+00        0.0000E+00
        3.0596E-02        0.0000E+00        9.1141E+00        0.0000E+00
        3.0984E-02        0.0000E+00        8.7383E+00        0.0000E+00
        3.1279E-02        0.0000E+00        7.9866E+00        0.0000E+00
        3.1378E-02        0.0000E+00        7.7987E+00        0.0000E+00
        3.1576E-02        0.0000E+00        8.1745E+00        0.0000E+00
        3.1977E-02        0.0000E+00        6.3893E+00        0.0000E+00
        3.2179E-02        0.0000E+00        5.9195E+00        0.0000E+00
        3.2485E-02        0.0000E+00        6.7651E+00        0.0000E+00
        3.2794E-02        0.0000E+00        6.3893E+00        0.0000E+00
        3.3315E-02        0.0000E+00        7.6107E+00        0.0000E+00
        3.3526E-02        0.0000E+00        6.5772E+00        0.0000E+00
        3.3631E-02        0.0000E+00        6.0134E+00        0.0000E+00
        3.4058E-02        0.0000E+00        6.0134E+00        0.0000E+00
        3.4274E-02        0.0000E+00        6.2953E+00        0.0000E+00
        3.4599E-02        0.0000E+00        6.1074E+00        0.0000E+00
        3.4818E-02        0.0000E+00        5.7315E+00        0.0000E+00
        3.5260E-02        0.0000E+00        6.1074E+00        0.0000E+00
        3.5372E-02        0.0000E+00        6.2953E+00        0.0000E+00
        3.5595E-02        0.0000E+00        6.2013E+00        0.0000E+00
        3.6047E-02        0.0000E+00        5.2617E+00        0.0000E+00
        3.6047E-02        0.0000E+00        5.7315E+00        0.0000E+00
        3.6505E-02        0.0000E+00        4.7919E+00        0.0000E+00
        3.6736E-02        0.0000E+00        4.6040E+00        0.0000E+00
        3.7319E-02        0.0000E+00        4.8859E+00        0.0000E+00
        3.7437E-02        0.0000E+00        4.1342E+00        0.0000E+00
        3.7912E-02        0.0000E+00        4.6040E+00        0.0000E+00
        3.8394E-02        0.0000E+00        4.7919E+00        0.0000E+00
        3.8636E-02        0.0000E+00        3.9463E+00        0.0000E+00
        3.8881E-02        0.0000E+00        4.0403E+00        0.0000E+00
