# entry-subent-pointer  : L0252-002-0 
# EXFOR reaction        : ['92-U-238', ['G,F'], ',,SIG'] 
# incident energy       : 7.6301e+00 MeV - 1.6120e+01 MeV 
# target                : U-238 
# product               : - 
# level energy          : - 
# MF-MT number          : 3 - 18 
# first author          : W.Wilke 
# institute             : (2GERJLU): Justus Liebig University , Giessen 
# reference             : (J,PR/C,42,2148,1990) 
# year                  : 1990 
# facility              : (MICRT): Microtron 
# git                   : https://github.com/IAEA-NDS/exfor_master/blob/main/exforall/L02/L0252.x4 
# nds                   : https://nds.iaea.org/EXFOR/L0252
#
#       E_in(MeV)       dE_in(MeV)            XS(B)           dXS(B)
      7.63010E+00      0.00000E+00      1.34416E-02      2.12160E-03
      7.69210E+00      0.00000E+00      1.15194E-02      1.81810E-03
      7.75400E+00      0.00000E+00      9.79930E-03      2.22260E-03
      7.81640E+00      0.00000E+00      1.35346E-02      2.02050E-03
      7.87870E+00      0.00000E+00      1.51484E-02      2.12180E-03
      7.94950E+00      0.00000E+00      1.34279E-02      1.81830E-03
      8.01610E+00      0.00000E+00      1.37281E-02      1.61680E-03
      8.06460E+00      0.00000E+00      1.01900E-02      2.02050E-03
      8.14480E+00      0.00000E+00      1.48339E-02      1.91970E-03
      8.20730E+00      0.00000E+00      1.90743E-02      1.91930E-03
      8.28690E+00      0.00000E+00      1.63432E-02      1.81830E-03
      8.36270E+00      0.00000E+00      2.02800E-02      1.91970E-03
      8.44230E+00      0.00000E+00      1.73468E-02      1.61660E-03
      8.51350E+00      0.00000E+00      1.98694E-02      1.81870E-03
      8.59770E+00      0.00000E+00      1.90576E-02      1.51560E-03
      8.64620E+00      0.00000E+00      1.56205E-02      1.71750E-03
      8.72610E+00      0.00000E+00      1.61223E-02      1.91970E-03
      8.80650E+00      0.00000E+00      2.21805E-02      2.02050E-03
      8.89040E+00      0.00000E+00      1.77316E-02      2.22300E-03
      8.97080E+00      0.00000E+00      2.43960E-02      2.32380E-03
      9.05500E+00      0.00000E+00      2.30790E-02      2.52610E-03
      9.13050E+00      0.00000E+00      2.46922E-02      2.22240E-03
      9.22380E+00      0.00000E+00      2.56985E-02      2.32360E-03
      9.30350E+00      0.00000E+00      2.41797E-02      1.71750E-03
      9.35720E+00      0.00000E+00      2.97339E-02      2.22260E-03
      9.47730E+00      0.00000E+00      3.32647E-02      2.02040E-03
      9.57060E+00      0.00000E+00      3.49781E-02      2.02050E-03
      9.74840E+00      0.00000E+00      3.96178E-02      1.71710E-03
      9.86390E+00      0.00000E+00      4.09262E-02      2.72790E-03
      9.96600E+00      0.00000E+00      4.23362E-02      2.02050E-03
      1.00330E+01      0.00000E+00      4.71826E-02      2.62650E-03
      1.11602E+01      0.00000E+00      1.05427E-01      1.02034E-02
      1.12483E+01      0.00000E+00      9.77452E-02      9.39570E-03
      1.14254E+01      0.00000E+00      9.42016E-02      9.09210E-03
      1.14793E+01      0.00000E+00      1.02079E-01      9.90100E-03
      1.15769E+01      0.00000E+00      1.02277E-01      1.02037E-02
      1.16558E+01      0.00000E+00      9.07568E-02      8.68830E-03
      1.17265E+01      0.00000E+00      8.76219E-02      8.58790E-03
      1.18073E+01      0.00000E+00      9.90345E-02      9.79940E-03
      1.19083E+01      0.00000E+00      8.54925E-02      7.98150E-03
      1.20100E+01      0.00000E+00      8.24573E-02      8.08220E-03
      1.21074E+01      0.00000E+00      7.95234E-02      7.87970E-03
      1.21971E+01      0.00000E+00      9.13397E-02      8.48650E-03
      1.22898E+01      0.00000E+00      8.54761E-02      8.28420E-03
      1.23830E+01      0.00000E+00      8.57752E-02      8.38490E-03
      1.24626E+01      0.00000E+00      8.34482E-02      7.98110E-03
      1.25602E+01      0.00000E+00      8.34440E-02      8.18300E-03
      1.26633E+01      0.00000E+00      9.56639E-02      9.19290E-03
      1.27611E+01      0.00000E+00      9.81854E-02      9.59740E-03
      1.28677E+01      0.00000E+00      1.00302E-01      9.79980E-03
      1.29697E+01      0.00000E+00      9.95908E-02      9.59780E-03
      1.30908E+01      0.00000E+00      1.15245E-01      1.12134E-02
      1.31929E+01      0.00000E+00      1.15645E-01      1.16181E-02
      1.33052E+01      0.00000E+00      1.33522E-01      1.31341E-02
      1.34071E+01      0.00000E+00      1.32002E-01      1.34364E-02
      1.35229E+01      0.00000E+00      1.36543E-01      1.37399E-02
      1.36388E+01      0.00000E+00      1.43812E-01      1.39421E-02
      1.37552E+01      0.00000E+00      1.56233E-01      1.52555E-02
      1.38653E+01      0.00000E+00      1.47035E-01      1.46487E-02
      1.39093E+01      0.00000E+00      1.41982E-01      9.29510E-03
      1.40331E+01      0.00000E+00      1.37026E-01      8.89800E-03
      1.40970E+01      0.00000E+00      1.58441E-01      9.69840E-03
      1.41411E+01      0.00000E+00      1.56116E-01      1.49524E-02
      1.42521E+01      0.00000E+00      1.56212E-01      7.47560E-03
      1.43195E+01      0.00000E+00      1.66716E-01      1.13255E-02
      1.43948E+01      0.00000E+00      1.65197E-01      1.10118E-02
      1.44511E+01      0.00000E+00      1.49132E-01      1.18202E-02
      1.45269E+01      0.00000E+00      1.53372E-01      1.02039E-02
      1.45931E+01      0.00000E+00      1.49530E-01      1.01023E-02
      1.46457E+01      0.00000E+00      1.42456E-01      1.00023E-02
      1.47960E+01      0.00000E+00      1.35276E-01      1.09111E-02
      1.48583E+01      0.00000E+00      1.37799E-01      9.09260E-03
      1.49240E+01      0.00000E+00      1.27592E-01      1.21231E-02
      1.49869E+01      0.00000E+00      1.37187E-01      8.99160E-03
      1.51057E+01      0.00000E+00      1.24655E-01      1.06088E-02
      1.51498E+01      0.00000E+00      1.22430E-01      9.69840E-03
      1.52174E+01      0.00000E+00      1.34349E-01      9.59780E-03
      1.53104E+01      0.00000E+00      1.32728E-01      1.24271E-02
      1.54599E+01      0.00000E+00      1.16962E-01      1.06082E-02
      1.55300E+01      0.00000E+00      1.06351E-01      9.19290E-03
      1.56094E+01      0.00000E+00      1.00286E-01      1.00015E-02
      1.56939E+01      0.00000E+00      1.02808E-01      9.79940E-03
      1.57695E+01      0.00000E+00      1.05835E-01      1.00011E-02
      1.58495E+01      0.00000E+00      1.07650E-01      1.03046E-02
      1.59561E+01      0.00000E+00      1.08252E-01      1.10118E-02
      1.60670E+01      0.00000E+00      1.08954E-01      1.12148E-02
      1.61196E+01      0.00000E+00      1.00466E-01      1.01023E-02
