# entry-subent-pointer  : 33178-002-0 
# EXFOR reaction        : ['94-PU-239', ['N,F'], 'ELEM/MASS,CUM,FY,,SPA'] 
# incident energy       : 2.5300e-08 MeV 
# target                : Pu-239 
# product               : - 
# level energy          : - 
# MF-MT number          : 8 - 459 
# first author          : H.Naik 
# institute             : (3INDTRM): Bhabha Atomic Research Centre (BARC), Trombay, Mumbai 
# reference             : (J,NSE,196,824,2022) 
# year                  : 2022 
# facility              : (REAC): Reactor 
# git                   : https://github.com/IAEA-NDS/exfor_master/blob/main/exforall/331/33178.x4 
# nds                   : https://nds.iaea.org/EXFOR/33178
#
# Charge(No Dim.)    Mass(No Dim.)  Isomer(No Dim.)    Yield(%/fiss)   dYield(%/fiss)
             32.0             79.0              1.0      2.20000E-04      2.80000E-05
             32.0             80.0                       6.51000E-04      4.80000E-05
             33.0             78.0                       1.86000E-04      1.40000E-05
             33.0             81.0                       1.50000E-03      1.60000E-04
             34.0             83.0              0.0      1.14000E-03      1.30000E-04
             34.0             83.0              1.0      1.59000E-03      3.10000E-04
             34.0             83.0              1.0      1.68000E-03      1.80000E-04
             34.0             83.0                       2.78000E-03      3.60000E-04
             34.0             84.0                       4.22000E-03      3.80000E-04
             35.0             84.0              0.0      4.32000E-03      5.40000E-04
             35.0             84.0                       4.80000E-03      5.40000E-04
             35.0             85.0              1.0      4.80000E-04      5.00000E-05
             35.0             85.0              1.0      4.80000E-04      9.00000E-05
             35.0             86.0                       6.89000E-03      4.70000E-04
             35.0             87.0                       7.33000E-03      7.30000E-04
             36.0             85.0              1.0      5.66000E-03      3.10000E-04
             36.0             87.0                       9.79000E-03      4.50000E-04
             36.0             88.0                       1.27900E-02      6.90000E-04
             36.0             89.0                       1.45200E-02      3.90000E-04
             36.0             89.0                       1.47700E-02      3.50000E-04
             36.0             90.0                       1.26000E-02      5.20000E-04
             36.0             90.0                       1.28000E-02      3.30000E-04
             37.0             88.0                       1.32400E-02      5.80000E-04
             37.0             89.0                       1.70900E-02      3.30000E-04
             37.0             89.0                       1.72500E-02      3.90000E-04
             37.0             90.0              0.0      1.32500E-02      8.50000E-04
             37.0             90.0              1.0      7.47000E-03      2.30000E-04
             37.0             90.0              1.0      7.49000E-03      5.40000E-04
             37.0             90.0                       2.07300E-02      1.03000E-03
             37.0             91.0                       2.07400E-02      1.74000E-03
             38.0             91.0                       2.48700E-02      6.30000E-04
             38.0             92.0                       2.96900E-02      5.70000E-04
             38.0             93.0                       3.63400E-02      7.10000E-04
             38.0             93.0                       3.63500E-02      6.90000E-04
             38.0             93.0                       3.64200E-02      5.00000E-04
             38.0             94.0                       3.44700E-02      1.43000E-03
             39.0             91.0              1.0      1.44700E-02      9.30000E-04
             39.0             92.0                       3.01100E-02      3.60000E-04
             39.0             93.0                       3.79700E-02      3.50000E-04
             39.0             94.0                       4.16900E-02      1.32000E-03
             39.0             95.0                       4.67800E-02      5.20000E-04
             40.0             95.0                       4.82700E-02      6.10000E-04
             40.0             97.0                       5.34100E-02      1.05000E-03
             42.0             99.0                       6.19300E-02      1.37000E-03
             42.0             99.0                       6.21700E-02      8.70000E-04
             42.0             99.0                       6.23700E-02      8.50000E-04
             42.0            101.0                       6.01100E-02      1.60000E-04
             42.0            101.0                       6.03900E-02      3.30000E-04
             43.0            101.0                       6.06700E-02      1.68000E-03
             43.0            102.0              1.0      6.09800E-02      1.64000E-03
             43.0            103.0                       7.00400E-02      7.10000E-04
             43.0            103.0                       7.00700E-02      4.50000E-04
             43.0            104.0                       6.07000E-02      3.64000E-03
             43.0            105.0                       5.57800E-02      5.60000E-04
             43.0            106.0                       4.01800E-02      4.30000E-04
             44.0            103.0                       7.01900E-02      4.70000E-04
             44.0            105.0                       5.63700E-02      3.50000E-04
             44.0            107.0                       3.25900E-02      5.20000E-04
             44.0            108.0                       1.96200E-02      3.80000E-04
             44.0            109.0                       1.03500E-02      2.10000E-04
             45.0            105.0                       5.64000E-02      1.22000E-03
             45.0            107.0                       3.33700E-02      3.90000E-04
             45.0            109.0                       1.39900E-02      1.05000E-03
             47.0            111.0                       3.05000E-03      1.70000E-04
             47.0            112.0                       1.24000E-03      1.70000E-04
             47.0            113.0              0.0      7.53000E-04      7.40000E-05
             47.0            116.0              0.0      2.57000E-04      5.60000E-05
             48.0            117.0              0.0      3.22000E-04      3.10000E-05
             49.0            119.0              0.0      1.94000E-04      4.10000E-05
             50.0            123.0              1.0      3.87000E-04      4.40000E-05
             50.0            125.0              1.0      3.84000E-04      3.60000E-05
             50.0            127.0              0.0      3.49000E-03      3.20000E-04
             50.0            127.0              1.0      1.36000E-03      2.10000E-04
             50.0            127.0                       4.85000E-03      3.80000E-04
             50.0            128.0                       6.17000E-03      3.60000E-04
             50.0            129.0              0.0      7.00000E-03      2.30000E-04
             50.0            129.0              1.0      2.85000E-03      2.80000E-04
             50.0            129.0              1.0      2.91000E-03      3.30000E-04
             50.0            129.0                       9.88000E-03      4.00000E-04
             50.0            130.0              0.0      4.99000E-03      2.90000E-04
             50.0            130.0              1.0      4.67000E-03      1.07000E-03
             50.0            130.0                       9.66000E-03      1.11000E-03
             51.0            127.0                       5.09000E-03      4.70000E-04
             51.0            129.0              0.0      1.36400E-02      3.50000E-04
             51.0            130.0              0.0      1.07200E-02      1.62000E-03
             51.0            130.0              0.0      1.07500E-02      1.12000E-03
             51.0            130.0              0.0      1.07800E-02      5.90000E-04
             51.0            130.0              1.0      1.10300E-02      5.30000E-04
             51.0            130.0              1.0      1.10800E-02      7.60000E-04
             51.0            130.0              1.0      1.11100E-02      6.30000E-04
             51.0            130.0                       2.18200E-02      1.79000E-03
             51.0            131.0              1.0      1.04100E-02      3.60000E-04
             51.0            131.0                       2.51800E-02      4.20000E-04
             51.0            132.0              1.0      1.77100E-02      5.80000E-04
             51.0            132.0              1.0      1.84600E-02      6.80000E-04
             51.0            132.0                       2.56100E-02      8.20000E-04
             51.0            133.0                       1.24000E-02      1.20000E-03
             52.0            132.0                       5.14300E-02      9.60000E-04
             52.0            133.0              0.0      2.90400E-02      1.19000E-03
             52.0            133.0              0.0      2.90500E-02      4.20000E-04
             52.0            133.0              1.0      3.41200E-02      7.90000E-04
             52.0            133.0                       6.31700E-02      1.43000E-03
             52.0            134.0                       4.80200E-02      1.06000E-03
             52.0            134.0                       4.86600E-02      1.19000E-03
             52.0            134.0                       4.87200E-02      1.56000E-03
             53.0            131.0                       3.84900E-02      4.90000E-04
             53.0            132.0              0.0      5.37400E-02      9.90000E-04
             53.0            132.0              0.0      5.40300E-02      1.01000E-03
             53.0            133.0                       7.00600E-02      6.90000E-04
             53.0            134.0              0.0      8.05900E-02      1.08000E-03
             53.0            134.0              0.0      8.09700E-02      7.50000E-04
             53.0            134.0                       8.07800E-02      1.08000E-03
             53.0            135.0                       6.53400E-02      8.30000E-04
             53.0            135.0                       6.54500E-02      1.01000E-03
             53.0            136.0              0.0      1.58500E-02      6.80000E-04
             53.0            136.0              0.0      1.62400E-02      7.30000E-04
             53.0            136.0                       3.45700E-02      1.27000E-03
             54.0            135.0              0.0      7.67200E-02      1.16000E-03
             54.0            137.0                       6.00600E-02      4.60000E-04
             54.0            138.0                       5.17300E-02      8.60000E-04
             54.0            138.0                       5.18600E-02      1.35000E-03
             54.0            139.0                       3.06600E-02      7.10000E-04
             55.0            138.0              0.0      6.50800E-02      1.05000E-03
             55.0            138.0              0.0      6.51600E-02      8.40000E-04
             55.0            138.0              0.0      6.55300E-02      5.90000E-04
             55.0            138.0                       6.52600E-02      1.05000E-03
             55.0            139.0                       5.43900E-02      5.90000E-04
             55.0            140.0                       4.03700E-02      1.38000E-03
             56.0            139.0                       5.64300E-02      2.80000E-04
             56.0            140.0                       5.35800E-02      8.70000E-04
             56.0            141.0                       5.17800E-02      5.80000E-04
             56.0            141.0                       5.17900E-02      1.09000E-03
             56.0            141.0                       5.19000E-02      1.59000E-03
             56.0            141.0                       5.19300E-02      1.50000E-03
             56.0            142.0                       4.60600E-02      8.60000E-04
             56.0            142.0                       4.62200E-02      8.10000E-04
             56.0            142.0                       4.63000E-02      5.90000E-04
             56.0            142.0                       4.64900E-02      3.10000E-04
             57.0            142.0                       4.94100E-02      1.05000E-03
             57.0            144.0                       3.57700E-02      2.32000E-03
             57.0            144.0                       3.62900E-02      1.27000E-03
             58.0            141.0                       5.24600E-02      4.50000E-04
             58.0            143.0                       4.40600E-02      3.30000E-04
             58.0            145.0                       2.98100E-02      9.20000E-04
             58.0            145.0                       2.98800E-02      3.20000E-04
             58.0            146.0                       2.43200E-02      5.20000E-04
             58.0            146.0                       2.43400E-02      4.70000E-04
             58.0            147.0                       2.02400E-02      1.76000E-03
             58.0            148.0                       1.21700E-02      5.20000E-04
             58.0            148.0                       1.22200E-02      7.80000E-04
             59.0            146.0                       2.45700E-02      3.00000E-04
             59.0            146.0                       2.46100E-02      3.10000E-04
             60.0            147.0                       2.06500E-02      4.20000E-04
             60.0            147.0                       2.08000E-02      1.56000E-03
             60.0            149.0                       1.21200E-02      2.70000E-04
             60.0            149.0                       1.22000E-02      4.80000E-04
             60.0            151.0                       7.30000E-03      3.70000E-04
             60.0            152.0                       5.63000E-03      5.20000E-04
             61.0            151.0                       7.45000E-03      1.80000E-04
             61.0            153.0                       3.56000E-03      2.30000E-04
             61.0            154.0              0.0      2.07000E-03      2.60000E-04
             61.0            154.0              1.0      4.40000E-04      7.00000E-05
             61.0            154.0                       2.51000E-03      2.70000E-04
             62.0            153.0                       3.59000E-03      2.50000E-04
             62.0            155.0                       1.66000E-03      1.90000E-04
             62.0            156.0                       1.28000E-03      1.60000E-04
             62.0            157.0                       7.09000E-04      5.10000E-05
             63.0            158.0                       4.21000E-04      5.30000E-05
             63.0            159.0                       2.07000E-04      2.20000E-05
