# entry-subent-pointer  : 20719-005-0 
# EXFOR reaction        : ['11-NA-23', ['N,TOT'], ',,SIG'] 
# incident energy       : 9.00e-01 MeV - 1.05e+00 MeV 
# target                : Na-23 
# product               : - 
# level energy          : - 
# MF-MT number          : 3 - 1 
# first author          : S.Cierjacks 
# institute             : (2GERKFK): Karlsruhe Institute of Technology (KIT) 
# reference             : (J,PL/B,29,417,1969) 
# year                  : 1969 
# facility              : (ISOCY): Isochronous cyclotron 
# git                   : https://github.com/IAEA-NDS/exfor_master/blob/main/exforall/207/20719.x4 
# nds                   : https://nds.iaea.org/EXFOR/20719
#
#       E_in(MeV)       dE_in(MeV)            XS(B)           dXS(B)
      9.00260E-01      0.00000E+00      5.10700E+00      0.00000E+00
      9.00670E-01      0.00000E+00      5.12000E+00      0.00000E+00
      9.01080E-01      0.00000E+00      5.18500E+00      0.00000E+00
      9.01490E-01      0.00000E+00      5.22900E+00      0.00000E+00
      9.01910E-01      0.00000E+00      5.23400E+00      0.00000E+00
      9.02320E-01      0.00000E+00      5.30100E+00      0.00000E+00
      9.02730E-01      0.00000E+00      5.32700E+00      0.00000E+00
      9.03140E-01      0.00000E+00      5.36800E+00      0.00000E+00
      9.03560E-01      0.00000E+00      5.40000E+00      0.00000E+00
      9.03970E-01      0.00000E+00      5.41900E+00      0.00000E+00
      9.04380E-01      0.00000E+00      5.43800E+00      0.00000E+00
      9.04800E-01      0.00000E+00      5.49300E+00      0.00000E+00
      9.05210E-01      0.00000E+00      5.49600E+00      0.00000E+00
      9.05630E-01      0.00000E+00      5.55900E+00      0.00000E+00
      9.06040E-01      0.00000E+00      5.56000E+00      0.00000E+00
      9.06460E-01      0.00000E+00      5.58700E+00      0.00000E+00
      9.06870E-01      0.00000E+00      5.60600E+00      0.00000E+00
      9.07290E-01      0.00000E+00      5.62400E+00      0.00000E+00
      9.07710E-01      0.00000E+00      5.62000E+00      0.00000E+00
      9.08120E-01      0.00000E+00      5.63100E+00      0.00000E+00
      9.08540E-01      0.00000E+00      5.64100E+00      0.00000E+00
      9.08960E-01      0.00000E+00      5.66900E+00      0.00000E+00
      9.09370E-01      0.00000E+00      5.63400E+00      0.00000E+00
      9.09790E-01      0.00000E+00      5.65300E+00      0.00000E+00
      9.10210E-01      0.00000E+00      5.64100E+00      0.00000E+00
      9.10630E-01      0.00000E+00      5.63300E+00      0.00000E+00
      9.11050E-01      0.00000E+00      5.61700E+00      0.00000E+00
      9.11460E-01      0.00000E+00      5.62900E+00      0.00000E+00
      9.11880E-01      0.00000E+00      5.59800E+00      0.00000E+00
      9.12300E-01      0.00000E+00      5.58800E+00      0.00000E+00
      9.12720E-01      0.00000E+00      5.55300E+00      0.00000E+00
      9.13140E-01      0.00000E+00      5.53800E+00      0.00000E+00
      9.13560E-01      0.00000E+00      5.51600E+00      0.00000E+00
      9.13980E-01      0.00000E+00      5.51700E+00      0.00000E+00
      9.14400E-01      0.00000E+00      5.48000E+00      0.00000E+00
      9.14820E-01      0.00000E+00      5.45900E+00      0.00000E+00
      9.15250E-01      0.00000E+00      5.43900E+00      0.00000E+00
      9.15670E-01      0.00000E+00      5.38800E+00      0.00000E+00
      9.16090E-01      0.00000E+00      5.36800E+00      0.00000E+00
      9.16510E-01      0.00000E+00      5.30600E+00      0.00000E+00
      9.16930E-01      0.00000E+00      5.25900E+00      0.00000E+00
      9.17360E-01      0.00000E+00      5.24200E+00      0.00000E+00
      9.17780E-01      0.00000E+00      5.19100E+00      0.00000E+00
      9.18200E-01      0.00000E+00      5.15000E+00      0.00000E+00
      9.18630E-01      0.00000E+00      5.10200E+00      0.00000E+00
      9.19050E-01      0.00000E+00      5.07700E+00      0.00000E+00
      9.19480E-01      0.00000E+00      5.06200E+00      0.00000E+00
      9.19900E-01      0.00000E+00      5.02900E+00      0.00000E+00
      9.20330E-01      0.00000E+00      4.98000E+00      0.00000E+00
      9.20750E-01      0.00000E+00      4.98400E+00      0.00000E+00
      9.21180E-01      0.00000E+00      4.89100E+00      0.00000E+00
      9.21600E-01      0.00000E+00      4.89600E+00      0.00000E+00
      9.22030E-01      0.00000E+00      4.85500E+00      0.00000E+00
      9.22450E-01      0.00000E+00      4.78900E+00      0.00000E+00
      9.22880E-01      0.00000E+00      4.76600E+00      0.00000E+00
      9.23310E-01      0.00000E+00      4.74600E+00      0.00000E+00
      9.23740E-01      0.00000E+00      4.69200E+00      0.00000E+00
      9.24160E-01      0.00000E+00      4.66200E+00      0.00000E+00
      9.24590E-01      0.00000E+00      4.63400E+00      0.00000E+00
      9.25020E-01      0.00000E+00      4.58800E+00      0.00000E+00
      9.25450E-01      0.00000E+00      4.52700E+00      0.00000E+00
      9.25880E-01      0.00000E+00      4.51100E+00      0.00000E+00
      9.26310E-01      0.00000E+00      4.49600E+00      0.00000E+00
      9.26730E-01      0.00000E+00      4.46400E+00      0.00000E+00
      9.27160E-01      0.00000E+00      4.41000E+00      0.00000E+00
      9.27590E-01      0.00000E+00      4.39000E+00      0.00000E+00
      9.28020E-01      0.00000E+00      4.36800E+00      0.00000E+00
      9.28460E-01      0.00000E+00      4.30600E+00      0.00000E+00
      9.28890E-01      0.00000E+00      4.27400E+00      0.00000E+00
      9.29320E-01      0.00000E+00      4.23300E+00      0.00000E+00
      9.29750E-01      0.00000E+00      4.21200E+00      0.00000E+00
      9.30180E-01      0.00000E+00      4.19300E+00      0.00000E+00
      9.30610E-01      0.00000E+00      4.15600E+00      0.00000E+00
      9.31040E-01      0.00000E+00      4.14000E+00      0.00000E+00
      9.31480E-01      0.00000E+00      4.11100E+00      0.00000E+00
      9.31910E-01      0.00000E+00      4.08600E+00      0.00000E+00
      9.32340E-01      0.00000E+00      4.06600E+00      0.00000E+00
      9.32780E-01      0.00000E+00      4.00500E+00      0.00000E+00
      9.33210E-01      0.00000E+00      3.98500E+00      0.00000E+00
      9.33650E-01      0.00000E+00      3.97400E+00      0.00000E+00
      9.34080E-01      0.00000E+00      3.94400E+00      0.00000E+00
      9.34510E-01      0.00000E+00      3.92700E+00      0.00000E+00
      9.34950E-01      0.00000E+00      3.87800E+00      0.00000E+00
      9.35380E-01      0.00000E+00      3.86700E+00      0.00000E+00
      9.35820E-01      0.00000E+00      3.84000E+00      0.00000E+00
      9.36260E-01      0.00000E+00      3.83600E+00      0.00000E+00
      9.36690E-01      0.00000E+00      3.81400E+00      0.00000E+00
      9.37130E-01      0.00000E+00      3.78600E+00      0.00000E+00
      9.37570E-01      0.00000E+00      3.74600E+00      0.00000E+00
      9.38000E-01      0.00000E+00      3.73500E+00      0.00000E+00
      9.38440E-01      0.00000E+00      3.71000E+00      0.00000E+00
      9.38880E-01      0.00000E+00      3.68900E+00      0.00000E+00
      9.39320E-01      0.00000E+00      3.67900E+00      0.00000E+00
      9.39760E-01      0.00000E+00      3.65300E+00      0.00000E+00
      9.40190E-01      0.00000E+00      3.63500E+00      0.00000E+00
      9.40630E-01      0.00000E+00      3.58700E+00      0.00000E+00
      9.41070E-01      0.00000E+00      3.56400E+00      0.00000E+00
      9.41510E-01      0.00000E+00      3.57200E+00      0.00000E+00
      9.41950E-01      0.00000E+00      3.55900E+00      0.00000E+00
      9.42390E-01      0.00000E+00      3.53000E+00      0.00000E+00
      9.42830E-01      0.00000E+00      3.51200E+00      0.00000E+00
      9.43270E-01      0.00000E+00      3.51700E+00      0.00000E+00
      9.43720E-01      0.00000E+00      3.48000E+00      0.00000E+00
      9.44160E-01      0.00000E+00      3.45500E+00      0.00000E+00
      9.44600E-01      0.00000E+00      3.45700E+00      0.00000E+00
      9.45040E-01      0.00000E+00      3.41400E+00      0.00000E+00
      9.45480E-01      0.00000E+00      3.42200E+00      0.00000E+00
      9.45930E-01      0.00000E+00      3.40700E+00      0.00000E+00
      9.46370E-01      0.00000E+00      3.38900E+00      0.00000E+00
      9.46810E-01      0.00000E+00      3.36400E+00      0.00000E+00
      9.47260E-01      0.00000E+00      3.33400E+00      0.00000E+00
      9.47700E-01      0.00000E+00      3.33000E+00      0.00000E+00
      9.48140E-01      0.00000E+00      3.30900E+00      0.00000E+00
      9.48590E-01      0.00000E+00      3.32500E+00      0.00000E+00
      9.49030E-01      0.00000E+00      3.29800E+00      0.00000E+00
      9.49480E-01      0.00000E+00      3.25600E+00      0.00000E+00
      9.49920E-01      0.00000E+00      3.26900E+00      0.00000E+00
      9.50370E-01      0.00000E+00      3.27000E+00      0.00000E+00
      9.50820E-01      0.00000E+00      3.24200E+00      0.00000E+00
      9.51260E-01      0.00000E+00      3.21900E+00      0.00000E+00
      9.51710E-01      0.00000E+00      3.21600E+00      0.00000E+00
      9.52160E-01      0.00000E+00      3.21800E+00      0.00000E+00
      9.52600E-01      0.00000E+00      3.19500E+00      0.00000E+00
      9.53050E-01      0.00000E+00      3.18200E+00      0.00000E+00
      9.53500E-01      0.00000E+00      3.16900E+00      0.00000E+00
      9.53950E-01      0.00000E+00      3.17000E+00      0.00000E+00
      9.54400E-01      0.00000E+00      3.17300E+00      0.00000E+00
      9.54850E-01      0.00000E+00      3.16000E+00      0.00000E+00
      9.55300E-01      0.00000E+00      3.15000E+00      0.00000E+00
      9.55750E-01      0.00000E+00      3.13700E+00      0.00000E+00
      9.56200E-01      0.00000E+00      3.11600E+00      0.00000E+00
      9.56650E-01      0.00000E+00      3.13700E+00      0.00000E+00
      9.57100E-01      0.00000E+00      3.12900E+00      0.00000E+00
      9.57550E-01      0.00000E+00      3.10900E+00      0.00000E+00
      9.58000E-01      0.00000E+00      3.09700E+00      0.00000E+00
      9.58450E-01      0.00000E+00      3.09000E+00      0.00000E+00
      9.58900E-01      0.00000E+00      3.10300E+00      0.00000E+00
      9.59350E-01      0.00000E+00      3.06900E+00      0.00000E+00
      9.59810E-01      0.00000E+00      3.06500E+00      0.00000E+00
      9.60260E-01      0.00000E+00      3.08000E+00      0.00000E+00
      9.60710E-01      0.00000E+00      3.07200E+00      0.00000E+00
      9.61170E-01      0.00000E+00      3.04100E+00      0.00000E+00
      9.61620E-01      0.00000E+00      3.05500E+00      0.00000E+00
      9.62070E-01      0.00000E+00      3.06200E+00      0.00000E+00
      9.62530E-01      0.00000E+00      3.06900E+00      0.00000E+00
      9.62980E-01      0.00000E+00      3.06200E+00      0.00000E+00
      9.63440E-01      0.00000E+00      3.07400E+00      0.00000E+00
      9.63890E-01      0.00000E+00      3.09600E+00      0.00000E+00
      9.64350E-01      0.00000E+00      3.12900E+00      0.00000E+00
      9.64810E-01      0.00000E+00      3.18300E+00      0.00000E+00
      9.65260E-01      0.00000E+00      3.26400E+00      0.00000E+00
      9.65720E-01      0.00000E+00      3.35900E+00      0.00000E+00
      9.66180E-01      0.00000E+00      3.51100E+00      0.00000E+00
      9.66630E-01      0.00000E+00      3.64000E+00      0.00000E+00
      9.67090E-01      0.00000E+00      3.70300E+00      0.00000E+00
      9.67550E-01      0.00000E+00      3.66200E+00      0.00000E+00
      9.68010E-01      0.00000E+00      3.50900E+00      0.00000E+00
      9.68470E-01      0.00000E+00      3.36000E+00      0.00000E+00
      9.68930E-01      0.00000E+00      3.24600E+00      0.00000E+00
      9.69390E-01      0.00000E+00      3.16900E+00      0.00000E+00
      9.69840E-01      0.00000E+00      3.15800E+00      0.00000E+00
      9.70300E-01      0.00000E+00      3.11700E+00      0.00000E+00
      9.70770E-01      0.00000E+00      3.12400E+00      0.00000E+00
      9.71230E-01      0.00000E+00      3.12000E+00      0.00000E+00
      9.71690E-01      0.00000E+00      3.10900E+00      0.00000E+00
      9.72150E-01      0.00000E+00      3.14600E+00      0.00000E+00
      9.72610E-01      0.00000E+00      3.17300E+00      0.00000E+00
      9.73070E-01      0.00000E+00      3.19600E+00      0.00000E+00
      9.73530E-01      0.00000E+00      3.22500E+00      0.00000E+00
      9.74000E-01      0.00000E+00      3.25300E+00      0.00000E+00
      9.74460E-01      0.00000E+00      3.27100E+00      0.00000E+00
      9.74920E-01      0.00000E+00      3.29500E+00      0.00000E+00
      9.75390E-01      0.00000E+00      3.35700E+00      0.00000E+00
      9.75850E-01      0.00000E+00      3.41400E+00      0.00000E+00
      9.76310E-01      0.00000E+00      3.41200E+00      0.00000E+00
      9.76780E-01      0.00000E+00      3.45200E+00      0.00000E+00
      9.77240E-01      0.00000E+00      3.51600E+00      0.00000E+00
      9.77710E-01      0.00000E+00      3.57000E+00      0.00000E+00
      9.78180E-01      0.00000E+00      3.59700E+00      0.00000E+00
      9.78640E-01      0.00000E+00      3.62700E+00      0.00000E+00
      9.79110E-01      0.00000E+00      3.65600E+00      0.00000E+00
      9.79570E-01      0.00000E+00      3.70600E+00      0.00000E+00
      9.80040E-01      0.00000E+00      3.74600E+00      0.00000E+00
      9.80510E-01      0.00000E+00      3.79200E+00      0.00000E+00
      9.80980E-01      0.00000E+00      3.80600E+00      0.00000E+00
      9.81440E-01      0.00000E+00      3.80000E+00      0.00000E+00
      9.81910E-01      0.00000E+00      3.82500E+00      0.00000E+00
      9.82380E-01      0.00000E+00      3.84600E+00      0.00000E+00
      9.82850E-01      0.00000E+00      3.84200E+00      0.00000E+00
      9.83320E-01      0.00000E+00      3.84500E+00      0.00000E+00
      9.83790E-01      0.00000E+00      3.84700E+00      0.00000E+00
      9.84260E-01      0.00000E+00      3.82100E+00      0.00000E+00
      9.84730E-01      0.00000E+00      3.78300E+00      0.00000E+00
      9.85200E-01      0.00000E+00      3.75200E+00      0.00000E+00
      9.85670E-01      0.00000E+00      3.72800E+00      0.00000E+00
      9.86140E-01      0.00000E+00      3.71200E+00      0.00000E+00
      9.86610E-01      0.00000E+00      3.68100E+00      0.00000E+00
      9.87090E-01      0.00000E+00      3.63000E+00      0.00000E+00
      9.87560E-01      0.00000E+00      3.62100E+00      0.00000E+00
      9.88030E-01      0.00000E+00      3.55800E+00      0.00000E+00
      9.88500E-01      0.00000E+00      3.53000E+00      0.00000E+00
      9.88980E-01      0.00000E+00      3.48800E+00      0.00000E+00
      9.89450E-01      0.00000E+00      3.46300E+00      0.00000E+00
      9.89920E-01      0.00000E+00      3.43000E+00      0.00000E+00
      9.90400E-01      0.00000E+00      3.41000E+00      0.00000E+00
      9.90870E-01      0.00000E+00      3.37900E+00      0.00000E+00
      9.91350E-01      0.00000E+00      3.30900E+00      0.00000E+00
      9.91820E-01      0.00000E+00      3.31100E+00      0.00000E+00
      9.92300E-01      0.00000E+00      3.28400E+00      0.00000E+00
      9.92780E-01      0.00000E+00      3.29600E+00      0.00000E+00
      9.93250E-01      0.00000E+00      3.24200E+00      0.00000E+00
      9.93730E-01      0.00000E+00      3.19700E+00      0.00000E+00
      9.94210E-01      0.00000E+00      3.18900E+00      0.00000E+00
      9.94680E-01      0.00000E+00      3.16400E+00      0.00000E+00
      9.95160E-01      0.00000E+00      3.14800E+00      0.00000E+00
      9.95640E-01      0.00000E+00      3.12000E+00      0.00000E+00
      9.96120E-01      0.00000E+00      3.13100E+00      0.00000E+00
      9.96600E-01      0.00000E+00      3.11900E+00      0.00000E+00
      9.97080E-01      0.00000E+00      3.10300E+00      0.00000E+00
      9.97560E-01      0.00000E+00      3.08700E+00      0.00000E+00
      9.98040E-01      0.00000E+00      3.08800E+00      0.00000E+00
      9.98520E-01      0.00000E+00      3.05200E+00      0.00000E+00
      9.99000E-01      0.00000E+00      3.03700E+00      0.00000E+00
      9.99480E-01      0.00000E+00      3.04100E+00      0.00000E+00
      9.99960E-01      0.00000E+00      3.03800E+00      0.00000E+00
      1.00040E+00      0.00000E+00      3.02800E+00      0.00000E+00
      1.00090E+00      0.00000E+00      3.01400E+00      0.00000E+00
      1.00140E+00      0.00000E+00      3.00500E+00      0.00000E+00
      1.00190E+00      0.00000E+00      2.97200E+00      0.00000E+00
      1.00240E+00      0.00000E+00      3.01800E+00      0.00000E+00
      1.00290E+00      0.00000E+00      3.00400E+00      0.00000E+00
      1.00330E+00      0.00000E+00      2.97300E+00      0.00000E+00
      1.00380E+00      0.00000E+00      2.99800E+00      0.00000E+00
      1.00430E+00      0.00000E+00      2.99500E+00      0.00000E+00
      1.00480E+00      0.00000E+00      2.99600E+00      0.00000E+00
      1.00530E+00      0.00000E+00      3.00600E+00      0.00000E+00
      1.00580E+00      0.00000E+00      2.97400E+00      0.00000E+00
      1.00620E+00      0.00000E+00      2.97100E+00      0.00000E+00
      1.00670E+00      0.00000E+00      2.98700E+00      0.00000E+00
      1.00720E+00      0.00000E+00      2.99700E+00      0.00000E+00
      1.00770E+00      0.00000E+00      2.99900E+00      0.00000E+00
      1.00820E+00      0.00000E+00      3.01200E+00      0.00000E+00
      1.00870E+00      0.00000E+00      2.99900E+00      0.00000E+00
      1.00920E+00      0.00000E+00      3.02500E+00      0.00000E+00
      1.00970E+00      0.00000E+00      3.02000E+00      0.00000E+00
      1.01010E+00      0.00000E+00      3.02700E+00      0.00000E+00
      1.01060E+00      0.00000E+00      3.04100E+00      0.00000E+00
      1.01110E+00      0.00000E+00      3.05900E+00      0.00000E+00
      1.01160E+00      0.00000E+00      3.08000E+00      0.00000E+00
      1.01210E+00      0.00000E+00      3.09000E+00      0.00000E+00
      1.01260E+00      0.00000E+00      3.08300E+00      0.00000E+00
      1.01310E+00      0.00000E+00      3.11600E+00      0.00000E+00
      1.01360E+00      0.00000E+00      3.11400E+00      0.00000E+00
      1.01410E+00      0.00000E+00      3.14300E+00      0.00000E+00
      1.01460E+00      0.00000E+00      3.14500E+00      0.00000E+00
      1.01500E+00      0.00000E+00      3.17400E+00      0.00000E+00
      1.01550E+00      0.00000E+00      3.17700E+00      0.00000E+00
      1.01600E+00      0.00000E+00      3.19800E+00      0.00000E+00
      1.01650E+00      0.00000E+00      3.22700E+00      0.00000E+00
      1.01700E+00      0.00000E+00      3.23700E+00      0.00000E+00
      1.01750E+00      0.00000E+00      3.27900E+00      0.00000E+00
      1.01800E+00      0.00000E+00      3.29000E+00      0.00000E+00
      1.01850E+00      0.00000E+00      3.31000E+00      0.00000E+00
      1.01900E+00      0.00000E+00      3.32400E+00      0.00000E+00
      1.01950E+00      0.00000E+00      3.35000E+00      0.00000E+00
      1.02000E+00      0.00000E+00      3.37400E+00      0.00000E+00
      1.02050E+00      0.00000E+00      3.40400E+00      0.00000E+00
      1.02100E+00      0.00000E+00      3.41200E+00      0.00000E+00
      1.02150E+00      0.00000E+00      3.44400E+00      0.00000E+00
      1.02200E+00      0.00000E+00      3.47000E+00      0.00000E+00
      1.02250E+00      0.00000E+00      3.48000E+00      0.00000E+00
      1.02300E+00      0.00000E+00      3.51800E+00      0.00000E+00
      1.02350E+00      0.00000E+00      3.54200E+00      0.00000E+00
      1.02400E+00      0.00000E+00      3.58300E+00      0.00000E+00
      1.02450E+00      0.00000E+00      3.59200E+00      0.00000E+00
      1.02500E+00      0.00000E+00      3.61100E+00      0.00000E+00
      1.02550E+00      0.00000E+00      3.64000E+00      0.00000E+00
      1.02600E+00      0.00000E+00      3.63800E+00      0.00000E+00
      1.02650E+00      0.00000E+00      3.69400E+00      0.00000E+00
      1.02700E+00      0.00000E+00      3.67200E+00      0.00000E+00
      1.02750E+00      0.00000E+00      3.70800E+00      0.00000E+00
      1.02800E+00      0.00000E+00      3.70600E+00      0.00000E+00
      1.02850E+00      0.00000E+00      3.70300E+00      0.00000E+00
      1.02900E+00      0.00000E+00      3.73500E+00      0.00000E+00
      1.02950E+00      0.00000E+00      3.74800E+00      0.00000E+00
      1.03000E+00      0.00000E+00      3.77500E+00      0.00000E+00
      1.03050E+00      0.00000E+00      3.74900E+00      0.00000E+00
      1.03100E+00      0.00000E+00      3.76500E+00      0.00000E+00
      1.03150E+00      0.00000E+00      3.75500E+00      0.00000E+00
      1.03200E+00      0.00000E+00      3.76600E+00      0.00000E+00
      1.03250E+00      0.00000E+00      3.77900E+00      0.00000E+00
      1.03300E+00      0.00000E+00      3.77800E+00      0.00000E+00
      1.03350E+00      0.00000E+00      3.79400E+00      0.00000E+00
      1.03400E+00      0.00000E+00      3.76200E+00      0.00000E+00
      1.03450E+00      0.00000E+00      3.80000E+00      0.00000E+00
      1.03500E+00      0.00000E+00      3.75100E+00      0.00000E+00
      1.03550E+00      0.00000E+00      3.74900E+00      0.00000E+00
      1.03600E+00      0.00000E+00      3.77100E+00      0.00000E+00
      1.03660E+00      0.00000E+00      3.72800E+00      0.00000E+00
      1.03710E+00      0.00000E+00      3.72200E+00      0.00000E+00
      1.03760E+00      0.00000E+00      3.74300E+00      0.00000E+00
      1.03810E+00      0.00000E+00      3.74500E+00      0.00000E+00
      1.03860E+00      0.00000E+00      3.72200E+00      0.00000E+00
      1.03910E+00      0.00000E+00      3.72900E+00      0.00000E+00
      1.03960E+00      0.00000E+00      3.72600E+00      0.00000E+00
      1.04010E+00      0.00000E+00      3.72700E+00      0.00000E+00
      1.04060E+00      0.00000E+00      3.70100E+00      0.00000E+00
      1.04110E+00      0.00000E+00      3.72300E+00      0.00000E+00
      1.04170E+00      0.00000E+00      3.71500E+00      0.00000E+00
      1.04220E+00      0.00000E+00      3.69200E+00      0.00000E+00
      1.04270E+00      0.00000E+00      3.71500E+00      0.00000E+00
      1.04320E+00      0.00000E+00      3.73700E+00      0.00000E+00
      1.04370E+00      0.00000E+00      3.69200E+00      0.00000E+00
      1.04420E+00      0.00000E+00      3.70800E+00      0.00000E+00
      1.04470E+00      0.00000E+00      3.70100E+00      0.00000E+00
      1.04520E+00      0.00000E+00      3.72100E+00      0.00000E+00
      1.04580E+00      0.00000E+00      3.71700E+00      0.00000E+00
      1.04630E+00      0.00000E+00      3.71800E+00      0.00000E+00
      1.04680E+00      0.00000E+00      3.73200E+00      0.00000E+00
      1.04730E+00      0.00000E+00      3.73700E+00      0.00000E+00
      1.04780E+00      0.00000E+00      3.75100E+00      0.00000E+00
      1.04830E+00      0.00000E+00      3.76500E+00      0.00000E+00
      1.04890E+00      0.00000E+00      3.77700E+00      0.00000E+00
      1.04940E+00      0.00000E+00      3.81100E+00      0.00000E+00
      1.04990E+00      0.00000E+00      3.82300E+00      0.00000E+00
      1.05040E+00      0.00000E+00      3.85000E+00      0.00000E+00
      1.05090E+00      0.00000E+00      3.84600E+00      0.00000E+00
      1.05150E+00      0.00000E+00      3.87400E+00      0.00000E+00
      1.05200E+00      0.00000E+00      3.87200E+00      0.00000E+00
      1.05250E+00      0.00000E+00      3.94500E+00      0.00000E+00
      1.05300E+00      0.00000E+00      3.91800E+00      0.00000E+00
      1.05350E+00      0.00000E+00      3.94900E+00      0.00000E+00
      1.05410E+00      0.00000E+00      3.97200E+00      0.00000E+00
      1.05460E+00      0.00000E+00      3.99500E+00      0.00000E+00
