# entry-subent-pointer  : 30831-002-0 
# EXFOR reaction        : ['73-TA-0', ['N,TOT'], ',,SIG'] 
# incident energy       : 7.3220e-01 MeV - 2.0146e+00 MeV 
# target                : Ta-0 
# product               : - 
# level energy          : - 
# MF-MT number          : 3 - 1 
# first author          : G.D.Kim 
# institute             : (3KORKGM): Korea Institute Geoscience & Mineral Resources (KIGAM),Daejeon 
# reference             : (J,KPS,59,2233,2011) 
# year                  : 2011 
# facility              : (VDGT): Tandem van de Graaff 
# git                   : https://github.com/IAEA-NDS/exfor_master/blob/main/exforall/308/30831.x4 
# nds                   : https://nds.iaea.org/EXFOR/30831
#
#       E_in(MeV)       dE_in(MeV)            XS(B)           dXS(B)
      7.32200E-01      0.00000E+00      6.45540E+00      0.00000E+00
      7.33000E-01      0.00000E+00      6.45720E+00      0.00000E+00
      7.33800E-01      0.00000E+00      6.48770E+00      0.00000E+00
      7.34500E-01      0.00000E+00      6.32180E+00      0.00000E+00
      7.35300E-01      0.00000E+00      6.82580E+00      0.00000E+00
      7.36100E-01      0.00000E+00      6.30370E+00      0.00000E+00
      7.36900E-01      0.00000E+00      6.34820E+00      0.00000E+00
      7.37600E-01      0.00000E+00      6.74540E+00      0.00000E+00
      7.38400E-01      0.00000E+00      6.38940E+00      0.00000E+00
      7.39200E-01      0.00000E+00      6.76210E+00      0.00000E+00
      7.40000E-01      0.00000E+00      6.66560E+00      0.00000E+00
      7.40800E-01      0.00000E+00      6.49340E+00      0.00000E+00
      7.41600E-01      0.00000E+00      6.76050E+00      0.00000E+00
      7.42300E-01      0.00000E+00      6.84340E+00      0.00000E+00
      7.43100E-01      0.00000E+00      6.69540E+00      0.00000E+00
      7.43900E-01      0.00000E+00      6.68320E+00      0.00000E+00
      7.44700E-01      0.00000E+00      6.92740E+00      0.00000E+00
      7.45500E-01      0.00000E+00      6.91800E+00      0.00000E+00
      7.46300E-01      0.00000E+00      7.04490E+00      0.00000E+00
      7.47100E-01      0.00000E+00      7.08890E+00      0.00000E+00
      7.47900E-01      0.00000E+00      6.52490E+00      0.00000E+00
      7.48700E-01      0.00000E+00      7.06950E+00      0.00000E+00
      7.49500E-01      0.00000E+00      7.09690E+00      0.00000E+00
      7.50300E-01      0.00000E+00      7.09800E+00      0.00000E+00
      7.51100E-01      0.00000E+00      6.87480E+00      0.00000E+00
      7.51900E-01      0.00000E+00      6.88840E+00      0.00000E+00
      7.52700E-01      0.00000E+00      6.72230E+00      0.00000E+00
      7.53500E-01      0.00000E+00      6.87250E+00      0.00000E+00
      7.54300E-01      0.00000E+00      6.95850E+00      0.00000E+00
      7.55100E-01      0.00000E+00      6.58960E+00      0.00000E+00
      7.55900E-01      0.00000E+00      6.82880E+00      0.00000E+00
      7.56700E-01      0.00000E+00      6.72990E+00      0.00000E+00
      7.57500E-01      0.00000E+00      6.45410E+00      0.00000E+00
      7.58300E-01      0.00000E+00      6.67500E+00      0.00000E+00
      7.59100E-01      0.00000E+00      6.61240E+00      0.00000E+00
      7.59900E-01      0.00000E+00      6.65240E+00      0.00000E+00
      7.60800E-01      0.00000E+00      6.77740E+00      0.00000E+00
      7.61600E-01      0.00000E+00      6.90710E+00      0.00000E+00
      7.62400E-01      0.00000E+00      6.81880E+00      0.00000E+00
      7.63200E-01      0.00000E+00      6.70980E+00      0.00000E+00
      7.64000E-01      0.00000E+00      6.78990E+00      0.00000E+00
      7.64900E-01      0.00000E+00      6.57320E+00      0.00000E+00
      7.65700E-01      0.00000E+00      6.89950E+00      0.00000E+00
      7.66500E-01      0.00000E+00      6.62300E+00      0.00000E+00
      7.67300E-01      0.00000E+00      6.81130E+00      0.00000E+00
      7.68200E-01      0.00000E+00      6.97010E+00      0.00000E+00
      7.69000E-01      0.00000E+00      6.69980E+00      0.00000E+00
      7.69800E-01      0.00000E+00      6.72600E+00      0.00000E+00
      7.70600E-01      0.00000E+00      6.79240E+00      0.00000E+00
      7.71500E-01      0.00000E+00      6.44660E+00      0.00000E+00
      7.72300E-01      0.00000E+00      6.87820E+00      0.00000E+00
      7.73100E-01      0.00000E+00      6.66750E+00      0.00000E+00
      7.74000E-01      0.00000E+00      6.75680E+00      0.00000E+00
      7.74800E-01      0.00000E+00      6.76930E+00      0.00000E+00
      7.75700E-01      0.00000E+00      6.93080E+00      0.00000E+00
      7.76500E-01      0.00000E+00      7.17620E+00      0.00000E+00
      7.77300E-01      0.00000E+00      7.02720E+00      0.00000E+00
      7.78200E-01      0.00000E+00      6.79110E+00      0.00000E+00
      7.79000E-01      0.00000E+00      6.67950E+00      0.00000E+00
      7.79900E-01      0.00000E+00      6.69620E+00      0.00000E+00
      7.80700E-01      0.00000E+00      6.91400E+00      0.00000E+00
      7.81600E-01      0.00000E+00      7.05420E+00      0.00000E+00
      7.82400E-01      0.00000E+00      6.46280E+00      0.00000E+00
      7.83300E-01      0.00000E+00      6.69620E+00      0.00000E+00
      7.84100E-01      0.00000E+00      6.44980E+00      0.00000E+00
      7.85000E-01      0.00000E+00      6.72120E+00      0.00000E+00
      7.85800E-01      0.00000E+00      6.71560E+00      0.00000E+00
      7.86700E-01      0.00000E+00      6.79250E+00      0.00000E+00
      7.87600E-01      0.00000E+00      6.40960E+00      0.00000E+00
      7.88400E-01      0.00000E+00      6.53810E+00      0.00000E+00
      7.89300E-01      0.00000E+00      6.75970E+00      0.00000E+00
      7.90100E-01      0.00000E+00      6.93300E+00      0.00000E+00
      7.91000E-01      0.00000E+00      6.97800E+00      0.00000E+00
      7.91900E-01      0.00000E+00      6.64120E+00      0.00000E+00
      7.92700E-01      0.00000E+00      6.47380E+00      0.00000E+00
      7.93600E-01      0.00000E+00      7.14560E+00      0.00000E+00
      7.94500E-01      0.00000E+00      6.80880E+00      0.00000E+00
      7.95300E-01      0.00000E+00      6.65830E+00      0.00000E+00
      7.96200E-01      0.00000E+00      6.76840E+00      0.00000E+00
      7.97100E-01      0.00000E+00      6.89650E+00      0.00000E+00
      7.98000E-01      0.00000E+00      6.94430E+00      0.00000E+00
      7.98800E-01      0.00000E+00      7.00550E+00      0.00000E+00
      7.99700E-01      0.00000E+00      6.63290E+00      0.00000E+00
      8.00600E-01      0.00000E+00      7.08110E+00      0.00000E+00
      8.01500E-01      0.00000E+00      7.06070E+00      0.00000E+00
      8.02400E-01      0.00000E+00      7.13550E+00      0.00000E+00
      8.03300E-01      0.00000E+00      7.13690E+00      0.00000E+00
      8.04100E-01      0.00000E+00      6.68890E+00      0.00000E+00
      8.05000E-01      0.00000E+00      6.66940E+00      0.00000E+00
      8.05900E-01      0.00000E+00      6.95560E+00      0.00000E+00
      8.06800E-01      0.00000E+00      6.80050E+00      0.00000E+00
      8.07700E-01      0.00000E+00      6.83200E+00      0.00000E+00
      8.08600E-01      0.00000E+00      6.66580E+00      0.00000E+00
      8.09500E-01      0.00000E+00      6.90550E+00      0.00000E+00
      8.10400E-01      0.00000E+00      6.90830E+00      0.00000E+00
      8.11300E-01      0.00000E+00      6.64470E+00      0.00000E+00
      8.12200E-01      0.00000E+00      6.72490E+00      0.00000E+00
      8.13100E-01      0.00000E+00      6.69580E+00      0.00000E+00
      8.14000E-01      0.00000E+00      6.80610E+00      0.00000E+00
      8.14900E-01      0.00000E+00      6.45780E+00      0.00000E+00
      8.15800E-01      0.00000E+00      6.58340E+00      0.00000E+00
      8.16700E-01      0.00000E+00      6.60400E+00      0.00000E+00
      8.17600E-01      0.00000E+00      6.86680E+00      0.00000E+00
      8.18500E-01      0.00000E+00      7.04070E+00      0.00000E+00
      8.19400E-01      0.00000E+00      6.58340E+00      0.00000E+00
      8.20300E-01      0.00000E+00      6.95970E+00      0.00000E+00
      8.21200E-01      0.00000E+00      7.04020E+00      0.00000E+00
      8.22200E-01      0.00000E+00      6.82950E+00      0.00000E+00
      8.23100E-01      0.00000E+00      6.94920E+00      0.00000E+00
      8.24000E-01      0.00000E+00      6.89490E+00      0.00000E+00
      8.24900E-01      0.00000E+00      6.99280E+00      0.00000E+00
      8.25800E-01      0.00000E+00      6.69160E+00      0.00000E+00
      8.26800E-01      0.00000E+00      7.01200E+00      0.00000E+00
      8.27700E-01      0.00000E+00      6.91980E+00      0.00000E+00
      8.28600E-01      0.00000E+00      6.91970E+00      0.00000E+00
      8.29500E-01      0.00000E+00      7.14000E+00      0.00000E+00
      8.30500E-01      0.00000E+00      7.19520E+00      0.00000E+00
      8.31400E-01      0.00000E+00      6.97190E+00      0.00000E+00
      8.32300E-01      0.00000E+00      6.76630E+00      0.00000E+00
      8.33300E-01      0.00000E+00      7.17830E+00      0.00000E+00
      8.34200E-01      0.00000E+00      6.83430E+00      0.00000E+00
      8.35100E-01      0.00000E+00      6.83580E+00      0.00000E+00
      8.36100E-01      0.00000E+00      6.93070E+00      0.00000E+00
      8.37000E-01      0.00000E+00      6.78360E+00      0.00000E+00
      8.38000E-01      0.00000E+00      6.86980E+00      0.00000E+00
      8.38900E-01      0.00000E+00      7.01730E+00      0.00000E+00
      8.39900E-01      0.00000E+00      6.72020E+00      0.00000E+00
      8.40800E-01      0.00000E+00      6.58860E+00      0.00000E+00
      8.41800E-01      0.00000E+00      6.70310E+00      0.00000E+00
      8.42700E-01      0.00000E+00      6.88580E+00      0.00000E+00
      8.43700E-01      0.00000E+00      6.82270E+00      0.00000E+00
      8.44600E-01      0.00000E+00      6.92040E+00      0.00000E+00
      8.45600E-01      0.00000E+00      6.88300E+00      0.00000E+00
      8.46500E-01      0.00000E+00      6.60140E+00      0.00000E+00
      8.47500E-01      0.00000E+00      6.56480E+00      0.00000E+00
      8.48400E-01      0.00000E+00      6.59060E+00      0.00000E+00
      8.49400E-01      0.00000E+00      6.59170E+00      0.00000E+00
      8.50400E-01      0.00000E+00      6.59350E+00      0.00000E+00
      8.51300E-01      0.00000E+00      6.95630E+00      0.00000E+00
      8.52300E-01      0.00000E+00      7.05520E+00      0.00000E+00
      8.53300E-01      0.00000E+00      6.78320E+00      0.00000E+00
      8.54200E-01      0.00000E+00      6.76890E+00      0.00000E+00
      8.55200E-01      0.00000E+00      7.10390E+00      0.00000E+00
      8.56200E-01      0.00000E+00      6.86130E+00      0.00000E+00
      8.57200E-01      0.00000E+00      6.88440E+00      0.00000E+00
      8.58100E-01      0.00000E+00      6.94660E+00      0.00000E+00
      8.59100E-01      0.00000E+00      7.03370E+00      0.00000E+00
      8.60100E-01      0.00000E+00      6.88650E+00      0.00000E+00
      8.61100E-01      0.00000E+00      6.94030E+00      0.00000E+00
      8.62100E-01      0.00000E+00      7.01010E+00      0.00000E+00
      8.63000E-01      0.00000E+00      6.74170E+00      0.00000E+00
      8.64000E-01      0.00000E+00      6.86450E+00      0.00000E+00
      8.65000E-01      0.00000E+00      6.91190E+00      0.00000E+00
      8.66000E-01      0.00000E+00      6.77620E+00      0.00000E+00
      8.67000E-01      0.00000E+00      6.98890E+00      0.00000E+00
      8.68000E-01      0.00000E+00      6.76410E+00      0.00000E+00
      8.69000E-01      0.00000E+00      6.67040E+00      0.00000E+00
      8.70000E-01      0.00000E+00      6.78880E+00      0.00000E+00
      8.71000E-01      0.00000E+00      6.97930E+00      0.00000E+00
      8.72000E-01      0.00000E+00      6.75880E+00      0.00000E+00
      8.73000E-01      0.00000E+00      6.98340E+00      0.00000E+00
      8.74000E-01      0.00000E+00      6.68070E+00      0.00000E+00
      8.75000E-01      0.00000E+00      6.64980E+00      0.00000E+00
      8.76000E-01      0.00000E+00      7.06010E+00      0.00000E+00
      8.77000E-01      0.00000E+00      6.79070E+00      0.00000E+00
      8.78000E-01      0.00000E+00      6.47800E+00      0.00000E+00
      8.79000E-01      0.00000E+00      6.56340E+00      0.00000E+00
      8.80000E-01      0.00000E+00      6.78030E+00      0.00000E+00
      8.81100E-01      0.00000E+00      6.65840E+00      0.00000E+00
      8.82100E-01      0.00000E+00      6.86160E+00      0.00000E+00
      8.83100E-01      0.00000E+00      6.62010E+00      0.00000E+00
      8.84100E-01      0.00000E+00      6.67100E+00      0.00000E+00
      8.85100E-01      0.00000E+00      6.79460E+00      0.00000E+00
      8.86200E-01      0.00000E+00      7.08730E+00      0.00000E+00
      8.87200E-01      0.00000E+00      7.09130E+00      0.00000E+00
      8.88200E-01      0.00000E+00      6.94550E+00      0.00000E+00
      8.89300E-01      0.00000E+00      6.96920E+00      0.00000E+00
      8.90300E-01      0.00000E+00      7.13550E+00      0.00000E+00
      8.91300E-01      0.00000E+00      6.58590E+00      0.00000E+00
      8.92400E-01      0.00000E+00      6.69350E+00      0.00000E+00
      8.93400E-01      0.00000E+00      6.86200E+00      0.00000E+00
      8.94400E-01      0.00000E+00      7.01220E+00      0.00000E+00
      8.95500E-01      0.00000E+00      6.95280E+00      0.00000E+00
      8.96500E-01      0.00000E+00      6.84520E+00      0.00000E+00
      8.97600E-01      0.00000E+00      7.16300E+00      0.00000E+00
      8.98600E-01      0.00000E+00      6.85650E+00      0.00000E+00
      8.99700E-01      0.00000E+00      7.07070E+00      0.00000E+00
      9.00700E-01      0.00000E+00      7.03170E+00      0.00000E+00
      9.01800E-01      0.00000E+00      7.06150E+00      0.00000E+00
      9.02800E-01      0.00000E+00      6.92600E+00      0.00000E+00
      9.03900E-01      0.00000E+00      6.67260E+00      0.00000E+00
      9.04900E-01      0.00000E+00      6.79730E+00      0.00000E+00
      9.06000E-01      0.00000E+00      6.84360E+00      0.00000E+00
      9.07000E-01      0.00000E+00      6.77430E+00      0.00000E+00
      9.08100E-01      0.00000E+00      6.60650E+00      0.00000E+00
      9.09200E-01      0.00000E+00      6.87840E+00      0.00000E+00
      9.10200E-01      0.00000E+00      6.91560E+00      0.00000E+00
      9.11300E-01      0.00000E+00      6.88320E+00      0.00000E+00
      9.12400E-01      0.00000E+00      6.85960E+00      0.00000E+00
      9.13400E-01      0.00000E+00      6.53550E+00      0.00000E+00
      9.14500E-01      0.00000E+00      6.76550E+00      0.00000E+00
      9.15600E-01      0.00000E+00      6.80510E+00      0.00000E+00
      9.16700E-01      0.00000E+00      7.08170E+00      0.00000E+00
      9.17800E-01      0.00000E+00      6.92680E+00      0.00000E+00
      9.18800E-01      0.00000E+00      6.72890E+00      0.00000E+00
      9.19900E-01      0.00000E+00      7.05800E+00      0.00000E+00
      9.21000E-01      0.00000E+00      7.20420E+00      0.00000E+00
      9.22100E-01      0.00000E+00      6.96160E+00      0.00000E+00
      9.23200E-01      0.00000E+00      7.02210E+00      0.00000E+00
      9.24300E-01      0.00000E+00      6.87950E+00      0.00000E+00
      9.25400E-01      0.00000E+00      7.03980E+00      0.00000E+00
      9.26500E-01      0.00000E+00      6.86000E+00      0.00000E+00
      9.27600E-01      0.00000E+00      6.71950E+00      0.00000E+00
      9.28700E-01      0.00000E+00      6.67200E+00      0.00000E+00
      9.29800E-01      0.00000E+00      6.80330E+00      0.00000E+00
      9.30900E-01      0.00000E+00      6.78870E+00      0.00000E+00
      9.32000E-01      0.00000E+00      6.83610E+00      0.00000E+00
      9.33100E-01      0.00000E+00      6.99980E+00      0.00000E+00
      9.34200E-01      0.00000E+00      6.85820E+00      0.00000E+00
      9.35300E-01      0.00000E+00      6.86040E+00      0.00000E+00
      9.36400E-01      0.00000E+00      7.09940E+00      0.00000E+00
      9.37500E-01      0.00000E+00      7.15360E+00      0.00000E+00
      9.38600E-01      0.00000E+00      6.97080E+00      0.00000E+00
      9.39800E-01      0.00000E+00      6.99120E+00      0.00000E+00
      9.40900E-01      0.00000E+00      6.92330E+00      0.00000E+00
      9.42000E-01      0.00000E+00      7.06650E+00      0.00000E+00
      9.43100E-01      0.00000E+00      7.06950E+00      0.00000E+00
      9.44300E-01      0.00000E+00      6.91010E+00      0.00000E+00
      9.45400E-01      0.00000E+00      6.90390E+00      0.00000E+00
      9.46500E-01      0.00000E+00      6.82480E+00      0.00000E+00
      9.47600E-01      0.00000E+00      6.82650E+00      0.00000E+00
      9.48800E-01      0.00000E+00      6.80160E+00      0.00000E+00
      9.49900E-01      0.00000E+00      6.74360E+00      0.00000E+00
      9.51100E-01      0.00000E+00      6.77630E+00      0.00000E+00
      9.52200E-01      0.00000E+00      6.81840E+00      0.00000E+00
      9.53300E-01      0.00000E+00      7.11090E+00      0.00000E+00
      9.54500E-01      0.00000E+00      6.98080E+00      0.00000E+00
      9.55600E-01      0.00000E+00      6.87300E+00      0.00000E+00
      9.56800E-01      0.00000E+00      6.89500E+00      0.00000E+00
      9.57900E-01      0.00000E+00      6.92450E+00      0.00000E+00
      9.59100E-01      0.00000E+00      6.76000E+00      0.00000E+00
      9.60200E-01      0.00000E+00      6.69300E+00      0.00000E+00
      9.61400E-01      0.00000E+00      6.70870E+00      0.00000E+00
      9.62600E-01      0.00000E+00      6.67700E+00      0.00000E+00
      9.63700E-01      0.00000E+00      6.83260E+00      0.00000E+00
      9.64900E-01      0.00000E+00      6.70900E+00      0.00000E+00
      9.66100E-01      0.00000E+00      6.50770E+00      0.00000E+00
      9.67200E-01      0.00000E+00      6.89350E+00      0.00000E+00
      9.68400E-01      0.00000E+00      6.84930E+00      0.00000E+00
      9.69600E-01      0.00000E+00      6.89850E+00      0.00000E+00
      9.70700E-01      0.00000E+00      6.91240E+00      0.00000E+00
      9.71900E-01      0.00000E+00      7.26330E+00      0.00000E+00
      9.73100E-01      0.00000E+00      7.04310E+00      0.00000E+00
      9.74300E-01      0.00000E+00      7.10740E+00      0.00000E+00
      9.75500E-01      0.00000E+00      6.62000E+00      0.00000E+00
      9.76700E-01      0.00000E+00      6.89640E+00      0.00000E+00
      9.77800E-01      0.00000E+00      6.64910E+00      0.00000E+00
      9.79000E-01      0.00000E+00      6.82910E+00      0.00000E+00
      9.80200E-01      0.00000E+00      6.81910E+00      0.00000E+00
      9.81400E-01      0.00000E+00      6.84340E+00      0.00000E+00
      9.82600E-01      0.00000E+00      6.89980E+00      0.00000E+00
      9.83800E-01      0.00000E+00      7.13060E+00      0.00000E+00
      9.85000E-01      0.00000E+00      7.10490E+00      0.00000E+00
      9.86200E-01      0.00000E+00      6.84480E+00      0.00000E+00
      9.87400E-01      0.00000E+00      7.40590E+00      0.00000E+00
      9.88600E-01      0.00000E+00      7.51200E+00      0.00000E+00
      9.89800E-01      0.00000E+00      6.99030E+00      0.00000E+00
      9.91000E-01      0.00000E+00      6.76830E+00      0.00000E+00
      9.92300E-01      0.00000E+00      6.84300E+00      0.00000E+00
      9.93500E-01      0.00000E+00      6.87060E+00      0.00000E+00
      9.94700E-01      0.00000E+00      6.41940E+00      0.00000E+00
      9.95900E-01      0.00000E+00      6.29700E+00      0.00000E+00
      9.97100E-01      0.00000E+00      6.98890E+00      0.00000E+00
      9.98400E-01      0.00000E+00      6.82740E+00      0.00000E+00
      9.99600E-01      0.00000E+00      6.74460E+00      0.00000E+00
      1.00080E+00      0.00000E+00      6.96740E+00      0.00000E+00
      1.00210E+00      0.00000E+00      7.23420E+00      0.00000E+00
      1.00330E+00      0.00000E+00      7.25880E+00      0.00000E+00
      1.00450E+00      0.00000E+00      7.29480E+00      0.00000E+00
      1.00580E+00      0.00000E+00      7.23380E+00      0.00000E+00
      1.00700E+00      0.00000E+00      7.42020E+00      0.00000E+00
      1.00830E+00      0.00000E+00      7.04850E+00      0.00000E+00
      1.00950E+00      0.00000E+00      6.93040E+00      0.00000E+00
      1.01070E+00      0.00000E+00      6.59600E+00      0.00000E+00
      1.01200E+00      0.00000E+00      6.28780E+00      0.00000E+00
      1.01320E+00      0.00000E+00      6.38980E+00      0.00000E+00
      1.01450E+00      0.00000E+00      6.33290E+00      0.00000E+00
      1.01580E+00      0.00000E+00      6.47300E+00      0.00000E+00
      1.01700E+00      0.00000E+00      6.60210E+00      0.00000E+00
      1.01830E+00      0.00000E+00      6.92950E+00      0.00000E+00
      1.01950E+00      0.00000E+00      6.99750E+00      0.00000E+00
      1.02080E+00      0.00000E+00      7.15040E+00      0.00000E+00
      1.02210E+00      0.00000E+00      7.15350E+00      0.00000E+00
      1.02340E+00      0.00000E+00      7.25170E+00      0.00000E+00
      1.02460E+00      0.00000E+00      7.35930E+00      0.00000E+00
      1.02590E+00      0.00000E+00      7.29130E+00      0.00000E+00
      1.02720E+00      0.00000E+00      7.13980E+00      0.00000E+00
      1.02850E+00      0.00000E+00      7.01000E+00      0.00000E+00
      1.02970E+00      0.00000E+00      6.87130E+00      0.00000E+00
      1.03100E+00      0.00000E+00      6.64660E+00      0.00000E+00
      1.03230E+00      0.00000E+00      6.73610E+00      0.00000E+00
      1.03360E+00      0.00000E+00      6.57800E+00      0.00000E+00
      1.03490E+00      0.00000E+00      6.49710E+00      0.00000E+00
      1.03620E+00      0.00000E+00      6.64170E+00      0.00000E+00
      1.03750E+00      0.00000E+00      6.67540E+00      0.00000E+00
      1.03880E+00      0.00000E+00      6.80100E+00      0.00000E+00
      1.04010E+00      0.00000E+00      6.78860E+00      0.00000E+00
      1.04140E+00      0.00000E+00      6.96240E+00      0.00000E+00
      1.04270E+00      0.00000E+00      6.86540E+00      0.00000E+00
      1.04400E+00      0.00000E+00      7.05400E+00      0.00000E+00
      1.04530E+00      0.00000E+00      6.84610E+00      0.00000E+00
      1.04670E+00      0.00000E+00      7.03820E+00      0.00000E+00
      1.04800E+00      0.00000E+00      7.33380E+00      0.00000E+00
      1.04930E+00      0.00000E+00      7.07530E+00      0.00000E+00
      1.05060E+00      0.00000E+00      6.92160E+00      0.00000E+00
      1.05190E+00      0.00000E+00      7.06840E+00      0.00000E+00
      1.05330E+00      0.00000E+00      6.94680E+00      0.00000E+00
      1.05460E+00      0.00000E+00      6.95990E+00      0.00000E+00
      1.05590E+00      0.00000E+00      6.73640E+00      0.00000E+00
      1.05730E+00      0.00000E+00      6.71610E+00      0.00000E+00
      1.05860E+00      0.00000E+00      6.86380E+00      0.00000E+00
      1.05990E+00      0.00000E+00      6.91040E+00      0.00000E+00
      1.06130E+00      0.00000E+00      7.01670E+00      0.00000E+00
      1.06260E+00      0.00000E+00      6.98820E+00      0.00000E+00
      1.06400E+00      0.00000E+00      6.92460E+00      0.00000E+00
      1.06530E+00      0.00000E+00      7.03800E+00      0.00000E+00
      1.06670E+00      0.00000E+00      7.19040E+00      0.00000E+00
      1.06800E+00      0.00000E+00      6.97820E+00      0.00000E+00
      1.06940E+00      0.00000E+00      6.99580E+00      0.00000E+00
      1.07080E+00      0.00000E+00      7.03070E+00      0.00000E+00
      1.07210E+00      0.00000E+00      6.85790E+00      0.00000E+00
      1.07350E+00      0.00000E+00      7.13420E+00      0.00000E+00
      1.07490E+00      0.00000E+00      6.74300E+00      0.00000E+00
      1.07620E+00      0.00000E+00      7.19220E+00      0.00000E+00
      1.07760E+00      0.00000E+00      6.96740E+00      0.00000E+00
      1.07900E+00      0.00000E+00      6.77530E+00      0.00000E+00
      1.08040E+00      0.00000E+00      6.93320E+00      0.00000E+00
      1.08170E+00      0.00000E+00      6.92580E+00      0.00000E+00
      1.08310E+00      0.00000E+00      7.07110E+00      0.00000E+00
      1.08450E+00      0.00000E+00      7.06700E+00      0.00000E+00
      1.08590E+00      0.00000E+00      7.00800E+00      0.00000E+00
      1.08730E+00      0.00000E+00      7.10020E+00      0.00000E+00
      1.08870E+00      0.00000E+00      7.12140E+00      0.00000E+00
      1.09010E+00      0.00000E+00      7.02470E+00      0.00000E+00
      1.09150E+00      0.00000E+00      7.09640E+00      0.00000E+00
      1.09290E+00      0.00000E+00      6.83490E+00      0.00000E+00
      1.09430E+00      0.00000E+00      6.95280E+00      0.00000E+00
      1.09570E+00      0.00000E+00      6.95160E+00      0.00000E+00
      1.09710E+00      0.00000E+00      6.93480E+00      0.00000E+00
      1.09850E+00      0.00000E+00      7.06810E+00      0.00000E+00
      1.10000E+00      0.00000E+00      6.97140E+00      0.00000E+00
      1.10140E+00      0.00000E+00      6.92380E+00      0.00000E+00
      1.10280E+00      0.00000E+00      7.20770E+00      0.00000E+00
      1.10420E+00      0.00000E+00      7.20690E+00      0.00000E+00
      1.10560E+00      0.00000E+00      7.04190E+00      0.00000E+00
      1.10710E+00      0.00000E+00      7.17810E+00      0.00000E+00
      1.10850E+00      0.00000E+00      7.09310E+00      0.00000E+00
      1.10990E+00      0.00000E+00      6.87450E+00      0.00000E+00
      1.11140E+00      0.00000E+00      7.03380E+00      0.00000E+00
      1.11280E+00      0.00000E+00      6.88210E+00      0.00000E+00
      1.11430E+00      0.00000E+00      6.93480E+00      0.00000E+00
      1.11570E+00      0.00000E+00      6.83300E+00      0.00000E+00
      1.11720E+00      0.00000E+00      7.01300E+00      0.00000E+00
      1.11860E+00      0.00000E+00      7.00100E+00      0.00000E+00
      1.12010E+00      0.00000E+00      6.96190E+00      0.00000E+00
      1.12150E+00      0.00000E+00      7.39140E+00      0.00000E+00
      1.12300E+00      0.00000E+00      6.93220E+00      0.00000E+00
      1.12450E+00      0.00000E+00      7.15460E+00      0.00000E+00
      1.12590E+00      0.00000E+00      7.02620E+00      0.00000E+00
      1.12740E+00      0.00000E+00      7.11070E+00      0.00000E+00
      1.12890E+00      0.00000E+00      7.04460E+00      0.00000E+00
      1.13040E+00      0.00000E+00      6.93210E+00      0.00000E+00
      1.13180E+00      0.00000E+00      6.97000E+00      0.00000E+00
      1.13330E+00      0.00000E+00      7.17880E+00      0.00000E+00
      1.13480E+00      0.00000E+00      7.14460E+00      0.00000E+00
      1.13630E+00      0.00000E+00      7.07220E+00      0.00000E+00
      1.13780E+00      0.00000E+00      7.08440E+00      0.00000E+00
      1.13930E+00      0.00000E+00      7.04410E+00      0.00000E+00
      1.14080E+00      0.00000E+00      7.08080E+00      0.00000E+00
      1.14230E+00      0.00000E+00      6.99130E+00      0.00000E+00
      1.14380E+00      0.00000E+00      7.04110E+00      0.00000E+00
      1.14530E+00      0.00000E+00      6.93480E+00      0.00000E+00
      1.14680E+00      0.00000E+00      7.02050E+00      0.00000E+00
      1.14830E+00      0.00000E+00      7.16660E+00      0.00000E+00
      1.14980E+00      0.00000E+00      7.10200E+00      0.00000E+00
      1.15130E+00      0.00000E+00      6.93930E+00      0.00000E+00
      1.15280E+00      0.00000E+00      7.16370E+00      0.00000E+00
      1.15440E+00      0.00000E+00      6.94860E+00      0.00000E+00
      1.15590E+00      0.00000E+00      7.09000E+00      0.00000E+00
      1.15740E+00      0.00000E+00      7.00950E+00      0.00000E+00
      1.15890E+00      0.00000E+00      7.06550E+00      0.00000E+00
      1.16050E+00      0.00000E+00      6.83180E+00      0.00000E+00
      1.16200E+00      0.00000E+00      7.04730E+00      0.00000E+00
      1.16360E+00      0.00000E+00      7.16000E+00      0.00000E+00
      1.16510E+00      0.00000E+00      7.00860E+00      0.00000E+00
      1.16670E+00      0.00000E+00      7.14700E+00      0.00000E+00
      1.16820E+00      0.00000E+00      6.99040E+00      0.00000E+00
      1.16980E+00      0.00000E+00      7.05910E+00      0.00000E+00
      1.17130E+00      0.00000E+00      7.01980E+00      0.00000E+00
      1.17290E+00      0.00000E+00      6.99890E+00      0.00000E+00
      1.17440E+00      0.00000E+00      7.14640E+00      0.00000E+00
      1.17600E+00      0.00000E+00      7.21470E+00      0.00000E+00
      1.17760E+00      0.00000E+00      7.05840E+00      0.00000E+00
      1.17910E+00      0.00000E+00      7.15720E+00      0.00000E+00
      1.18070E+00      0.00000E+00      7.32870E+00      0.00000E+00
      1.18230E+00      0.00000E+00      6.95100E+00      0.00000E+00
      1.18390E+00      0.00000E+00      6.93600E+00      0.00000E+00
      1.18550E+00      0.00000E+00      6.79040E+00      0.00000E+00
      1.18710E+00      0.00000E+00      7.16740E+00      0.00000E+00
      1.18870E+00      0.00000E+00      7.17950E+00      0.00000E+00
      1.19030E+00      0.00000E+00      7.14490E+00      0.00000E+00
      1.19190E+00      0.00000E+00      7.24880E+00      0.00000E+00
      1.19340E+00      0.00000E+00      7.08180E+00      0.00000E+00
      1.19510E+00      0.00000E+00      7.00070E+00      0.00000E+00
      1.19670E+00      0.00000E+00      6.98310E+00      0.00000E+00
      1.19830E+00      0.00000E+00      6.99280E+00      0.00000E+00
      1.19990E+00      0.00000E+00      6.87390E+00      0.00000E+00
      1.20150E+00      0.00000E+00      7.11180E+00      0.00000E+00
      1.85260E+00      0.00000E+00      7.44510E+00      0.00000E+00
      1.85580E+00      0.00000E+00      7.42310E+00      0.00000E+00
      1.85900E+00      0.00000E+00      7.51140E+00      0.00000E+00
      1.86220E+00      0.00000E+00      7.32170E+00      0.00000E+00
      1.86540E+00      0.00000E+00      7.06360E+00      0.00000E+00
      1.86860E+00      0.00000E+00      7.38990E+00      0.00000E+00
      1.87180E+00      0.00000E+00      7.64220E+00      0.00000E+00
      1.87500E+00      0.00000E+00      7.20160E+00      0.00000E+00
      1.87820E+00      0.00000E+00      7.30750E+00      0.00000E+00
      1.88150E+00      0.00000E+00      7.59860E+00      0.00000E+00
      1.88470E+00      0.00000E+00      8.11390E+00      0.00000E+00
      1.88800E+00      0.00000E+00      7.71970E+00      0.00000E+00
      1.89130E+00      0.00000E+00      7.17630E+00      0.00000E+00
      1.89450E+00      0.00000E+00      7.12020E+00      0.00000E+00
      1.89780E+00      0.00000E+00      7.01040E+00      0.00000E+00
      1.90110E+00      0.00000E+00      7.48250E+00      0.00000E+00
      1.90440E+00      0.00000E+00      7.19520E+00      0.00000E+00
      1.90770E+00      0.00000E+00      7.36480E+00      0.00000E+00
      1.91100E+00      0.00000E+00      7.18170E+00      0.00000E+00
      1.91430E+00      0.00000E+00      7.41120E+00      0.00000E+00
      1.91770E+00      0.00000E+00      6.99360E+00      0.00000E+00
      1.92100E+00      0.00000E+00      7.38880E+00      0.00000E+00
      1.92440E+00      0.00000E+00      7.00480E+00      0.00000E+00
      1.92770E+00      0.00000E+00      6.94020E+00      0.00000E+00
      1.93110E+00      0.00000E+00      7.35020E+00      0.00000E+00
      1.93450E+00      0.00000E+00      7.31610E+00      0.00000E+00
      1.93780E+00      0.00000E+00      6.92700E+00      0.00000E+00
      1.94120E+00      0.00000E+00      7.33900E+00      0.00000E+00
      1.94460E+00      0.00000E+00      6.91630E+00      0.00000E+00
      1.94810E+00      0.00000E+00      7.30590E+00      0.00000E+00
      1.95150E+00      0.00000E+00      7.05270E+00      0.00000E+00
      1.95490E+00      0.00000E+00      7.35880E+00      0.00000E+00
      1.95830E+00      0.00000E+00      7.57810E+00      0.00000E+00
      1.96180E+00      0.00000E+00      7.26200E+00      0.00000E+00
      1.96530E+00      0.00000E+00      7.11580E+00      0.00000E+00
      1.96870E+00      0.00000E+00      7.27660E+00      0.00000E+00
      1.97220E+00      0.00000E+00      7.15560E+00      0.00000E+00
      1.97570E+00      0.00000E+00      7.34190E+00      0.00000E+00
      1.97920E+00      0.00000E+00      7.41290E+00      0.00000E+00
      1.98270E+00      0.00000E+00      7.07180E+00      0.00000E+00
      1.98620E+00      0.00000E+00      7.14830E+00      0.00000E+00
      1.98970E+00      0.00000E+00      6.97530E+00      0.00000E+00
      1.99320E+00      0.00000E+00      6.99730E+00      0.00000E+00
      1.99680E+00      0.00000E+00      7.21930E+00      0.00000E+00
      2.00030E+00      0.00000E+00      7.28710E+00      0.00000E+00
      2.00390E+00      0.00000E+00      6.93460E+00      0.00000E+00
      2.00750E+00      0.00000E+00      6.98500E+00      0.00000E+00
      2.01100E+00      0.00000E+00      6.97290E+00      0.00000E+00
      2.01460E+00      0.00000E+00      6.99490E+00      0.00000E+00
