# entry-subent-pointer  : G0078-004-0 
# EXFOR reaction        : (26-FE-56(G,TOT),,SIG,,,DERIV) 
# incident energy       : 8.0000e+00 MeV - 2.2000e+01 MeV 
# target                : Fe-56 
# product               : - 
# level energy          : - 
# MF-MT number          : 3 - 1 
# first author          : Jingo 
# institute             : (3SAFWIT): University of the Witwatersrand, Johannesburg 
# reference             : (J,EPJ/A,54,234,2018) 
# year                  : 2018 
# facility              : None 
# git                   : https://github.com/IAEA-NDS/exfor_master/blob/main/exforall/G00/G0078.x4 
# nds                   : https://nds.iaea.org/EXFOR/G0078
#
#       E_in(MeV)         dE_in(MeV)        XS(B)             dXS(B)
        8.0000E+00        0.0000E+00        0.0000E+00        0.0000E+00
        8.0400E+00        0.0000E+00        0.0000E+00        0.0000E+00
        8.0800E+00        0.0000E+00        0.0000E+00        0.0000E+00
        8.1200E+00        0.0000E+00        0.0000E+00        0.0000E+00
        8.1600E+00        0.0000E+00        0.0000E+00        0.0000E+00
        8.2000E+00        0.0000E+00        0.0000E+00        0.0000E+00
        8.2400E+00        0.0000E+00        0.0000E+00        0.0000E+00
        8.2800E+00        0.0000E+00        0.0000E+00        0.0000E+00
        8.3200E+00        0.0000E+00        0.0000E+00        0.0000E+00
        8.3600E+00        0.0000E+00        0.0000E+00        0.0000E+00
        8.4000E+00        0.0000E+00        0.0000E+00        0.0000E+00
        8.4400E+00        0.0000E+00        0.0000E+00        0.0000E+00
        8.4800E+00        0.0000E+00        0.0000E+00        0.0000E+00
        8.5200E+00        0.0000E+00        0.0000E+00        0.0000E+00
        8.5600E+00        0.0000E+00        0.0000E+00        0.0000E+00
        8.6000E+00        0.0000E+00        0.0000E+00        0.0000E+00
        8.6400E+00        0.0000E+00        0.0000E+00        0.0000E+00
        8.6800E+00        0.0000E+00        0.0000E+00        0.0000E+00
        8.7200E+00        0.0000E+00        0.0000E+00        0.0000E+00
        8.7600E+00        0.0000E+00        0.0000E+00        0.0000E+00
        8.8000E+00        0.0000E+00        0.0000E+00        0.0000E+00
        8.8400E+00        0.0000E+00        0.0000E+00        0.0000E+00
        8.8800E+00        0.0000E+00        0.0000E+00        0.0000E+00
        8.9200E+00        0.0000E+00        0.0000E+00        0.0000E+00
        8.9600E+00        0.0000E+00        0.0000E+00        0.0000E+00
        9.0000E+00        0.0000E+00        0.0000E+00        0.0000E+00
        9.0400E+00        0.0000E+00        0.0000E+00        0.0000E+00
        9.0800E+00        0.0000E+00        0.0000E+00        0.0000E+00
        9.1200E+00        0.0000E+00        0.0000E+00        0.0000E+00
        9.1600E+00        0.0000E+00        0.0000E+00        0.0000E+00
        9.2000E+00        0.0000E+00        0.0000E+00        0.0000E+00
        9.2400E+00        0.0000E+00        0.0000E+00        0.0000E+00
        9.2800E+00        0.0000E+00        0.0000E+00        0.0000E+00
        9.3200E+00        0.0000E+00        0.0000E+00        0.0000E+00
        9.3600E+00        0.0000E+00        0.0000E+00        0.0000E+00
        9.4000E+00        0.0000E+00        1.3320E-02        0.0000E+00
        9.4400E+00        0.0000E+00        8.9000E-03        0.0000E+00
        9.4800E+00        0.0000E+00        7.7567E-03        0.0000E+00
        9.5200E+00        0.0000E+00        8.8982E-03        0.0000E+00
        9.5600E+00        0.0000E+00        2.1655E-02        0.0000E+00
        9.6000E+00        0.0000E+00        1.7695E-02        0.0000E+00
        9.6400E+00        0.0000E+00        1.7625E-02        0.0000E+00
        9.6800E+00        0.0000E+00        6.0359E-03        0.0000E+00
        9.7200E+00        0.0000E+00        2.1959E-03        0.0000E+00
        9.7600E+00        0.0000E+00        9.9837E-03        0.0000E+00
        9.8000E+00        0.0000E+00        9.2944E-03        0.0000E+00
        9.8400E+00        0.0000E+00        4.5449E-03        0.0000E+00
        9.8800E+00        0.0000E+00        4.4904E-03        0.0000E+00
        9.9200E+00        0.0000E+00        1.1724E-02        0.0000E+00
        9.9600E+00        0.0000E+00        3.1382E-03        0.0000E+00
        1.0000E+01        0.0000E+00        7.9589E-03        0.0000E+00
        1.0040E+01        0.0000E+00        3.0369E-03        0.0000E+00
        1.0080E+01        0.0000E+00        6.0944E-03        0.0000E+00
        1.0120E+01        0.0000E+00        6.4728E-03        0.0000E+00
        1.0160E+01        0.0000E+00        5.6271E-03        0.0000E+00
        1.0200E+01        0.0000E+00        7.2984E-03        0.0000E+00
        1.0240E+01        0.0000E+00        2.9132E-03        0.0000E+00
        1.0280E+01        0.0000E+00        4.9502E-03        0.0000E+00
        1.0320E+01        0.0000E+00        1.5650E-02        0.0000E+00
        1.0360E+01        0.0000E+00        1.2838E-02        0.0000E+00
        1.0400E+01        0.0000E+00        1.2277E-02        0.0000E+00
        1.0440E+01        0.0000E+00        9.8367E-03        0.0000E+00
        1.0480E+01        0.0000E+00        1.3588E-02        0.0000E+00
        1.0520E+01        0.0000E+00        2.5022E-02        0.0000E+00
        1.0560E+01        0.0000E+00        1.0990E-02        0.0000E+00
        1.0600E+01        0.0000E+00        7.5721E-03        0.0000E+00
        1.0640E+01        0.0000E+00        5.6344E-03        0.0000E+00
        1.0680E+01        0.0000E+00        8.9270E-03        0.0000E+00
        1.0720E+01        0.0000E+00        8.8953E-03        0.0000E+00
        1.0760E+01        0.0000E+00        1.2919E-02        0.0000E+00
        1.0800E+01        0.0000E+00        1.1968E-02        0.0000E+00
        1.0840E+01        0.0000E+00        1.0990E-02        0.0000E+00
        1.0880E+01        0.0000E+00        1.1277E-02        0.0000E+00
        1.0920E+01        0.0000E+00        9.0360E-03        0.0000E+00
        1.0960E+01        0.0000E+00        8.3493E-03        0.0000E+00
        1.1000E+01        0.0000E+00        9.7048E-03        0.0000E+00
        1.1040E+01        0.0000E+00        1.1535E-02        0.0000E+00
        1.1080E+01        0.0000E+00        3.2396E-03        0.0000E+00
        1.1120E+01        0.0000E+00        6.0972E-03        0.0000E+00
        1.1160E+01        0.0000E+00        4.7419E-03        0.0000E+00
        1.1200E+01        0.0000E+00        4.2554E-03        0.0000E+00
        1.1240E+01        0.0000E+00        7.8216E-03        0.0000E+00
        1.1280E+01        0.0000E+00        8.0231E-03        0.0000E+00
        1.1320E+01        0.0000E+00        1.0612E-03        0.0000E+00
        1.1360E+01        0.0000E+00        4.1962E-03        0.0000E+00
        1.1400E+01        0.0000E+00        4.5825E-03        0.0000E+00
        1.1440E+01        0.0000E+00        3.2499E-03        0.0000E+00
        1.1480E+01        0.0000E+00        7.2157E-03        0.0000E+00
        1.1520E+01        0.0000E+00        7.1753E-03        0.0000E+00
        1.1560E+01        0.0000E+00        1.1415E-02        0.0000E+00
        1.1600E+01        0.0000E+00        1.8521E-02        0.0000E+00
        1.1640E+01        0.0000E+00        9.1352E-03        0.0000E+00
        1.1680E+01        0.0000E+00        1.0905E-02        0.0000E+00
        1.1720E+01        0.0000E+00        0.0000E+00        0.0000E+00
        1.1760E+01        0.0000E+00        6.2894E-03        0.0000E+00
        1.1800E+01        0.0000E+00        9.9262E-03        0.0000E+00
        1.1840E+01        0.0000E+00        7.3612E-03        0.0000E+00
        1.1880E+01        0.0000E+00        6.1148E-03        0.0000E+00
        1.1920E+01        0.0000E+00        1.3660E-03        0.0000E+00
        1.1960E+01        0.0000E+00        8.1380E-03        0.0000E+00
        1.2000E+01        0.0000E+00        2.6754E-03        0.0000E+00
        1.2040E+01        0.0000E+00        1.1371E-02        0.0000E+00
        1.2080E+01        0.0000E+00        8.0280E-03        0.0000E+00
        1.2120E+01        0.0000E+00        9.5272E-03        0.0000E+00
        1.2160E+01        0.0000E+00        1.1810E-02        0.0000E+00
        1.2200E+01        0.0000E+00        1.2053E-02        0.0000E+00
        1.2240E+01        0.0000E+00        1.0452E-02        0.0000E+00
        1.2280E+01        0.0000E+00        1.2581E-02        0.0000E+00
        1.2320E+01        0.0000E+00        5.9791E-03        0.0000E+00
        1.2360E+01        0.0000E+00        8.0728E-03        0.0000E+00
        1.2400E+01        0.0000E+00        1.2817E-02        0.0000E+00
        1.2440E+01        0.0000E+00        1.1274E-02        0.0000E+00
        1.2480E+01        0.0000E+00        1.1282E-02        0.0000E+00
        1.2520E+01        0.0000E+00        1.2164E-02        0.0000E+00
        1.2560E+01        0.0000E+00        1.2621E-02        0.0000E+00
        1.2600E+01        0.0000E+00        1.7306E-02        0.0000E+00
        1.2640E+01        0.0000E+00        3.6839E-02        0.0000E+00
        1.2680E+01        0.0000E+00        3.0761E-02        0.0000E+00
        1.2720E+01        0.0000E+00        2.0854E-02        0.0000E+00
        1.2760E+01        0.0000E+00        1.5192E-02        0.0000E+00
        1.2800E+01        0.0000E+00        1.1659E-02        0.0000E+00
        1.2840E+01        0.0000E+00        5.6880E-03        0.0000E+00
        1.2880E+01        0.0000E+00        1.6930E-02        0.0000E+00
        1.2920E+01        0.0000E+00        3.1898E-03        0.0000E+00
        1.2960E+01        0.0000E+00        1.2901E-02        0.0000E+00
        1.3000E+01        0.0000E+00        1.0383E-02        0.0000E+00
        1.3040E+01        0.0000E+00        1.5144E-02        0.0000E+00
        1.3080E+01        0.0000E+00        2.1237E-02        0.0000E+00
        1.3120E+01        0.0000E+00        2.0620E-02        0.0000E+00
        1.3160E+01        0.0000E+00        1.4242E-02        0.0000E+00
        1.3200E+01        0.0000E+00        1.4991E-02        0.0000E+00
        1.3240E+01        0.0000E+00        1.9355E-02        0.0000E+00
        1.3280E+01        0.0000E+00        9.4987E-03        0.0000E+00
        1.3320E+01        0.0000E+00        1.5306E-02        0.0000E+00
        1.3360E+01        0.0000E+00        2.6660E-02        0.0000E+00
        1.3400E+01        0.0000E+00        1.9795E-02        0.0000E+00
        1.3440E+01        0.0000E+00        1.6311E-02        0.0000E+00
        1.3480E+01        0.0000E+00        9.6447E-03        0.0000E+00
        1.3520E+01        0.0000E+00        1.7674E-02        0.0000E+00
        1.3560E+01        0.0000E+00        2.5450E-02        0.0000E+00
        1.3600E+01        0.0000E+00        1.6943E-02        0.0000E+00
        1.3640E+01        0.0000E+00        2.7623E-02        0.0000E+00
        1.3680E+01        0.0000E+00        3.8553E-02        0.0000E+00
        1.3720E+01        0.0000E+00        1.3721E-02        0.0000E+00
        1.3760E+01        0.0000E+00        2.0943E-02        0.0000E+00
        1.3800E+01        0.0000E+00        1.0006E-02        0.0000E+00
        1.3840E+01        0.0000E+00        1.6091E-02        0.0000E+00
        1.3880E+01        0.0000E+00        1.6047E-02        0.0000E+00
        1.3920E+01        0.0000E+00        2.4437E-02        0.0000E+00
        1.3960E+01        0.0000E+00        2.4818E-02        0.0000E+00
        1.4000E+01        0.0000E+00        2.6900E-02        0.0000E+00
        1.4040E+01        0.0000E+00        2.6659E-02        0.0000E+00
        1.4080E+01        0.0000E+00        2.1122E-02        0.0000E+00
        1.4120E+01        0.0000E+00        2.4572E-02        0.0000E+00
        1.4160E+01        0.0000E+00        2.1789E-02        0.0000E+00
        1.4200E+01        0.0000E+00        3.5245E-02        0.0000E+00
        1.4240E+01        0.0000E+00        2.8429E-02        0.0000E+00
        1.4280E+01        0.0000E+00        2.9458E-02        0.0000E+00
        1.4320E+01        0.0000E+00        1.9356E-02        0.0000E+00
        1.4360E+01        0.0000E+00        3.4592E-02        0.0000E+00
        1.4400E+01        0.0000E+00        2.6516E-02        0.0000E+00
        1.4440E+01        0.0000E+00        2.3645E-02        0.0000E+00
        1.4480E+01        0.0000E+00        3.2062E-02        0.0000E+00
        1.4520E+01        0.0000E+00        2.9067E-02        0.0000E+00
        1.4560E+01        0.0000E+00        4.1297E-02        0.0000E+00
        1.4600E+01        0.0000E+00        3.1680E-02        0.0000E+00
        1.4640E+01        0.0000E+00        3.0145E-02        0.0000E+00
        1.4680E+01        0.0000E+00        1.7725E-02        0.0000E+00
        1.4720E+01        0.0000E+00        3.1703E-02        0.0000E+00
        1.4760E+01        0.0000E+00        4.1018E-02        0.0000E+00
        1.4800E+01        0.0000E+00        3.9527E-02        0.0000E+00
        1.4840E+01        0.0000E+00        3.2870E-02        0.0000E+00
        1.4880E+01        0.0000E+00        3.2444E-02        0.0000E+00
        1.4920E+01        0.0000E+00        3.7944E-02        0.0000E+00
        1.4960E+01        0.0000E+00        4.1080E-02        0.0000E+00
        1.5000E+01        0.0000E+00        3.8369E-02        0.0000E+00
        1.5040E+01        0.0000E+00        4.2650E-02        0.0000E+00
        1.5080E+01        0.0000E+00        2.2070E-02        0.0000E+00
        1.5120E+01        0.0000E+00        4.0534E-02        0.0000E+00
        1.5160E+01        0.0000E+00        4.9678E-02        0.0000E+00
        1.5200E+01        0.0000E+00        4.6896E-02        0.0000E+00
        1.5240E+01        0.0000E+00        4.2525E-02        0.0000E+00
        1.5280E+01        0.0000E+00        2.7058E-02        0.0000E+00
        1.5320E+01        0.0000E+00        4.3652E-02        0.0000E+00
        1.5360E+01        0.0000E+00        4.7609E-02        0.0000E+00
        1.5400E+01        0.0000E+00        4.1675E-02        0.0000E+00
        1.5440E+01        0.0000E+00        5.6423E-02        0.0000E+00
        1.5480E+01        0.0000E+00        5.4634E-02        0.0000E+00
        1.5520E+01        0.0000E+00        4.9678E-02        0.0000E+00
        1.5560E+01        0.0000E+00        5.9436E-02        0.0000E+00
        1.5600E+01        0.0000E+00        4.0476E-02        0.0000E+00
        1.5640E+01        0.0000E+00        4.8679E-02        0.0000E+00
        1.5680E+01        0.0000E+00        5.2762E-02        0.0000E+00
        1.5720E+01        0.0000E+00        5.1108E-02        0.0000E+00
        1.5760E+01        0.0000E+00        5.7999E-02        0.0000E+00
        1.5800E+01        0.0000E+00        4.4001E-02        0.0000E+00
        1.5840E+01        0.0000E+00        5.1629E-02        0.0000E+00
        1.5880E+01        0.0000E+00        6.2912E-02        0.0000E+00
        1.5920E+01        0.0000E+00        5.1927E-02        0.0000E+00
        1.5960E+01        0.0000E+00        5.8960E-02        0.0000E+00
        1.6000E+01        0.0000E+00        4.1470E-02        0.0000E+00
        1.6040E+01        0.0000E+00        5.7436E-02        0.0000E+00
        1.6080E+01        0.0000E+00        6.4130E-02        0.0000E+00
        1.6120E+01        0.0000E+00        7.9080E-02        0.0000E+00
        1.6160E+01        0.0000E+00        6.7285E-02        0.0000E+00
        1.6200E+01        0.0000E+00        6.7158E-02        0.0000E+00
        1.6240E+01        0.0000E+00        5.6771E-02        0.0000E+00
        1.6280E+01        0.0000E+00        6.9888E-02        0.0000E+00
        1.6320E+01        0.0000E+00        7.7844E-02        0.0000E+00
        1.6360E+01        0.0000E+00        8.9579E-02        0.0000E+00
        1.6400E+01        0.0000E+00        9.0915E-02        0.0000E+00
        1.6440E+01        0.0000E+00        8.0401E-02        0.0000E+00
        1.6480E+01        0.0000E+00        8.4139E-02        0.0000E+00
        1.6520E+01        0.0000E+00        7.0959E-02        0.0000E+00
        1.6560E+01        0.0000E+00        7.6574E-02        0.0000E+00
        1.6600E+01        0.0000E+00        8.5192E-02        0.0000E+00
        1.6640E+01        0.0000E+00        7.3446E-02        0.0000E+00
        1.6680E+01        0.0000E+00        8.1073E-02        0.0000E+00
        1.6720E+01        0.0000E+00        7.0190E-02        0.0000E+00
        1.6760E+01        0.0000E+00        8.6899E-02        0.0000E+00
        1.6800E+01        0.0000E+00        7.1759E-02        0.0000E+00
        1.6840E+01        0.0000E+00        8.6121E-02        0.0000E+00
        1.6880E+01        0.0000E+00        9.2974E-02        0.0000E+00
        1.6920E+01        0.0000E+00        9.2683E-02        0.0000E+00
        1.6960E+01        0.0000E+00        7.2441E-02        0.0000E+00
        1.7000E+01        0.0000E+00        8.7331E-02        0.0000E+00
        1.7040E+01        0.0000E+00        1.0394E-01        0.0000E+00
        1.7080E+01        0.0000E+00        9.2430E-02        0.0000E+00
        1.7120E+01        0.0000E+00        1.1018E-01        0.0000E+00
        1.7160E+01        0.0000E+00        7.4299E-02        0.0000E+00
        1.7200E+01        0.0000E+00        8.2512E-02        0.0000E+00
        1.7240E+01        0.0000E+00        7.8276E-02        0.0000E+00
        1.7280E+01        0.0000E+00        8.5673E-02        0.0000E+00
        1.7320E+01        0.0000E+00        1.1055E-01        0.0000E+00
        1.7360E+01        0.0000E+00        8.9839E-02        0.0000E+00
        1.7400E+01        0.0000E+00        1.1535E-01        0.0000E+00
        1.7440E+01        0.0000E+00        6.8304E-02        0.0000E+00
        1.7480E+01        0.0000E+00        1.0367E-01        0.0000E+00
        1.7520E+01        0.0000E+00        8.5517E-02        0.0000E+00
        1.7560E+01        0.0000E+00        9.1683E-02        0.0000E+00
        1.7600E+01        0.0000E+00        8.4981E-02        0.0000E+00
        1.7640E+01        0.0000E+00        8.2567E-02        0.0000E+00
        1.7680E+01        0.0000E+00        6.1424E-02        0.0000E+00
        1.7720E+01        0.0000E+00        1.1258E-01        0.0000E+00
        1.7760E+01        0.0000E+00        1.0368E-01        0.0000E+00
        1.7800E+01        0.0000E+00        1.0208E-01        0.0000E+00
        1.7840E+01        0.0000E+00        6.1724E-02        0.0000E+00
        1.7880E+01        0.0000E+00        1.0650E-01        0.0000E+00
        1.7920E+01        0.0000E+00        8.3784E-02        0.0000E+00
        1.7960E+01        0.0000E+00        8.1617E-02        0.0000E+00
        1.8000E+01        0.0000E+00        1.0607E-01        0.0000E+00
        1.8040E+01        0.0000E+00        8.9724E-02        0.0000E+00
        1.8080E+01        0.0000E+00        8.5529E-02        0.0000E+00
        1.8120E+01        0.0000E+00        1.1670E-01        0.0000E+00
        1.8160E+01        0.0000E+00        9.9689E-02        0.0000E+00
        1.8200E+01        0.0000E+00        8.2458E-02        0.0000E+00
        1.8240E+01        0.0000E+00        6.3181E-02        0.0000E+00
        1.8280E+01        0.0000E+00        1.0719E-01        0.0000E+00
        1.8320E+01        0.0000E+00        1.1490E-01        0.0000E+00
        1.8360E+01        0.0000E+00        1.0254E-01        0.0000E+00
        1.8400E+01        0.0000E+00        1.0863E-01        0.0000E+00
        1.8440E+01        0.0000E+00        8.3220E-02        0.0000E+00
        1.8480E+01        0.0000E+00        9.3346E-02        0.0000E+00
        1.8520E+01        0.0000E+00        9.5048E-02        0.0000E+00
        1.8560E+01        0.0000E+00        7.9969E-02        0.0000E+00
        1.8600E+01        0.0000E+00        8.6978E-02        0.0000E+00
        1.8640E+01        0.0000E+00        1.0026E-01        0.0000E+00
        1.8680E+01        0.0000E+00        9.5469E-02        0.0000E+00
        1.8720E+01        0.0000E+00        8.3365E-02        0.0000E+00
        1.8760E+01        0.0000E+00        9.9437E-02        0.0000E+00
        1.8800E+01        0.0000E+00        9.5874E-02        0.0000E+00
        1.8840E+01        0.0000E+00        8.8532E-02        0.0000E+00
        1.8880E+01        0.0000E+00        1.1894E-02        0.0000E+00
        1.8920E+01        0.0000E+00        1.1026E-01        0.0000E+00
        1.8960E+01        0.0000E+00        1.0224E-01        0.0000E+00
        1.9000E+01        0.0000E+00        1.2907E-01        0.0000E+00
        1.9040E+01        0.0000E+00        1.0403E-01        0.0000E+00
        1.9080E+01        0.0000E+00        1.0793E-01        0.0000E+00
        1.9120E+01        0.0000E+00        7.5937E-02        0.0000E+00
        1.9160E+01        0.0000E+00        9.2476E-02        0.0000E+00
        1.9200E+01        0.0000E+00        1.1478E-01        0.0000E+00
        1.9240E+01        0.0000E+00        1.1860E-01        0.0000E+00
        1.9280E+01        0.0000E+00        1.1887E-01        0.0000E+00
        1.9320E+01        0.0000E+00        1.4229E-01        0.0000E+00
        1.9360E+01        0.0000E+00        1.1205E-01        0.0000E+00
        1.9400E+01        0.0000E+00        1.1870E-01        0.0000E+00
        1.9440E+01        0.0000E+00        1.2063E-01        0.0000E+00
        1.9480E+01        0.0000E+00        1.1579E-01        0.0000E+00
        1.9520E+01        0.0000E+00        1.0700E-01        0.0000E+00
        1.9560E+01        0.0000E+00        1.0650E-01        0.0000E+00
        1.9600E+01        0.0000E+00        1.2521E-01        0.0000E+00
        1.9640E+01        0.0000E+00        1.2260E-01        0.0000E+00
        1.9680E+01        0.0000E+00        1.1815E-01        0.0000E+00
        1.9720E+01        0.0000E+00        1.0330E-01        0.0000E+00
        1.9760E+01        0.0000E+00        1.0431E-01        0.0000E+00
        1.9800E+01        0.0000E+00        8.2356E-02        0.0000E+00
        1.9840E+01        0.0000E+00        1.0884E-01        0.0000E+00
        1.9880E+01        0.0000E+00        1.2608E-01        0.0000E+00
        1.9920E+01        0.0000E+00        1.5016E-01        0.0000E+00
        1.9960E+01        0.0000E+00        9.6862E-02        0.0000E+00
        2.0000E+01        0.0000E+00        9.5163E-02        0.0000E+00
        2.0040E+01        0.0000E+00        1.3802E-01        0.0000E+00
        2.0080E+01        0.0000E+00        7.3495E-02        0.0000E+00
        2.0120E+01        0.0000E+00        1.1379E-01        0.0000E+00
        2.0160E+01        0.0000E+00        1.0544E-01        0.0000E+00
        2.0200E+01        0.0000E+00        8.1171E-02        0.0000E+00
        2.0240E+01        0.0000E+00        1.1291E-01        0.0000E+00
        2.0280E+01        0.0000E+00        7.0756E-02        0.0000E+00
        2.0320E+01        0.0000E+00        1.0039E-01        0.0000E+00
        2.0360E+01        0.0000E+00        1.0621E-01        0.0000E+00
        2.0400E+01        0.0000E+00        9.6118E-02        0.0000E+00
        2.0440E+01        0.0000E+00        1.2045E-01        0.0000E+00
        2.0480E+01        0.0000E+00        6.6199E-02        0.0000E+00
        2.0520E+01        0.0000E+00        1.0166E-01        0.0000E+00
        2.0560E+01        0.0000E+00        9.8560E-02        0.0000E+00
        2.0600E+01        0.0000E+00        1.0161E-01        0.0000E+00
        2.0640E+01        0.0000E+00        7.6438E-02        0.0000E+00
        2.0680E+01        0.0000E+00        8.2208E-02        0.0000E+00
        2.0720E+01        0.0000E+00        1.2952E-01        0.0000E+00
        2.0760E+01        0.0000E+00        1.2669E-01        0.0000E+00
        2.0800E+01        0.0000E+00        1.2527E-01        0.0000E+00
        2.0840E+01        0.0000E+00        7.8453E-02        0.0000E+00
        2.0880E+01        0.0000E+00        4.9987E-02        0.0000E+00
        2.0920E+01        0.0000E+00        9.7476E-02        0.0000E+00
        2.0960E+01        0.0000E+00        8.4133E-02        0.0000E+00
        2.1000E+01        0.0000E+00        7.3672E-02        0.0000E+00
        2.1040E+01        0.0000E+00        1.1540E-01        0.0000E+00
        2.1080E+01        0.0000E+00        6.9116E-02        0.0000E+00
        2.1120E+01        0.0000E+00        1.0049E-01        0.0000E+00
        2.1160E+01        0.0000E+00        1.1922E-01        0.0000E+00
        2.1200E+01        0.0000E+00        9.5416E-02        0.0000E+00
        2.1240E+01        0.0000E+00        1.1794E-01        0.0000E+00
        2.1280E+01        0.0000E+00        9.5558E-02        0.0000E+00
        2.1320E+01        0.0000E+00        1.1407E-01        0.0000E+00
        2.1360E+01        0.0000E+00        1.1969E-01        0.0000E+00
        2.1400E+01        0.0000E+00        1.0647E-01        0.0000E+00
        2.1440E+01        0.0000E+00        8.5245E-02        0.0000E+00
        2.1480E+01        0.0000E+00        9.0377E-02        0.0000E+00
        2.1520E+01        0.0000E+00        6.9105E-02        0.0000E+00
        2.1560E+01        0.0000E+00        1.0719E-01        0.0000E+00
        2.1600E+01        0.0000E+00        9.9480E-02        0.0000E+00
        2.1640E+01        0.0000E+00        7.1194E-02        0.0000E+00
        2.1680E+01        0.0000E+00        9.7606E-02        0.0000E+00
        2.1720E+01        0.0000E+00        1.0917E-01        0.0000E+00
        2.1760E+01        0.0000E+00        7.5835E-02        0.0000E+00
        2.1800E+01        0.0000E+00        1.0809E-01        0.0000E+00
        2.1840E+01        0.0000E+00        1.1580E-01        0.0000E+00
        2.1880E+01        0.0000E+00        9.8346E-02        0.0000E+00
        2.1920E+01        0.0000E+00        7.0412E-02        0.0000E+00
        2.1960E+01        0.0000E+00        1.0248E-01        0.0000E+00
        2.2000E+01        0.0000E+00        9.8034E-02        0.0000E+00
