# entry-subent-pointer  : 10542-009-0 
# EXFOR reaction        : ['33-AS-75', ['N,TOT'], ',,SIG'] 
# incident energy       : 3.3900e-02 MeV - 6.3270e-01 MeV 
# target                : As-75 
# product               : - 
# level energy          : - 
# MF-MT number          : 3 - 1 
# first author          : W.F.E.Pineo 
# institute             : (1USATNL): Triangle Universities Nuclear Laboratory , Durham, NC 
# reference             : (J,AP,84,165,197405) 
# year                  : 1974 
# facility              : (VDG): Van de Graaff 
# git                   : https://github.com/IAEA-NDS/exfor_master/blob/main/exforall/105/10542.x4 
# nds                   : https://nds.iaea.org/EXFOR/10542
#
#       E_in(MeV)       dE_in(MeV)            XS(B)           dXS(B)
      3.39000E-02      0.00000E+00      9.60900E+00      0.00000E+00
      5.11800E-02      0.00000E+00      9.32300E+00      0.00000E+00
      6.06600E-02      0.00000E+00      9.04000E+00      0.00000E+00
      7.21900E-02      0.00000E+00      8.86100E+00      0.00000E+00
      7.78800E-02      0.00000E+00      8.68400E+00      0.00000E+00
      8.95300E-02      0.00000E+00      8.64600E+00      0.00000E+00
      9.72600E-02      0.00000E+00      8.57300E+00      0.00000E+00
      1.02900E-01      0.00000E+00      8.39600E+00      0.00000E+00
      1.10600E-01      0.00000E+00      8.28900E+00      0.00000E+00
      1.18300E-01      0.00000E+00      8.14600E+00      0.00000E+00
      1.28000E-01      0.00000E+00      8.07300E+00      0.00000E+00
      1.31900E-01      0.00000E+00      8.10700E+00      0.00000E+00
      1.39600E-01      0.00000E+00      8.03500E+00      0.00000E+00
      1.43400E-01      0.00000E+00      7.92900E+00      0.00000E+00
      1.51200E-01      0.00000E+00      7.89100E+00      0.00000E+00
      1.58900E-01      0.00000E+00      7.81900E+00      0.00000E+00
      1.60700E-01      0.00000E+00      7.64300E+00      0.00000E+00
      1.68600E-01      0.00000E+00      7.71100E+00      0.00000E+00
      1.76400E-01      0.00000E+00      7.74400E+00      0.00000E+00
      1.84200E-01      0.00000E+00      7.77600E+00      0.00000E+00
      1.92000E-01      0.00000E+00      7.73900E+00      0.00000E+00
      1.97800E-01      0.00000E+00      7.70200E+00      0.00000E+00
      2.05600E-01      0.00000E+00      7.73500E+00      0.00000E+00
      2.13300E-01      0.00000E+00      7.59200E+00      0.00000E+00
      2.24800E-01      0.00000E+00      7.48400E+00      0.00000E+00
      2.32400E-01      0.00000E+00      7.23600E+00      0.00000E+00
      2.44200E-01      0.00000E+00      7.30300E+00      0.00000E+00
      2.50000E-01      0.00000E+00      7.26600E+00      0.00000E+00
      2.61400E-01      0.00000E+00      6.98200E+00      0.00000E+00
      2.71200E-01      0.00000E+00      7.08500E+00      0.00000E+00
      2.75300E-01      0.00000E+00      7.22400E+00      0.00000E+00
      2.83200E-01      0.00000E+00      7.36200E+00      0.00000E+00
      2.88900E-01      0.00000E+00      7.18500E+00      0.00000E+00
      2.94600E-01      0.00000E+00      7.04300E+00      0.00000E+00
      3.04300E-01      0.00000E+00      7.00500E+00      0.00000E+00
      3.14000E-01      0.00000E+00      7.00200E+00      0.00000E+00
      3.19900E-01      0.00000E+00      7.00000E+00      0.00000E+00
      3.31500E-01      0.00000E+00      6.92700E+00      0.00000E+00
      3.39300E-01      0.00000E+00      6.95900E+00      0.00000E+00
      3.47100E-01      0.00000E+00      6.99200E+00      0.00000E+00
      3.54900E-01      0.00000E+00      6.99000E+00      0.00000E+00
      3.64500E-01      0.00000E+00      6.84700E+00      0.00000E+00
      3.76100E-01      0.00000E+00      6.70300E+00      0.00000E+00
      3.81800E-01      0.00000E+00      6.52600E+00      0.00000E+00
      3.91600E-01      0.00000E+00      6.66400E+00      0.00000E+00
      4.03500E-01      0.00000E+00      6.80000E+00      0.00000E+00
      4.13200E-01      0.00000E+00      6.76200E+00      0.00000E+00
      4.19100E-01      0.00000E+00      6.90100E+00      0.00000E+00
      4.30700E-01      0.00000E+00      6.79200E+00      0.00000E+00
      4.42500E-01      0.00000E+00      6.85900E+00      0.00000E+00
      4.54100E-01      0.00000E+00      6.82100E+00      0.00000E+00
      4.63700E-01      0.00000E+00      6.60700E+00      0.00000E+00
      4.71600E-01      0.00000E+00      6.71000E+00      0.00000E+00
      4.77300E-01      0.00000E+00      6.56800E+00      0.00000E+00
      4.87000E-01      0.00000E+00      6.56600E+00      0.00000E+00
      4.96800E-01      0.00000E+00      6.63300E+00      0.00000E+00
      5.00500E-01      0.00000E+00      6.45600E+00      0.00000E+00
      5.12200E-01      0.00000E+00      6.41800E+00      0.00000E+00
      5.23800E-01      0.00000E+00      6.37900E+00      0.00000E+00
      5.35600E-01      0.00000E+00      6.48100E+00      0.00000E+00
      5.45400E-01      0.00000E+00      6.51300E+00      0.00000E+00
      5.57100E-01      0.00000E+00      6.51000E+00      0.00000E+00
      5.70700E-01      0.00000E+00      6.47100E+00      0.00000E+00
      5.82400E-01      0.00000E+00      6.46800E+00      0.00000E+00
      5.90200E-01      0.00000E+00      6.46500E+00      0.00000E+00
      5.99800E-01      0.00000E+00      6.35700E+00      0.00000E+00
      6.09300E-01      0.00000E+00      6.07400E+00      0.00000E+00
      6.19100E-01      0.00000E+00      6.17600E+00      0.00000E+00
      6.32700E-01      0.00000E+00      6.13700E+00      0.00000E+00
