# entry-subent-pointer  : 21926--00-4-0 
# EXFOR reaction        : ['13-AL-27', ['N,TOT'], ',,SIG'] 
# incident energy       : 7.12e-04 MeV - 7.88e-02 MeV 
# target                : Al-27 
# product               : - 
# level energy          : - 
# MF-MT number          : 3 - 1 
# first author          : M.Ohkubo 
# institute             : (2JPNJAE): Japan Atomic Energy Agency (JAEA) 
# reference             : (R,JAERI-M-86-193,1987) 
# year                  : 1987 
# facility              : (LINAC): Linear accelerator 
# git                   : https://github.com/IAEA-NDS/exfor_master/blob/main/exforall/219/21926.x4 
# nds                   : https://nds.iaea.org/EXFOR/21926
#
#       E_in(MeV)       dE_in(MeV)            XS(B)           dXS(B)
      7.88080E-02      0.00000E+00      3.98700E+00      6.10000E-02
      7.72450E-02      0.00000E+00      2.96600E+00      4.50000E-02
      7.57280E-02      0.00000E+00      2.45200E+00      3.70000E-02
      7.42550E-02      0.00000E+00      2.02600E+00      3.40000E-02
      7.28250E-02      0.00000E+00      1.81200E+00      3.20000E-02
      7.14360E-02      0.00000E+00      1.60600E+00      3.20000E-02
      7.00860E-02      0.00000E+00      1.48800E+00      3.10000E-02
      6.87750E-02      0.00000E+00      1.46500E+00      3.10000E-02
      6.74990E-02      0.00000E+00      1.44000E+00      3.10000E-02
      6.62590E-02      0.00000E+00      1.37200E+00      3.20000E-02
      6.50530E-02      0.00000E+00      1.44400E+00      3.10000E-02
      6.38790E-02      0.00000E+00      1.38900E+00      3.10000E-02
      6.27370E-02      0.00000E+00      1.42600E+00      3.20000E-02
      6.16250E-02      0.00000E+00      1.47300E+00      3.20000E-02
      6.05420E-02      0.00000E+00      1.46700E+00      3.30000E-02
      5.94880E-02      0.00000E+00      1.51200E+00      3.30000E-02
      5.84610E-02      0.00000E+00      1.58100E+00      3.30000E-02
      5.74600E-02      0.00000E+00      1.66200E+00      3.40000E-02
      5.64850E-02      0.00000E+00      1.64100E+00      3.40000E-02
      5.55350E-02      0.00000E+00      1.75200E+00      3.40000E-02
      5.46080E-02      0.00000E+00      1.81500E+00      3.60000E-02
      5.37040E-02      0.00000E+00      1.86000E+00      3.70000E-02
      5.28230E-02      0.00000E+00      1.93100E+00      3.70000E-02
      5.19630E-02      0.00000E+00      2.04200E+00      3.80000E-02
      5.11240E-02      0.00000E+00      2.12800E+00      3.90000E-02
      5.03050E-02      0.00000E+00      2.27900E+00      4.00000E-02
      4.95050E-02      0.00000E+00      2.31500E+00      4.20000E-02
      4.87250E-02      0.00000E+00      2.40200E+00      4.20000E-02
      4.79630E-02      0.00000E+00      2.65400E+00      4.50000E-02
      4.72180E-02      0.00000E+00      2.71500E+00      4.60000E-02
      4.64910E-02      0.00000E+00      2.76800E+00      4.80000E-02
      4.57800E-02      0.00000E+00      2.94700E+00      5.00000E-02
      4.50860E-02      0.00000E+00      3.24400E+00      5.30000E-02
      4.44070E-02      0.00000E+00      3.49300E+00      5.70000E-02
      4.37440E-02      0.00000E+00      3.59900E+00      5.90000E-02
      4.30950E-02      0.00000E+00      3.84000E+00      6.40000E-02
      4.24600E-02      0.00000E+00      4.15500E+00      7.20000E-02
      3.18200E-02      0.00000E+00      4.89700E+00      9.10000E-02
      3.14170E-02      0.00000E+00      2.90500E+00      5.20000E-02
      3.10210E-02      0.00000E+00      2.19200E+00      4.60000E-02
      3.06330E-02      0.00000E+00      1.80600E+00      4.20000E-02
      3.02520E-02      0.00000E+00      1.43100E+00      3.90000E-02
      2.98790E-02      0.00000E+00      1.21300E+00      3.80000E-02
      2.95120E-02      0.00000E+00      9.83000E-01      3.70000E-02
      2.91510E-02      0.00000E+00      8.54000E-01      3.60000E-02
      2.87980E-02      0.00000E+00      7.74000E-01      3.60000E-02
      2.84500E-02      0.00000E+00      7.16000E-01      3.50000E-02
      2.81090E-02      0.00000E+00      7.82000E-01      3.50000E-02
      2.77750E-02      0.00000E+00      7.32000E-01      3.50000E-02
      2.74460E-02      0.00000E+00      6.27000E-01      3.50000E-02
      2.71220E-02      0.00000E+00      5.51000E-01      3.40000E-02
      2.68050E-02      0.00000E+00      4.69000E-01      3.50000E-02
      2.64930E-02      0.00000E+00      5.18000E-01      3.40000E-02
      2.61860E-02      0.00000E+00      4.73000E-01      3.40000E-02
      2.58850E-02      0.00000E+00      4.75000E-01      3.40000E-02
      2.55890E-02      0.00000E+00      5.18000E-01      3.50000E-02
      2.52980E-02      0.00000E+00      5.64000E-01      3.50000E-02
      2.50120E-02      0.00000E+00      5.11000E-01      3.50000E-02
      2.47310E-02      0.00000E+00      5.53000E-01      3.50000E-02
      2.44540E-02      0.00000E+00      4.55000E-01      3.50000E-02
      2.41820E-02      0.00000E+00      4.89000E-01      3.50000E-02
      2.39150E-02      0.00000E+00      5.40000E-01      3.50000E-02
      2.36520E-02      0.00000E+00      6.05000E-01      3.50000E-02
      2.33930E-02      0.00000E+00      4.98000E-01      3.60000E-02
      2.31380E-02      0.00000E+00      5.50000E-01      3.60000E-02
      2.28880E-02      0.00000E+00      5.12000E-01      3.60000E-02
      2.26420E-02      0.00000E+00      6.57000E-01      3.60000E-02
      2.23990E-02      0.00000E+00      5.26000E-01      3.60000E-02
      2.21610E-02      0.00000E+00      5.56000E-01      3.60000E-02
      2.19260E-02      0.00000E+00      6.01000E-01      3.60000E-02
      2.16950E-02      0.00000E+00      6.06000E-01      3.60000E-02
      2.14680E-02      0.00000E+00      6.24000E-01      3.80000E-02
      2.12440E-02      0.00000E+00      6.16000E-01      3.80000E-02
      2.10240E-02      0.00000E+00      6.59000E-01      3.70000E-02
      2.08070E-02      0.00000E+00      6.14000E-01      3.70000E-02
      2.05930E-02      0.00000E+00      6.48000E-01      3.70000E-02
      2.03830E-02      0.00000E+00      6.11000E-01      3.70000E-02
      2.01760E-02      0.00000E+00      6.58000E-01      3.80000E-02
      1.99720E-02      0.00000E+00      6.77000E-01      3.70000E-02
      1.97710E-02      0.00000E+00      6.77000E-01      3.80000E-02
      1.95730E-02      0.00000E+00      6.99000E-01      3.80000E-02
      1.93780E-02      0.00000E+00      7.42000E-01      3.70000E-02
      1.91860E-02      0.00000E+00      6.62000E-01      3.80000E-02
      1.89970E-02      0.00000E+00      7.49000E-01      3.80000E-02
      1.88110E-02      0.00000E+00      7.53000E-01      3.80000E-02
      1.86270E-02      0.00000E+00      7.25000E-01      3.80000E-02
      1.84460E-02      0.00000E+00      7.05000E-01      3.90000E-02
      1.82680E-02      0.00000E+00      8.02000E-01      3.80000E-02
      1.80920E-02      0.00000E+00      6.90000E-01      3.90000E-02
      1.79190E-02      0.00000E+00      7.87000E-01      3.90000E-02
      1.77480E-02      0.00000E+00      7.65000E-01      3.90000E-02
      1.75800E-02      0.00000E+00      7.13000E-01      4.00000E-02
      1.74140E-02      0.00000E+00      8.25000E-01      3.90000E-02
      1.72500E-02      0.00000E+00      8.63000E-01      3.90000E-02
      1.70890E-02      0.00000E+00      8.61000E-01      3.90000E-02
      1.69300E-02      0.00000E+00      9.17000E-01      3.90000E-02
      1.67730E-02      0.00000E+00      8.09000E-01      4.20000E-02
      1.66180E-02      0.00000E+00      7.48000E-01      4.10000E-02
      1.64660E-02      0.00000E+00      8.50000E-01      4.00000E-02
      1.63150E-02      0.00000E+00      8.63000E-01      4.00000E-02
      1.61670E-02      0.00000E+00      6.91000E-01      4.20000E-02
      1.60200E-02      0.00000E+00      8.87000E-01      4.00000E-02
      1.58760E-02      0.00000E+00      8.35000E-01      4.10000E-02
      1.57330E-02      0.00000E+00      8.45000E-01      4.00000E-02
      1.55930E-02      0.00000E+00      9.02000E-01      4.00000E-02
      1.54540E-02      0.00000E+00      8.30000E-01      4.10000E-02
      1.53170E-02      0.00000E+00      8.30000E-01      4.10000E-02
      1.51820E-02      0.00000E+00      9.39000E-01      4.10000E-02
      1.50490E-02      0.00000E+00      9.39000E-01      4.10000E-02
      1.49170E-02      0.00000E+00      8.83000E-01      4.10000E-02
      1.47880E-02      0.00000E+00      8.76000E-01      4.20000E-02
      1.46590E-02      0.00000E+00      9.60000E-01      4.10000E-02
      1.45330E-02      0.00000E+00      8.97000E-01      4.20000E-02
      1.44080E-02      0.00000E+00      9.52000E-01      4.10000E-02
      1.42850E-02      0.00000E+00      9.42000E-01      4.20000E-02
      1.41630E-02      0.00000E+00      9.71000E-01      4.20000E-02
      1.40430E-02      0.00000E+00      9.27000E-01      4.20000E-02
      1.39250E-02      0.00000E+00      9.14000E-01      4.20000E-02
      1.38080E-02      0.00000E+00      9.62000E-01      4.20000E-02
      1.36920E-02      0.00000E+00      9.06000E-01      4.30000E-02
      1.35780E-02      0.00000E+00      9.55000E-01      4.20000E-02
      1.34650E-02      0.00000E+00      9.48000E-01      4.20000E-02
      1.33540E-02      0.00000E+00      1.03300E+00      4.20000E-02
      1.32440E-02      0.00000E+00      9.17000E-01      4.30000E-02
      1.31350E-02      0.00000E+00      1.03000E+00      4.20000E-02
      1.30280E-02      0.00000E+00      9.80000E-01      4.30000E-02
      1.29220E-02      0.00000E+00      9.64000E-01      4.30000E-02
      1.28170E-02      0.00000E+00      9.71000E-01      4.30000E-02
      1.27140E-02      0.00000E+00      1.00600E+00      4.30000E-02
      1.26110E-02      0.00000E+00      9.61000E-01      4.30000E-02
      1.25110E-02      0.00000E+00      9.79000E-01      4.30000E-02
      1.24110E-02      0.00000E+00      1.01800E+00      4.30000E-02
      1.23120E-02      0.00000E+00      9.63000E-01      4.40000E-02
      1.22150E-02      0.00000E+00      9.17000E-01      4.30000E-02
      1.21190E-02      0.00000E+00      9.47000E-01      4.30000E-02
      1.20230E-02      0.00000E+00      9.73000E-01      4.40000E-02
      1.19300E-02      0.00000E+00      9.64000E-01      4.40000E-02
      1.18370E-02      0.00000E+00      9.91000E-01      4.50000E-02
      1.17450E-02      0.00000E+00      9.99000E-01      4.40000E-02
      1.16540E-02      0.00000E+00      1.00300E+00      4.50000E-02
      1.15640E-02      0.00000E+00      1.05600E+00      4.40000E-02
      1.14760E-02      0.00000E+00      9.58000E-01      4.50000E-02
      1.13880E-02      0.00000E+00      9.85000E-01      4.50000E-02
      1.13010E-02      0.00000E+00      1.00400E+00      4.40000E-02
      1.12160E-02      0.00000E+00      1.04800E+00      4.40000E-02
      1.11310E-02      0.00000E+00      1.10000E+00      4.50000E-02
      1.10470E-02      0.00000E+00      1.01600E+00      4.50000E-02
      1.09640E-02      0.00000E+00      1.00200E+00      4.50000E-02
      1.08830E-02      0.00000E+00      1.01000E+00      4.50000E-02
      1.08020E-02      0.00000E+00      1.08400E+00      4.50000E-02
      1.07220E-02      0.00000E+00      1.05500E+00      4.50000E-02
      1.06420E-02      0.00000E+00      1.06100E+00      4.50000E-02
      1.05640E-02      0.00000E+00      1.01400E+00      4.50000E-02
      1.04870E-02      0.00000E+00      1.07400E+00      4.50000E-02
      1.04100E-02      0.00000E+00      9.34000E-01      4.50000E-02
      1.03340E-02      0.00000E+00      1.06500E+00      4.60000E-02
      1.02590E-02      0.00000E+00      1.03700E+00      4.50000E-02
      1.01850E-02      0.00000E+00      1.06700E+00      4.60000E-02
      1.01120E-02      0.00000E+00      1.10000E+00      4.60000E-02
      1.00390E-02      0.00000E+00      1.07700E+00      4.60000E-02
      9.96770E-03      0.00000E+00      1.16700E+00      4.60000E-02
      9.89670E-03      0.00000E+00      1.07200E+00      4.60000E-02
      9.82650E-03      0.00000E+00      1.13300E+00      4.60000E-02
      9.75700E-03      0.00000E+00      1.02300E+00      4.60000E-02
      9.68830E-03      0.00000E+00      1.12100E+00      4.60000E-02
      9.62030E-03      0.00000E+00      1.04800E+00      4.60000E-02
      9.55290E-03      0.00000E+00      1.09200E+00      4.70000E-02
      9.48630E-03      0.00000E+00      1.13000E+00      4.70000E-02
      9.42040E-03      0.00000E+00      1.06000E+00      4.60000E-02
      9.35520E-03      0.00000E+00      1.22500E+00      4.60000E-02
      9.29070E-03      0.00000E+00      1.12900E+00      4.60000E-02
      9.22680E-03      0.00000E+00      1.08700E+00      4.70000E-02
      9.16350E-03      0.00000E+00      1.11100E+00      4.70000E-02
      9.10090E-03      0.00000E+00      1.09900E+00      4.70000E-02
      9.03900E-03      0.00000E+00      1.09600E+00      4.70000E-02
      8.97770E-03      0.00000E+00      1.16000E+00      4.70000E-02
      8.91700E-03      0.00000E+00      1.12100E+00      4.70000E-02
      8.85690E-03      0.00000E+00      1.13800E+00      4.70000E-02
      8.79750E-03      0.00000E+00      1.15800E+00      4.70000E-02
      8.73860E-03      0.00000E+00      1.17700E+00      4.70000E-02
      8.68030E-03      0.00000E+00      1.17100E+00      4.70000E-02
      8.62260E-03      0.00000E+00      1.22300E+00      4.70000E-02
      8.56550E-03      0.00000E+00      1.10500E+00      4.70000E-02
      8.50890E-03      0.00000E+00      1.08200E+00      4.80000E-02
      8.45290E-03      0.00000E+00      1.10800E+00      4.80000E-02
      8.39740E-03      0.00000E+00      1.17300E+00      4.80000E-02
      8.34250E-03      0.00000E+00      1.14400E+00      4.90000E-02
      8.28810E-03      0.00000E+00      1.21900E+00      4.80000E-02
      8.23430E-03      0.00000E+00      1.12700E+00      4.80000E-02
      8.18100E-03      0.00000E+00      1.11200E+00      4.80000E-02
      8.12820E-03      0.00000E+00      1.09700E+00      4.90000E-02
      8.07590E-03      0.00000E+00      1.22900E+00      4.80000E-02
      8.02410E-03      0.00000E+00      1.17700E+00      4.90000E-02
      7.97280E-03      0.00000E+00      1.14600E+00      4.90000E-02
      7.92200E-03      0.00000E+00      1.17500E+00      4.80000E-02
      7.87170E-03      0.00000E+00      1.21200E+00      4.90000E-02
      7.82180E-03      0.00000E+00      1.16000E+00      4.80000E-02
      7.77240E-03      0.00000E+00      1.15500E+00      4.90000E-02
      7.72350E-03      0.00000E+00      1.21600E+00      4.90000E-02
      7.67510E-03      0.00000E+00      1.21500E+00      4.90000E-02
      7.62710E-03      0.00000E+00      1.18100E+00      4.90000E-02
      7.57950E-03      0.00000E+00      1.26900E+00      4.80000E-02
      7.53240E-03      0.00000E+00      1.20300E+00      4.90000E-02
      7.48580E-03      0.00000E+00      1.21300E+00      4.90000E-02
      7.43950E-03      0.00000E+00      1.09000E+00      4.90000E-02
      7.39380E-03      0.00000E+00      1.15900E+00      4.90000E-02
      7.34840E-03      0.00000E+00      1.18900E+00      5.00000E-02
      7.30340E-03      0.00000E+00      1.15500E+00      5.00000E-02
      7.25880E-03      0.00000E+00      1.24200E+00      4.90000E-02
      7.21470E-03      0.00000E+00      1.19100E+00      5.00000E-02
      7.17100E-03      0.00000E+00      1.20800E+00      5.00000E-02
      7.12760E-03      0.00000E+00      1.20800E+00      5.00000E-02
      7.08470E-03      0.00000E+00      1.23800E+00      5.00000E-02
      7.04210E-03      0.00000E+00      1.24400E+00      5.00000E-02
      6.99990E-03      0.00000E+00      1.23200E+00      4.90000E-02
      6.95810E-03      0.00000E+00      1.21000E+00      5.00000E-02
      6.91670E-03      0.00000E+00      1.21000E+00      5.00000E-02
      6.87560E-03      0.00000E+00      1.19200E+00      5.00000E-02
      6.83490E-03      0.00000E+00      1.21600E+00      4.90000E-02
      6.79450E-03      0.00000E+00      1.17600E+00      5.00000E-02
      6.75450E-03      0.00000E+00      1.21500E+00      5.00000E-02
      6.71490E-03      0.00000E+00      1.13100E+00      5.00000E-02
      6.67560E-03      0.00000E+00      1.18000E+00      5.00000E-02
      6.63670E-03      0.00000E+00      1.18900E+00      5.00000E-02
      6.59810E-03      0.00000E+00      1.33000E+00      5.00000E-02
      6.55980E-03      0.00000E+00      1.15500E+00      5.10000E-02
      6.52190E-03      0.00000E+00      1.20500E+00      5.10000E-02
      6.48430E-03      0.00000E+00      1.21700E+00      5.10000E-02
      6.44700E-03      0.00000E+00      1.23900E+00      5.20000E-02
      6.41000E-03      0.00000E+00      1.34600E+00      5.20000E-02
      6.37340E-03      0.00000E+00      1.26300E+00      5.10000E-02
      6.33710E-03      0.00000E+00      1.16000E+00      5.10000E-02
      6.30100E-03      0.00000E+00      1.29600E+00      5.10000E-02
      6.26530E-03      0.00000E+00      1.34600E+00      5.10000E-02
      6.22990E-03      0.00000E+00      1.25900E+00      5.20000E-02
      6.19480E-03      0.00000E+00      1.32800E+00      5.20000E-02
      6.16000E-03      0.00000E+00      1.28300E+00      5.30000E-02
      6.12550E-03      0.00000E+00      1.32100E+00      5.20000E-02
      6.09120E-03      0.00000E+00      1.52300E+00      5.30000E-02
      6.05730E-03      0.00000E+00      1.56400E+00      5.50000E-02
      6.02360E-03      0.00000E+00      1.73000E+00      5.60000E-02
      5.99020E-03      0.00000E+00      2.19600E+00      6.30000E-02
      5.95710E-03      0.00000E+00      3.31500E+00      8.30000E-02
      5.92430E-03      0.00000E+00      5.33800E+00      1.86000E-01
      5.89170E-03      0.00000E+00      5.29600E+00      2.41000E-01
      5.85940E-03      0.00000E+00      4.47900E+00      1.18000E-01
      5.82740E-03      0.00000E+00      2.94600E+00      7.00000E-02
      5.79560E-03      0.00000E+00      1.89800E+00      5.90000E-02
      5.76410E-03      0.00000E+00      1.64400E+00      5.60000E-02
      5.73280E-03      0.00000E+00      1.54400E+00      5.50000E-02
      5.70180E-03      0.00000E+00      1.32800E+00      5.40000E-02
      5.67110E-03      0.00000E+00      1.34800E+00      5.30000E-02
      5.64060E-03      0.00000E+00      1.35500E+00      5.30000E-02
      5.61030E-03      0.00000E+00      1.40500E+00      5.30000E-02
      5.58030E-03      0.00000E+00      1.26500E+00      5.30000E-02
      5.55050E-03      0.00000E+00      1.33400E+00      5.20000E-02
      5.52100E-03      0.00000E+00      1.43000E+00      5.30000E-02
      5.49170E-03      0.00000E+00      1.16100E+00      5.30000E-02
      5.46260E-03      0.00000E+00      1.27200E+00      5.20000E-02
      5.43380E-03      0.00000E+00      1.25900E+00      5.30000E-02
      5.40520E-03      0.00000E+00      1.17500E+00      5.30000E-02
      5.37680E-03      0.00000E+00      1.26500E+00      5.30000E-02
      5.34870E-03      0.00000E+00      1.32500E+00      5.20000E-02
      5.32070E-03      0.00000E+00      1.24000E+00      5.30000E-02
      5.29300E-03      0.00000E+00      1.25700E+00      5.30000E-02
      5.26550E-03      0.00000E+00      1.24200E+00      5.20000E-02
      5.23820E-03      0.00000E+00      1.25200E+00      5.20000E-02
      5.21110E-03      0.00000E+00      1.20800E+00      5.20000E-02
      5.18420E-03      0.00000E+00      1.20900E+00      5.30000E-02
      5.15760E-03      0.00000E+00      1.23900E+00      5.30000E-02
      5.13110E-03      0.00000E+00      1.27900E+00      5.20000E-02
      5.10480E-03      0.00000E+00      1.24100E+00      5.30000E-02
      5.07880E-03      0.00000E+00      1.22600E+00      5.30000E-02
      5.05290E-03      0.00000E+00      1.25600E+00      5.30000E-02
      5.02730E-03      0.00000E+00      1.27700E+00      5.20000E-02
      5.00180E-03      0.00000E+00      1.25000E+00      5.30000E-02
      4.97650E-03      0.00000E+00      1.24800E+00      5.40000E-02
      4.95150E-03      0.00000E+00      1.28600E+00      5.30000E-02
      4.92660E-03      0.00000E+00      1.27500E+00      5.30000E-02
      4.90190E-03      0.00000E+00      1.24900E+00      5.30000E-02
      4.87730E-03      0.00000E+00      1.21800E+00      5.40000E-02
      4.85300E-03      0.00000E+00      1.28000E+00      5.40000E-02
      4.82890E-03      0.00000E+00      1.30100E+00      5.30000E-02
      4.80490E-03      0.00000E+00      1.22200E+00      5.30000E-02
      4.78110E-03      0.00000E+00      1.29000E+00      5.30000E-02
      4.75750E-03      0.00000E+00      1.22500E+00      5.40000E-02
      4.73400E-03      0.00000E+00      1.26600E+00      5.40000E-02
      4.71080E-03      0.00000E+00      1.38000E+00      5.40000E-02
      4.68770E-03      0.00000E+00      1.27500E+00      5.40000E-02
      4.66470E-03      0.00000E+00      1.28200E+00      5.40000E-02
      4.64200E-03      0.00000E+00      1.26100E+00      5.30000E-02
      4.61940E-03      0.00000E+00      1.32800E+00      5.40000E-02
      4.59690E-03      0.00000E+00      1.20200E+00      5.40000E-02
      4.57470E-03      0.00000E+00      1.23400E+00      5.50000E-02
      4.55250E-03      0.00000E+00      1.26400E+00      5.40000E-02
      4.53060E-03      0.00000E+00      1.36300E+00      5.40000E-02
      4.50880E-03      0.00000E+00      1.31500E+00      5.40000E-02
      4.48720E-03      0.00000E+00      1.29800E+00      5.30000E-02
      4.46570E-03      0.00000E+00      1.26600E+00      5.40000E-02
      4.44440E-03      0.00000E+00      1.22500E+00      5.40000E-02
      4.42320E-03      0.00000E+00      1.20700E+00      5.50000E-02
      4.40220E-03      0.00000E+00      1.33900E+00      5.40000E-02
      4.38130E-03      0.00000E+00      1.36600E+00      5.40000E-02
      4.36060E-03      0.00000E+00      1.28900E+00      5.40000E-02
      4.34000E-03      0.00000E+00      1.21900E+00      5.40000E-02
      4.31960E-03      0.00000E+00      1.27200E+00      5.50000E-02
      4.29930E-03      0.00000E+00      1.27600E+00      5.50000E-02
      4.27920E-03      0.00000E+00      1.26000E+00      5.40000E-02
      4.25920E-03      0.00000E+00      1.33700E+00      5.50000E-02
      4.23930E-03      0.00000E+00      1.24100E+00      5.50000E-02
      4.21960E-03      0.00000E+00      1.20700E+00      5.60000E-02
      4.20000E-03      0.00000E+00      1.25700E+00      5.50000E-02
      4.18050E-03      0.00000E+00      1.19000E+00      5.50000E-02
      4.16120E-03      0.00000E+00      1.28100E+00      5.50000E-02
      4.14200E-03      0.00000E+00      1.32700E+00      5.50000E-02
      4.12300E-03      0.00000E+00      1.21200E+00      5.50000E-02
      4.10410E-03      0.00000E+00      1.26100E+00      5.50000E-02
      4.08530E-03      0.00000E+00      1.18900E+00      5.50000E-02
      4.06660E-03      0.00000E+00      1.21600E+00      5.50000E-02
      4.04810E-03      0.00000E+00      1.36800E+00      5.60000E-02
      4.02970E-03      0.00000E+00      1.20700E+00      5.50000E-02
      4.01140E-03      0.00000E+00      1.24600E+00      5.50000E-02
      3.99320E-03      0.00000E+00      1.30100E+00      5.50000E-02
      3.97520E-03      0.00000E+00      1.34900E+00      5.50000E-02
      3.95730E-03      0.00000E+00      1.26500E+00      5.60000E-02
      3.93950E-03      0.00000E+00      1.22600E+00      5.60000E-02
      3.92180E-03      0.00000E+00      1.26600E+00      5.60000E-02
      3.90430E-03      0.00000E+00      1.36000E+00      5.50000E-02
      3.88680E-03      0.00000E+00      1.31100E+00      5.60000E-02
      3.86950E-03      0.00000E+00      1.32700E+00      5.60000E-02
      3.85230E-03      0.00000E+00      1.25800E+00      5.60000E-02
      3.83520E-03      0.00000E+00      1.30400E+00      5.50000E-02
      3.81830E-03      0.00000E+00      1.35200E+00      5.60000E-02
      3.80140E-03      0.00000E+00      1.25900E+00      5.60000E-02
      3.78460E-03      0.00000E+00      1.32600E+00      5.50000E-02
      3.76800E-03      0.00000E+00      1.28100E+00      5.60000E-02
      3.75150E-03      0.00000E+00      1.31500E+00      5.60000E-02
      3.73500E-03      0.00000E+00      1.36600E+00      5.70000E-02
      3.71870E-03      0.00000E+00      1.26400E+00      5.60000E-02
      3.70250E-03      0.00000E+00      1.28800E+00      5.60000E-02
      3.68640E-03      0.00000E+00      1.31400E+00      5.60000E-02
      3.67040E-03      0.00000E+00      1.17000E+00      5.70000E-02
      3.65450E-03      0.00000E+00      1.23600E+00      5.70000E-02
      3.63870E-03      0.00000E+00      1.36200E+00      5.60000E-02
      3.62300E-03      0.00000E+00      1.27500E+00      5.70000E-02
      3.60750E-03      0.00000E+00      1.30300E+00      5.70000E-02
      3.59200E-03      0.00000E+00      1.29400E+00      5.60000E-02
      3.57660E-03      0.00000E+00      1.31000E+00      5.60000E-02
      3.56130E-03      0.00000E+00      1.23300E+00      5.60000E-02
      3.54610E-03      0.00000E+00      1.21800E+00      5.70000E-02
      3.53100E-03      0.00000E+00      1.36000E+00      5.70000E-02
      3.51600E-03      0.00000E+00      1.33100E+00      5.60000E-02
      3.50110E-03      0.00000E+00      1.29200E+00      5.80000E-02
      3.48630E-03      0.00000E+00      1.26700E+00      5.70000E-02
      3.47160E-03      0.00000E+00      1.40100E+00      5.70000E-02
      3.45700E-03      0.00000E+00      1.31400E+00      5.60000E-02
      3.44240E-03      0.00000E+00      1.30200E+00      5.90000E-02
      3.42800E-03      0.00000E+00      1.31300E+00      5.60000E-02
      3.41360E-03      0.00000E+00      1.37300E+00      5.70000E-02
      3.39940E-03      0.00000E+00      1.30000E+00      6.00000E-02
      3.38520E-03      0.00000E+00      1.27800E+00      5.70000E-02
      3.37110E-03      0.00000E+00      1.24700E+00      5.80000E-02
      3.35710E-03      0.00000E+00      1.34200E+00      6.00000E-02
      3.34320E-03      0.00000E+00      1.32100E+00      5.80000E-02
      3.32940E-03      0.00000E+00      1.35000E+00      5.60000E-02
      3.31570E-03      0.00000E+00      1.28400E+00      5.80000E-02
      3.30200E-03      0.00000E+00      1.28100E+00      5.70000E-02
      3.28850E-03      0.00000E+00      1.25200E+00      5.70000E-02
      3.27500E-03      0.00000E+00      1.36200E+00      5.80000E-02
      3.26160E-03      0.00000E+00      1.28700E+00      5.80000E-02
      3.24830E-03      0.00000E+00      1.34500E+00      5.70000E-02
      3.23500E-03      0.00000E+00      1.42100E+00      5.70000E-02
      3.22190E-03      0.00000E+00      1.31300E+00      5.70000E-02
      3.20880E-03      0.00000E+00      1.31900E+00      5.60000E-02
      3.19580E-03      0.00000E+00      1.28600E+00      5.70000E-02
      3.18290E-03      0.00000E+00      1.26800E+00      5.70000E-02
      3.17000E-03      0.00000E+00      1.31900E+00      5.70000E-02
      3.15730E-03      0.00000E+00      1.28800E+00      5.80000E-02
      3.14460E-03      0.00000E+00      1.35500E+00      5.70000E-02
      3.13200E-03      0.00000E+00      1.28600E+00      5.80000E-02
      3.11950E-03      0.00000E+00      1.26000E+00      5.70000E-02
      3.10700E-03      0.00000E+00      1.25500E+00      5.80000E-02
      3.09460E-03      0.00000E+00      1.40800E+00      5.80000E-02
      3.08230E-03      0.00000E+00      1.22900E+00      5.80000E-02
      3.07010E-03      0.00000E+00      1.36200E+00      5.80000E-02
      3.05790E-03      0.00000E+00      1.30700E+00      5.80000E-02
      3.04580E-03      0.00000E+00      1.29600E+00      5.80000E-02
      3.03380E-03      0.00000E+00      1.29800E+00      5.80000E-02
      3.02190E-03      0.00000E+00      1.39300E+00      5.70000E-02
      3.01000E-03      0.00000E+00      1.35700E+00      5.70000E-02
      2.99820E-03      0.00000E+00      1.32900E+00      5.80000E-02
      2.98640E-03      0.00000E+00      1.21100E+00      5.60000E-02
      2.97480E-03      0.00000E+00      1.38100E+00      5.70000E-02
      2.96320E-03      0.00000E+00      1.23600E+00      5.70000E-02
      2.95160E-03      0.00000E+00      1.35900E+00      5.70000E-02
      2.94020E-03      0.00000E+00      1.24500E+00      5.70000E-02
      2.92880E-03      0.00000E+00      1.31900E+00      5.70000E-02
      2.91740E-03      0.00000E+00      1.36500E+00      5.70000E-02
      2.90620E-03      0.00000E+00      1.31700E+00      5.70000E-02
      2.89500E-03      0.00000E+00      1.36800E+00      5.70000E-02
      2.88380E-03      0.00000E+00      1.36600E+00      5.70000E-02
      2.87280E-03      0.00000E+00      1.36600E+00      5.70000E-02
      2.86180E-03      0.00000E+00      1.31500E+00      5.80000E-02
      2.85080E-03      0.00000E+00      1.43300E+00      5.70000E-02
      2.83990E-03      0.00000E+00      1.32200E+00      5.60000E-02
      2.82910E-03      0.00000E+00      1.37200E+00      5.80000E-02
      2.81830E-03      0.00000E+00      1.36000E+00      5.90000E-02
      2.80760E-03      0.00000E+00      1.41000E+00      5.80000E-02
      2.79700E-03      0.00000E+00      1.23400E+00      5.80000E-02
      2.78640E-03      0.00000E+00      1.29700E+00      5.80000E-02
      2.77590E-03      0.00000E+00      1.35900E+00      5.80000E-02
      2.76550E-03      0.00000E+00      1.29500E+00      5.90000E-02
      2.75500E-03      0.00000E+00      1.39400E+00      5.80000E-02
      2.74470E-03      0.00000E+00      1.41300E+00      5.80000E-02
      2.73440E-03      0.00000E+00      1.42700E+00      5.90000E-02
      2.72420E-03      0.00000E+00      1.39500E+00      5.90000E-02
      2.71400E-03      0.00000E+00      1.34900E+00      5.80000E-02
      2.70390E-03      0.00000E+00      1.38300E+00      5.80000E-02
      2.69390E-03      0.00000E+00      1.29000E+00      5.90000E-02
      2.68390E-03      0.00000E+00      1.25400E+00      5.80000E-02
      2.67390E-03      0.00000E+00      1.38500E+00      5.70000E-02
      2.66400E-03      0.00000E+00      1.35000E+00      6.00000E-02
      2.65420E-03      0.00000E+00      1.34700E+00      5.90000E-02
      2.64440E-03      0.00000E+00      1.32600E+00      6.00000E-02
      2.63470E-03      0.00000E+00      1.42900E+00      5.90000E-02
      2.62500E-03      0.00000E+00      1.30000E+00      6.00000E-02
      2.61540E-03      0.00000E+00      1.32700E+00      6.00000E-02
      2.60580E-03      0.00000E+00      1.23600E+00      6.00000E-02
      2.59630E-03      0.00000E+00      1.30200E+00      5.90000E-02
      2.58690E-03      0.00000E+00      1.30600E+00      5.90000E-02
      2.57750E-03      0.00000E+00      1.38600E+00      5.80000E-02
      2.56810E-03      0.00000E+00      1.23900E+00      6.00000E-02
      2.55880E-03      0.00000E+00      1.35000E+00      6.00000E-02
      2.54950E-03      0.00000E+00      1.38400E+00      6.00000E-02
      2.54030E-03      0.00000E+00      1.40000E+00      5.90000E-02
      2.53120E-03      0.00000E+00      1.35000E+00      6.00000E-02
      2.52210E-03      0.00000E+00      1.33000E+00      6.10000E-02
      2.51300E-03      0.00000E+00      1.34900E+00      6.00000E-02
      2.50400E-03      0.00000E+00      1.40900E+00      5.90000E-02
      2.49500E-03      0.00000E+00      1.28100E+00      6.20000E-02
      2.48610E-03      0.00000E+00      1.31100E+00      6.30000E-02
      2.47730E-03      0.00000E+00      1.43100E+00      6.40000E-02
      2.46840E-03      0.00000E+00      1.45800E+00      6.10000E-02
      2.45970E-03      0.00000E+00      1.33400E+00      6.20000E-02
      2.45090E-03      0.00000E+00      1.27900E+00      6.00000E-02
      2.44230E-03      0.00000E+00      1.26700E+00      6.00000E-02
      2.43360E-03      0.00000E+00      1.35500E+00      6.10000E-02
      2.42500E-03      0.00000E+00      1.34000E+00      6.00000E-02
      2.41650E-03      0.00000E+00      1.29500E+00      6.20000E-02
      2.40800E-03      0.00000E+00      1.26900E+00      6.10000E-02
      2.39960E-03      0.00000E+00      1.37200E+00      6.10000E-02
      2.39110E-03      0.00000E+00      1.40900E+00      6.10000E-02
      2.38280E-03      0.00000E+00      1.27000E+00      6.10000E-02
      2.37450E-03      0.00000E+00      1.21200E+00      6.20000E-02
      2.36620E-03      0.00000E+00      1.37100E+00      6.10000E-02
      2.35800E-03      0.00000E+00      1.36500E+00      6.10000E-02
      2.34980E-03      0.00000E+00      1.32600E+00      6.10000E-02
      2.34160E-03      0.00000E+00      1.33600E+00      6.20000E-02
      2.33350E-03      0.00000E+00      1.38400E+00      6.10000E-02
      2.32550E-03      0.00000E+00      1.36100E+00      6.10000E-02
      2.31740E-03      0.00000E+00      1.34700E+00      6.10000E-02
      2.30950E-03      0.00000E+00      1.44700E+00      6.20000E-02
      2.30150E-03      0.00000E+00      1.28700E+00      6.10000E-02
      2.29360E-03      0.00000E+00      1.30200E+00      6.10000E-02
      2.28580E-03      0.00000E+00      1.35600E+00      6.20000E-02
      2.27800E-03      0.00000E+00      1.35600E+00      6.20000E-02
      2.27020E-03      0.00000E+00      1.33700E+00      6.10000E-02
      2.26240E-03      0.00000E+00      1.40700E+00      6.20000E-02
      2.25470E-03      0.00000E+00      1.43600E+00      6.10000E-02
      2.24710E-03      0.00000E+00      1.29700E+00      6.10000E-02
      2.23950E-03      0.00000E+00      1.27800E+00      6.10000E-02
      2.23190E-03      0.00000E+00      1.39400E+00      6.10000E-02
      2.22430E-03      0.00000E+00      1.30700E+00      6.20000E-02
      2.21680E-03      0.00000E+00      1.35700E+00      6.10000E-02
      2.20940E-03      0.00000E+00      1.39600E+00      6.20000E-02
      2.20190E-03      0.00000E+00      1.48500E+00      6.00000E-02
      2.19450E-03      0.00000E+00      1.37600E+00      6.20000E-02
      2.18720E-03      0.00000E+00      1.29100E+00      6.20000E-02
      2.17990E-03      0.00000E+00      1.32900E+00      6.20000E-02
      2.17260E-03      0.00000E+00      1.33500E+00      6.20000E-02
      2.16540E-03      0.00000E+00      1.32600E+00      6.20000E-02
      2.15810E-03      0.00000E+00      1.30000E+00      6.30000E-02
      2.15100E-03      0.00000E+00      1.36700E+00      6.20000E-02
      2.14380E-03      0.00000E+00      1.39600E+00      6.20000E-02
      2.13670E-03      0.00000E+00      1.34500E+00      6.30000E-02
      2.12970E-03      0.00000E+00      1.32300E+00      6.80000E-02
      2.12260E-03      0.00000E+00      1.30600E+00      6.20000E-02
      2.11560E-03      0.00000E+00      1.42200E+00      6.20000E-02
      2.10870E-03      0.00000E+00      1.35000E+00      6.20000E-02
      2.10180E-03      0.00000E+00      1.37600E+00      6.20000E-02
      2.09490E-03      0.00000E+00      1.35400E+00      6.30000E-02
      2.08800E-03      0.00000E+00      1.45500E+00      6.30000E-02
      2.08120E-03      0.00000E+00      1.34900E+00      6.30000E-02
      2.07440E-03      0.00000E+00      1.27800E+00      6.40000E-02
      2.06760E-03      0.00000E+00      1.46300E+00      6.20000E-02
      2.06090E-03      0.00000E+00      1.31800E+00      6.20000E-02
      2.05420E-03      0.00000E+00      1.36600E+00      6.30000E-02
      2.04760E-03      0.00000E+00      1.41200E+00      6.20000E-02
      2.04090E-03      0.00000E+00      1.48700E+00      6.20000E-02
      2.03430E-03      0.00000E+00      1.31600E+00      6.30000E-02
      2.02780E-03      0.00000E+00      1.36400E+00      6.20000E-02
      2.02120E-03      0.00000E+00      1.31700E+00      6.40000E-02
      2.01470E-03      0.00000E+00      1.31600E+00      6.30000E-02
      2.00830E-03      0.00000E+00      1.34500E+00      6.30000E-02
      2.00180E-03      0.00000E+00      1.34300E+00      6.30000E-02
      1.99540E-03      0.00000E+00      1.40100E+00      6.30000E-02
      1.98900E-03      0.00000E+00      1.37300E+00      6.30000E-02
      1.98270E-03      0.00000E+00      1.28200E+00      6.30000E-02
      1.97640E-03      0.00000E+00      1.42700E+00      6.20000E-02
      1.97010E-03      0.00000E+00      1.28600E+00      6.40000E-02
      1.96380E-03      0.00000E+00      1.34500E+00      6.30000E-02
      1.95760E-03      0.00000E+00      1.35400E+00      6.30000E-02
      1.95140E-03      0.00000E+00      1.26900E+00      6.40000E-02
      1.94530E-03      0.00000E+00      1.42600E+00      6.30000E-02
      1.93910E-03      0.00000E+00      1.35500E+00      6.30000E-02
      1.93300E-03      0.00000E+00      1.31000E+00      6.40000E-02
      1.92690E-03      0.00000E+00      1.33500E+00      6.30000E-02
      1.92090E-03      0.00000E+00      1.28300E+00      6.30000E-02
      1.91480E-03      0.00000E+00      1.33500E+00      6.30000E-02
      1.90890E-03      0.00000E+00      1.24300E+00      6.30000E-02
      1.90290E-03      0.00000E+00      1.35500E+00      6.30000E-02
      1.89690E-03      0.00000E+00      1.25700E+00      6.30000E-02
      1.89100E-03      0.00000E+00      1.26500E+00      6.40000E-02
      1.88510E-03      0.00000E+00      1.25000E+00      6.30000E-02
      1.87930E-03      0.00000E+00      1.42100E+00      6.40000E-02
      1.87350E-03      0.00000E+00      1.27700E+00      6.50000E-02
      1.86770E-03      0.00000E+00      1.30700E+00      6.50000E-02
      1.86190E-03      0.00000E+00      1.49100E+00      6.30000E-02
      1.85610E-03      0.00000E+00      1.49200E+00      6.20000E-02
      1.85040E-03      0.00000E+00      1.39700E+00      6.40000E-02
      1.84470E-03      0.00000E+00      1.41100E+00      6.40000E-02
      1.83910E-03      0.00000E+00      1.38000E+00      6.40000E-02
      1.83340E-03      0.00000E+00      1.38300E+00      6.30000E-02
      1.82780E-03      0.00000E+00      1.30700E+00      6.30000E-02
      1.82220E-03      0.00000E+00      1.35900E+00      6.40000E-02
      1.81660E-03      0.00000E+00      1.30000E+00      6.50000E-02
      1.81110E-03      0.00000E+00      1.38900E+00      6.40000E-02
      1.80560E-03      0.00000E+00      1.34400E+00      6.40000E-02
      1.80010E-03      0.00000E+00      1.35800E+00      6.40000E-02
      1.79460E-03      0.00000E+00      1.24400E+00      6.40000E-02
      1.78920E-03      0.00000E+00      1.31400E+00      6.40000E-02
      1.78380E-03      0.00000E+00      1.43600E+00      6.40000E-02
      1.77840E-03      0.00000E+00      1.32600E+00      6.50000E-02
      1.77300E-03      0.00000E+00      1.34900E+00      6.50000E-02
      1.76770E-03      0.00000E+00      1.43800E+00      6.50000E-02
      1.76240E-03      0.00000E+00      1.39500E+00      6.50000E-02
      1.75710E-03      0.00000E+00      1.33700E+00      6.40000E-02
      1.75180E-03      0.00000E+00      1.43000E+00      6.40000E-02
      1.74660E-03      0.00000E+00      1.45100E+00      6.20000E-02
      1.74130E-03      0.00000E+00      1.33400E+00      6.40000E-02
      1.73610E-03      0.00000E+00      1.54200E+00      6.40000E-02
      1.73100E-03      0.00000E+00      1.35100E+00      6.50000E-02
      1.72580E-03      0.00000E+00      1.30500E+00      6.50000E-02
      1.72070E-03      0.00000E+00      1.34600E+00      6.50000E-02
      1.71560E-03      0.00000E+00      1.42400E+00      6.50000E-02
      1.71050E-03      0.00000E+00      1.36600E+00      6.50000E-02
      1.70540E-03      0.00000E+00      1.37500E+00      6.60000E-02
      1.70040E-03      0.00000E+00      1.35000E+00      7.10000E-02
      1.69540E-03      0.00000E+00      1.42600E+00      6.60000E-02
      1.69040E-03      0.00000E+00      1.27800E+00      6.70000E-02
      1.68540E-03      0.00000E+00      1.37700E+00      7.10000E-02
      1.68040E-03      0.00000E+00      1.28700E+00      6.60000E-02
      1.67550E-03      0.00000E+00      1.39100E+00      6.50000E-02
      1.67060E-03      0.00000E+00      1.35500E+00      6.50000E-02
      1.66570E-03      0.00000E+00      1.18900E+00      6.50000E-02
      1.66090E-03      0.00000E+00      1.34700E+00      6.60000E-02
      1.65600E-03      0.00000E+00      1.31300E+00      6.50000E-02
      1.65120E-03      0.00000E+00      1.39400E+00      6.40000E-02
      1.64640E-03      0.00000E+00      1.51000E+00      6.40000E-02
      1.64160E-03      0.00000E+00      1.31900E+00      6.60000E-02
      1.63690E-03      0.00000E+00      1.35900E+00      6.60000E-02
      1.63210E-03      0.00000E+00      1.42800E+00      6.50000E-02
      1.62740E-03      0.00000E+00      1.25100E+00      6.50000E-02
      1.62270E-03      0.00000E+00      1.29400E+00      6.60000E-02
      1.61800E-03      0.00000E+00      1.43300E+00      6.50000E-02
      1.61340E-03      0.00000E+00      1.44000E+00      6.50000E-02
      1.60870E-03      0.00000E+00      1.37200E+00      6.60000E-02
      1.60410E-03      0.00000E+00      1.41100E+00      6.40000E-02
      1.59950E-03      0.00000E+00      1.32200E+00      6.50000E-02
      1.59490E-03      0.00000E+00      1.51700E+00      6.60000E-02
      1.59040E-03      0.00000E+00      1.26600E+00      6.60000E-02
      1.58580E-03      0.00000E+00      1.42700E+00      6.60000E-02
      1.58130E-03      0.00000E+00      1.32300E+00      6.60000E-02
      1.57680E-03      0.00000E+00      1.37600E+00      6.50000E-02
      1.57230E-03      0.00000E+00      1.25100E+00      6.50000E-02
      1.56790E-03      0.00000E+00      1.22800E+00      6.60000E-02
      1.56340E-03      0.00000E+00      1.34900E+00      6.50000E-02
      1.55900E-03      0.00000E+00      1.29000E+00      6.60000E-02
      1.55460E-03      0.00000E+00      1.36200E+00      6.50000E-02
      1.55020E-03      0.00000E+00      1.35400E+00      6.60000E-02
      1.54590E-03      0.00000E+00      1.35800E+00      6.50000E-02
      1.54150E-03      0.00000E+00      1.43700E+00      6.50000E-02
      1.53720E-03      0.00000E+00      1.49800E+00      6.60000E-02
      1.53290E-03      0.00000E+00      1.22800E+00      6.50000E-02
      1.52860E-03      0.00000E+00      1.32100E+00      6.70000E-02
      1.52430E-03      0.00000E+00      1.50200E+00      6.60000E-02
      1.52000E-03      0.00000E+00      1.37900E+00      6.50000E-02
      1.51580E-03      0.00000E+00      1.46000E+00      6.50000E-02
      1.51160E-03      0.00000E+00      1.27000E+00      6.70000E-02
      1.50740E-03      0.00000E+00      1.40200E+00      6.50000E-02
      1.50320E-03      0.00000E+00      1.48100E+00      6.50000E-02
      1.49900E-03      0.00000E+00      1.35900E+00      6.70000E-02
      1.49490E-03      0.00000E+00      1.46400E+00      6.60000E-02
      1.49070E-03      0.00000E+00      1.37200E+00      6.60000E-02
      1.48660E-03      0.00000E+00      1.34400E+00      6.60000E-02
      1.48250E-03      0.00000E+00      1.38800E+00      6.50000E-02
      1.47840E-03      0.00000E+00      1.38700E+00      6.70000E-02
      1.47430E-03      0.00000E+00      1.33500E+00      6.70000E-02
      1.47030E-03      0.00000E+00      1.28900E+00      6.80000E-02
      1.46630E-03      0.00000E+00      1.34100E+00      6.60000E-02
      1.46220E-03      0.00000E+00      1.44600E+00      6.50000E-02
      1.45820E-03      0.00000E+00      1.40600E+00      6.60000E-02
      1.45430E-03      0.00000E+00      1.33600E+00      6.70000E-02
      1.45030E-03      0.00000E+00      1.39300E+00      6.90000E-02
      1.44630E-03      0.00000E+00      1.49100E+00      6.80000E-02
      1.44240E-03      0.00000E+00      1.32400E+00      6.70000E-02
      1.43850E-03      0.00000E+00      1.37100E+00      6.60000E-02
      1.43460E-03      0.00000E+00      1.30600E+00      6.60000E-02
      1.43070E-03      0.00000E+00      1.29000E+00      6.60000E-02
      1.42680E-03      0.00000E+00      1.23700E+00      6.80000E-02
      1.42290E-03      0.00000E+00      1.37100E+00      6.50000E-02
      1.41910E-03      0.00000E+00      1.45200E+00      6.60000E-02
      1.41530E-03      0.00000E+00      1.50000E+00      6.60000E-02
      1.41150E-03      0.00000E+00      1.29500E+00      6.70000E-02
      1.40770E-03      0.00000E+00      1.26700E+00      6.80000E-02
      1.40390E-03      0.00000E+00      1.35800E+00      6.80000E-02
      1.40010E-03      0.00000E+00      1.34100E+00      6.70000E-02
      1.39640E-03      0.00000E+00      1.40100E+00      6.80000E-02
      1.39260E-03      0.00000E+00      1.46800E+00      6.70000E-02
      1.38890E-03      0.00000E+00      1.41600E+00      6.70000E-02
      1.38520E-03      0.00000E+00      1.32900E+00      6.70000E-02
      1.38150E-03      0.00000E+00      1.33500E+00      6.70000E-02
      1.37790E-03      0.00000E+00      1.36400E+00      6.70000E-02
      1.37420E-03      0.00000E+00      1.35500E+00      6.80000E-02
      1.37060E-03      0.00000E+00      1.34700E+00      6.80000E-02
      1.36690E-03      0.00000E+00      1.32400E+00      6.60000E-02
      1.36330E-03      0.00000E+00      1.36800E+00      6.80000E-02
      1.35970E-03      0.00000E+00      1.32800E+00      6.70000E-02
      1.35610E-03      0.00000E+00      1.35500E+00      6.90000E-02
      1.35250E-03      0.00000E+00      1.46200E+00      6.70000E-02
      1.34900E-03      0.00000E+00      1.28600E+00      6.80000E-02
      1.34540E-03      0.00000E+00      1.35000E+00      6.80000E-02
      1.34190E-03      0.00000E+00      1.26700E+00      6.80000E-02
      1.33840E-03      0.00000E+00      1.42500E+00      6.70000E-02
      1.33490E-03      0.00000E+00      1.37000E+00      6.70000E-02
      1.33140E-03      0.00000E+00      1.42400E+00      6.80000E-02
      1.32790E-03      0.00000E+00      1.36200E+00      6.70000E-02
      1.32440E-03      0.00000E+00      1.30700E+00      6.80000E-02
      1.32100E-03      0.00000E+00      1.36100E+00      6.70000E-02
      1.31760E-03      0.00000E+00      1.34200E+00      6.70000E-02
      1.31410E-03      0.00000E+00      1.32600E+00      6.70000E-02
      1.31070E-03      0.00000E+00      1.28400E+00      6.80000E-02
      1.30730E-03      0.00000E+00      1.43000E+00      6.70000E-02
      1.30390E-03      0.00000E+00      1.37700E+00      6.80000E-02
      1.30060E-03      0.00000E+00      1.39700E+00      6.80000E-02
      1.29720E-03      0.00000E+00      1.44600E+00      6.70000E-02
      1.29390E-03      0.00000E+00      1.36400E+00      6.60000E-02
      1.29060E-03      0.00000E+00      1.25700E+00      6.70000E-02
      1.28720E-03      0.00000E+00      1.43000E+00      6.80000E-02
      1.28390E-03      0.00000E+00      1.53200E+00      6.60000E-02
      1.28060E-03      0.00000E+00      1.37500E+00      6.70000E-02
      1.27740E-03      0.00000E+00      1.37800E+00      6.60000E-02
      1.27410E-03      0.00000E+00      1.21800E+00      6.70000E-02
      1.27080E-03      0.00000E+00      1.40300E+00      6.80000E-02
      1.26760E-03      0.00000E+00      1.41700E+00      6.80000E-02
      1.26440E-03      0.00000E+00      1.24500E+00      6.80000E-02
      1.26110E-03      0.00000E+00      1.35700E+00      6.70000E-02
      1.25790E-03      0.00000E+00      1.32300E+00      6.70000E-02
      1.25470E-03      0.00000E+00      1.32700E+00      6.80000E-02
      1.25160E-03      0.00000E+00      1.33500E+00      6.90000E-02
      1.24840E-03      0.00000E+00      1.31600E+00      7.00000E-02
      1.24520E-03      0.00000E+00      1.36500E+00      6.90000E-02
      1.24210E-03      0.00000E+00      1.35300E+00      6.90000E-02
      1.23890E-03      0.00000E+00      1.34300E+00      6.70000E-02
      1.23580E-03      0.00000E+00      1.44800E+00      6.80000E-02
      1.23270E-03      0.00000E+00      1.38800E+00      6.90000E-02
      1.22960E-03      0.00000E+00      1.36400E+00      6.80000E-02
      1.22650E-03      0.00000E+00      1.40900E+00      6.80000E-02
      1.22350E-03      0.00000E+00      1.34000E+00      6.70000E-02
      1.22040E-03      0.00000E+00      1.43200E+00      6.80000E-02
      1.21740E-03      0.00000E+00      1.39100E+00      6.90000E-02
      1.21430E-03      0.00000E+00      1.27700E+00      7.10000E-02
      1.21130E-03      0.00000E+00      1.31800E+00      6.80000E-02
      1.20830E-03      0.00000E+00      1.41700E+00      6.90000E-02
      1.20530E-03      0.00000E+00      1.38300E+00      6.90000E-02
      1.20230E-03      0.00000E+00      1.34300E+00      6.80000E-02
      1.19930E-03      0.00000E+00      1.36500E+00      6.80000E-02
      1.19630E-03      0.00000E+00      1.32300E+00      6.80000E-02
      1.19330E-03      0.00000E+00      1.36900E+00      6.90000E-02
      1.19040E-03      0.00000E+00      1.18400E+00      7.00000E-02
      1.18740E-03      0.00000E+00      1.42500E+00      6.90000E-02
      1.18450E-03      0.00000E+00      1.34300E+00      6.80000E-02
      1.18160E-03      0.00000E+00      1.27900E+00      6.90000E-02
      1.17870E-03      0.00000E+00      1.34600E+00      6.90000E-02
      1.17580E-03      0.00000E+00      1.44300E+00      6.90000E-02
      1.17290E-03      0.00000E+00      1.54600E+00      7.00000E-02
      1.17000E-03      0.00000E+00      1.36000E+00      6.90000E-02
      1.16720E-03      0.00000E+00      1.34400E+00      7.00000E-02
      1.16430E-03      0.00000E+00      1.28000E+00      6.90000E-02
      1.16150E-03      0.00000E+00      1.38200E+00      6.90000E-02
      1.15860E-03      0.00000E+00      1.39700E+00      7.00000E-02
      1.15580E-03      0.00000E+00      1.37200E+00      6.90000E-02
      1.15300E-03      0.00000E+00      1.31900E+00      6.90000E-02
      1.15020E-03      0.00000E+00      1.50100E+00      6.90000E-02
      1.14740E-03      0.00000E+00      1.47600E+00      7.10000E-02
      1.14460E-03      0.00000E+00      1.30600E+00      7.00000E-02
      1.14190E-03      0.00000E+00      1.37100E+00      7.00000E-02
      1.13910E-03      0.00000E+00      1.36000E+00      6.90000E-02
      1.13640E-03      0.00000E+00      1.36400E+00      6.90000E-02
      1.13360E-03      0.00000E+00      1.37500E+00      6.90000E-02
      1.13090E-03      0.00000E+00      1.42900E+00      7.00000E-02
      1.12810E-03      0.00000E+00      1.36700E+00      7.00000E-02
      1.12540E-03      0.00000E+00      1.41500E+00      7.10000E-02
      1.12270E-03      0.00000E+00      1.24900E+00      7.20000E-02
      1.12000E-03      0.00000E+00      1.46500E+00      7.00000E-02
      1.11740E-03      0.00000E+00      1.40600E+00      6.90000E-02
      1.11470E-03      0.00000E+00      1.38100E+00      6.90000E-02
      1.11200E-03      0.00000E+00      1.41400E+00      7.00000E-02
      1.10940E-03      0.00000E+00      1.23900E+00      7.10000E-02
      1.10670E-03      0.00000E+00      1.33500E+00      7.00000E-02
      1.10410E-03      0.00000E+00      1.27000E+00      7.00000E-02
      1.10150E-03      0.00000E+00      1.38900E+00      7.10000E-02
      1.09880E-03      0.00000E+00      1.39800E+00      6.80000E-02
      1.09620E-03      0.00000E+00      1.33000E+00      7.20000E-02
      1.09360E-03      0.00000E+00      1.35200E+00      7.10000E-02
      1.09110E-03      0.00000E+00      1.39500E+00      7.00000E-02
      1.08850E-03      0.00000E+00      1.35100E+00      7.00000E-02
      1.08590E-03      0.00000E+00      1.47200E+00      6.90000E-02
      1.08330E-03      0.00000E+00      1.42600E+00      7.00000E-02
      1.08080E-03      0.00000E+00      1.36500E+00      7.10000E-02
      1.07820E-03      0.00000E+00      1.46600E+00      6.90000E-02
      1.07570E-03      0.00000E+00      1.45900E+00      6.90000E-02
      1.07320E-03      0.00000E+00      1.38900E+00      7.20000E-02
      1.07070E-03      0.00000E+00      1.44300E+00      6.80000E-02
      1.06820E-03      0.00000E+00      1.35900E+00      7.00000E-02
      1.06570E-03      0.00000E+00      1.47400E+00      7.10000E-02
      1.06320E-03      0.00000E+00      1.41400E+00      7.00000E-02
      1.06070E-03      0.00000E+00      1.40000E+00      6.90000E-02
      1.05820E-03      0.00000E+00      1.32300E+00      7.10000E-02
      1.05580E-03      0.00000E+00      1.30000E+00      7.10000E-02
      1.05330E-03      0.00000E+00      1.23100E+00      7.30000E-02
      1.05080E-03      0.00000E+00      1.29300E+00      7.00000E-02
      1.04840E-03      0.00000E+00      1.39800E+00      7.10000E-02
      1.04600E-03      0.00000E+00      1.34500E+00      7.10000E-02
      1.04360E-03      0.00000E+00      1.43100E+00      7.00000E-02
      1.04110E-03      0.00000E+00      1.36200E+00      7.00000E-02
      1.03870E-03      0.00000E+00      1.34900E+00      7.20000E-02
      1.03630E-03      0.00000E+00      1.35700E+00      7.10000E-02
      1.03390E-03      0.00000E+00      1.48800E+00      7.10000E-02
      1.03160E-03      0.00000E+00      1.46000E+00      7.00000E-02
      1.02920E-03      0.00000E+00      1.32500E+00      7.00000E-02
      1.02680E-03      0.00000E+00      1.35300E+00      7.00000E-02
      1.02450E-03      0.00000E+00      1.41100E+00      7.10000E-02
      1.02210E-03      0.00000E+00      1.48400E+00      7.10000E-02
      1.01980E-03      0.00000E+00      1.35900E+00      7.10000E-02
      1.01750E-03      0.00000E+00      1.39100E+00      7.20000E-02
      1.01510E-03      0.00000E+00      1.39700E+00      7.30000E-02
      1.01280E-03      0.00000E+00      1.34900E+00      7.10000E-02
      1.01050E-03      0.00000E+00      1.41200E+00      7.10000E-02
      1.00820E-03      0.00000E+00      1.42600E+00      7.20000E-02
      1.00590E-03      0.00000E+00      1.40600E+00      7.30000E-02
      1.00360E-03      0.00000E+00      1.27400E+00      7.00000E-02
      1.00140E-03      0.00000E+00      1.40500E+00      7.30000E-02
      9.99100E-04      0.00000E+00      1.36300E+00      7.00000E-02
      9.96830E-04      0.00000E+00      1.38400E+00      7.30000E-02
      9.94580E-04      0.00000E+00      1.32100E+00      7.20000E-02
      9.92340E-04      0.00000E+00      1.37100E+00      7.10000E-02
      9.90100E-04      0.00000E+00      1.34500E+00      7.20000E-02
      9.87870E-04      0.00000E+00      1.38600E+00      7.00000E-02
      9.85650E-04      0.00000E+00      1.43000E+00      7.20000E-02
      9.83430E-04      0.00000E+00      1.36100E+00      7.10000E-02
      9.81220E-04      0.00000E+00      1.36300E+00      7.10000E-02
      9.79020E-04      0.00000E+00      1.26800E+00      7.00000E-02
      9.76830E-04      0.00000E+00      1.43500E+00      7.20000E-02
      9.74640E-04      0.00000E+00      1.33900E+00      7.20000E-02
      9.72460E-04      0.00000E+00      1.43000E+00      7.30000E-02
      9.70290E-04      0.00000E+00      1.38400E+00      7.20000E-02
      9.68130E-04      0.00000E+00      1.35000E+00      7.10000E-02
      9.65970E-04      0.00000E+00      1.45500E+00      7.20000E-02
      9.63820E-04      0.00000E+00      1.30500E+00      7.20000E-02
      9.61680E-04      0.00000E+00      1.27500E+00      7.30000E-02
      9.59550E-04      0.00000E+00      1.28400E+00      7.20000E-02
      9.57420E-04      0.00000E+00      1.37400E+00      7.20000E-02
      9.55300E-04      0.00000E+00      1.27700E+00      7.20000E-02
      9.53180E-04      0.00000E+00      1.47400E+00      7.20000E-02
      9.51080E-04      0.00000E+00      1.26500E+00      7.30000E-02
      9.48980E-04      0.00000E+00      1.34200E+00      7.00000E-02
      9.46880E-04      0.00000E+00      1.46100E+00      7.20000E-02
      9.44800E-04      0.00000E+00      1.39200E+00      7.20000E-02
      9.42720E-04      0.00000E+00      1.35500E+00      7.30000E-02
      9.40650E-04      0.00000E+00      1.37200E+00      7.20000E-02
      9.38580E-04      0.00000E+00      1.45300E+00      7.20000E-02
      9.36520E-04      0.00000E+00      1.35900E+00      7.30000E-02
      9.34470E-04      0.00000E+00      1.41900E+00      7.20000E-02
      9.32430E-04      0.00000E+00      1.35200E+00      7.20000E-02
      9.30390E-04      0.00000E+00      1.41100E+00      7.40000E-02
      9.28360E-04      0.00000E+00      1.39900E+00      7.10000E-02
      9.26330E-04      0.00000E+00      1.33600E+00      7.10000E-02
      9.24310E-04      0.00000E+00      1.45400E+00      7.00000E-02
      9.22300E-04      0.00000E+00      1.34400E+00      7.10000E-02
      9.20290E-04      0.00000E+00      1.47400E+00      7.20000E-02
      9.18300E-04      0.00000E+00      1.33800E+00      7.40000E-02
      9.16300E-04      0.00000E+00      1.39000E+00      7.20000E-02
      9.14320E-04      0.00000E+00      1.36700E+00      7.20000E-02
      9.12340E-04      0.00000E+00      1.29700E+00      7.10000E-02
      9.10370E-04      0.00000E+00      1.40600E+00      7.40000E-02
      9.08400E-04      0.00000E+00      1.38000E+00      7.20000E-02
      9.06440E-04      0.00000E+00      1.48100E+00      7.10000E-02
      9.04490E-04      0.00000E+00      1.34200E+00      7.20000E-02
      9.02540E-04      0.00000E+00      1.33100E+00      7.40000E-02
      9.00600E-04      0.00000E+00      1.39000E+00      7.30000E-02
      8.98660E-04      0.00000E+00      1.21900E+00      7.40000E-02
      8.96730E-04      0.00000E+00      1.47300E+00      7.20000E-02
      8.94810E-04      0.00000E+00      1.41200E+00      7.20000E-02
      8.92890E-04      0.00000E+00      1.34200E+00      7.30000E-02
      8.90980E-04      0.00000E+00      1.40600E+00      7.40000E-02
      8.89080E-04      0.00000E+00      1.38500E+00      7.30000E-02
      8.87180E-04      0.00000E+00      1.37600E+00      7.30000E-02
      8.85290E-04      0.00000E+00      1.49500E+00      7.20000E-02
      8.83400E-04      0.00000E+00      1.47600E+00      7.30000E-02
      8.81520E-04      0.00000E+00      1.39900E+00      7.20000E-02
      8.79650E-04      0.00000E+00      1.38700E+00      7.40000E-02
      8.77780E-04      0.00000E+00      1.47700E+00      7.20000E-02
      8.75920E-04      0.00000E+00      1.43300E+00      7.40000E-02
      8.74060E-04      0.00000E+00      1.45400E+00      7.30000E-02
      8.72210E-04      0.00000E+00      1.36800E+00      7.20000E-02
      8.70370E-04      0.00000E+00      1.41400E+00      7.40000E-02
      8.68530E-04      0.00000E+00      1.32200E+00      7.50000E-02
      8.66700E-04      0.00000E+00      1.36000E+00      7.20000E-02
      8.64870E-04      0.00000E+00      1.45500E+00      7.10000E-02
      8.63050E-04      0.00000E+00      1.38400E+00      7.20000E-02
      8.61230E-04      0.00000E+00      1.46100E+00      7.10000E-02
      8.59420E-04      0.00000E+00      1.37300E+00      7.20000E-02
      8.57620E-04      0.00000E+00      1.38400E+00      7.50000E-02
      8.55820E-04      0.00000E+00      1.37100E+00      7.40000E-02
      8.54030E-04      0.00000E+00      1.24800E+00      7.40000E-02
      8.52240E-04      0.00000E+00      1.37900E+00      7.30000E-02
      8.50460E-04      0.00000E+00      1.26900E+00      7.50000E-02
      8.48690E-04      0.00000E+00      1.41800E+00      7.40000E-02
      8.46920E-04      0.00000E+00      1.41200E+00      7.40000E-02
      8.45150E-04      0.00000E+00      1.57100E+00      7.30000E-02
      8.43390E-04      0.00000E+00      1.47300E+00      7.30000E-02
      8.41640E-04      0.00000E+00      1.36700E+00      7.30000E-02
      8.39890E-04      0.00000E+00      1.32900E+00      7.50000E-02
      8.38150E-04      0.00000E+00      1.34600E+00      7.50000E-02
      8.36410E-04      0.00000E+00      1.37100E+00      7.20000E-02
      8.34680E-04      0.00000E+00      1.40100E+00      7.40000E-02
      8.32950E-04      0.00000E+00      1.45000E+00      7.30000E-02
      8.31230E-04      0.00000E+00      1.45300E+00      7.40000E-02
      8.29510E-04      0.00000E+00      1.44800E+00      7.30000E-02
      8.27800E-04      0.00000E+00      1.17100E+00      7.40000E-02
      8.26100E-04      0.00000E+00      1.23500E+00      7.40000E-02
      8.24400E-04      0.00000E+00      1.37900E+00      7.40000E-02
      8.22700E-04      0.00000E+00      1.36800E+00      7.50000E-02
      8.21010E-04      0.00000E+00      1.41400E+00      7.30000E-02
      8.19330E-04      0.00000E+00      1.38200E+00      7.70000E-02
      8.17650E-04      0.00000E+00      1.36300E+00      7.30000E-02
      8.15980E-04      0.00000E+00      1.41600E+00      7.40000E-02
      8.14310E-04      0.00000E+00      1.33500E+00      7.60000E-02
      8.12640E-04      0.00000E+00      1.36300E+00      7.30000E-02
      8.10980E-04      0.00000E+00      1.37300E+00      7.30000E-02
      8.09330E-04      0.00000E+00      1.38500E+00      7.40000E-02
      8.07680E-04      0.00000E+00      1.36800E+00      7.40000E-02
      8.06040E-04      0.00000E+00      1.49400E+00      7.30000E-02
      8.04400E-04      0.00000E+00      1.43000E+00      7.50000E-02
      8.02770E-04      0.00000E+00      1.30800E+00      7.40000E-02
      8.01140E-04      0.00000E+00      1.39500E+00      7.40000E-02
      7.99510E-04      0.00000E+00      1.38300E+00      7.40000E-02
      7.97900E-04      0.00000E+00      1.44800E+00      7.50000E-02
      7.96280E-04      0.00000E+00      1.25000E+00      7.90000E-02
      7.94670E-04      0.00000E+00      1.37200E+00      7.50000E-02
      7.93070E-04      0.00000E+00      1.46500E+00      7.30000E-02
      7.91470E-04      0.00000E+00      1.30300E+00      7.40000E-02
      7.89880E-04      0.00000E+00      1.41300E+00      7.50000E-02
      7.88290E-04      0.00000E+00      1.42100E+00      7.30000E-02
      7.86700E-04      0.00000E+00      1.33100E+00      7.60000E-02
      7.85120E-04      0.00000E+00      1.37700E+00      7.40000E-02
      7.83550E-04      0.00000E+00      1.31000E+00      7.50000E-02
      7.81980E-04      0.00000E+00      1.43700E+00      7.40000E-02
      7.80410E-04      0.00000E+00      1.43200E+00      7.40000E-02
      7.78850E-04      0.00000E+00      1.27800E+00      7.50000E-02
      7.77290E-04      0.00000E+00      1.51100E+00      7.50000E-02
      7.75740E-04      0.00000E+00      1.28600E+00      7.40000E-02
      7.74190E-04      0.00000E+00      1.57900E+00      7.40000E-02
      7.72650E-04      0.00000E+00      1.43200E+00      7.50000E-02
      7.71110E-04      0.00000E+00      1.39000E+00      7.30000E-02
      7.69580E-04      0.00000E+00      1.40200E+00      7.60000E-02
      7.68050E-04      0.00000E+00      1.57000E+00      7.60000E-02
      7.66530E-04      0.00000E+00      1.38100E+00      7.50000E-02
      7.65010E-04      0.00000E+00      1.42500E+00      7.20000E-02
      7.63490E-04      0.00000E+00      1.39900E+00      7.40000E-02
      7.61980E-04      0.00000E+00      1.40300E+00      7.40000E-02
      7.60480E-04      0.00000E+00      1.52600E+00      7.40000E-02
      7.58970E-04      0.00000E+00      1.46200E+00      7.40000E-02
      7.57480E-04      0.00000E+00      1.32800E+00      7.50000E-02
      7.55980E-04      0.00000E+00      1.45900E+00      7.50000E-02
      7.54500E-04      0.00000E+00      1.44200E+00      7.50000E-02
      7.53010E-04      0.00000E+00      1.30600E+00      7.40000E-02
      7.51530E-04      0.00000E+00      1.43900E+00      7.40000E-02
      7.50060E-04      0.00000E+00      1.46800E+00      7.50000E-02
      7.48590E-04      0.00000E+00      1.33600E+00      7.60000E-02
      7.47120E-04      0.00000E+00      1.48200E+00      7.50000E-02
      7.45660E-04      0.00000E+00      1.35400E+00      7.60000E-02
      7.44200E-04      0.00000E+00      1.44400E+00      7.50000E-02
      7.42750E-04      0.00000E+00      1.42300E+00      7.50000E-02
      7.41300E-04      0.00000E+00      1.29100E+00      7.50000E-02
      7.39850E-04      0.00000E+00      1.40100E+00      7.50000E-02
      7.38410E-04      0.00000E+00      1.42000E+00      7.80000E-02
      7.36970E-04      0.00000E+00      1.47700E+00      7.50000E-02
      7.35540E-04      0.00000E+00      1.46300E+00      7.50000E-02
      7.34110E-04      0.00000E+00      1.23000E+00      7.50000E-02
      7.32690E-04      0.00000E+00      1.40000E+00      7.40000E-02
      7.31270E-04      0.00000E+00      1.43000E+00      7.70000E-02
      7.29850E-04      0.00000E+00      1.38100E+00      7.40000E-02
      7.28440E-04      0.00000E+00      1.31200E+00      7.50000E-02
      7.27030E-04      0.00000E+00      1.33800E+00      7.60000E-02
      7.25630E-04      0.00000E+00      1.38600E+00      7.60000E-02
      7.24230E-04      0.00000E+00      1.47500E+00      7.50000E-02
      7.22830E-04      0.00000E+00      1.50700E+00      7.50000E-02
      7.21440E-04      0.00000E+00      1.40200E+00      7.50000E-02
      7.20050E-04      0.00000E+00      1.47500E+00      7.50000E-02
      7.18670E-04      0.00000E+00      1.28200E+00      7.50000E-02
      7.17290E-04      0.00000E+00      1.41900E+00      7.50000E-02
      7.15920E-04      0.00000E+00      1.42400E+00      7.60000E-02
      7.14540E-04      0.00000E+00      1.39900E+00      7.50000E-02
      7.13180E-04      0.00000E+00      1.37500E+00      7.50000E-02
      7.11810E-04      0.00000E+00      1.42000E+00      7.50000E-02
