# entry-subent-pointer  : 10435-003-0 
# EXFOR reaction        : (63-EU-153(N,G)63-EU-154,,SIG) 
# incident energy       : 6.3140e-03 MeV - 2.9734e-01 MeV 
# target                : Eu-153 
# product               : Eu-154 
# level energy          : - 
# MF-MT number          : 3 - 102 
# first author          : Hockenbury 
# institute             : (1USARPI): Rensselaer Polytechnic Institute, Troy, NY 
# reference             : (C,75WASH,2,905,197503) 
# year                  : 1975 
# facility              : (LINAC): Linear accelerator 
# git                   : https://github.com/IAEA-NDS/exfor_master/blob/main/exforall/104/10435.x4 
# nds                   : https://nds.iaea.org/EXFOR/10435
#
#       E_in(MeV)         dE_in(MeV)        XS(B)             dXS(B)
        6.3140E-03        0.0000E+00        6.9074E+00        0.0000E+00
        6.3309E-03        0.0000E+00        6.5440E+00        0.0000E+00
        6.3479E-03        0.0000E+00        6.8783E+00        0.0000E+00
        6.3649E-03        0.0000E+00        7.0574E+00        0.0000E+00
        6.3820E-03        0.0000E+00        6.7185E+00        0.0000E+00
        6.3992E-03        0.0000E+00        6.7801E+00        0.0000E+00
        6.4165E-03        0.0000E+00        6.9339E+00        0.0000E+00
        6.4338E-03        0.0000E+00        6.8317E+00        0.0000E+00
        6.4512E-03        0.0000E+00        6.9074E+00        0.0000E+00
        6.4687E-03        0.0000E+00        7.1712E+00        0.0000E+00
        6.4862E-03        0.0000E+00        6.4185E+00        0.0000E+00
        6.5038E-03        0.0000E+00        6.5224E+00        0.0000E+00
        6.5215E-03        0.0000E+00        7.1750E+00        0.0000E+00
        6.5393E-03        0.0000E+00        7.1331E+00        0.0000E+00
        6.5571E-03        0.0000E+00        6.7443E+00        0.0000E+00
        6.5750E-03        0.0000E+00        6.7396E+00        0.0000E+00
        6.5930E-03        0.0000E+00        7.0946E+00        0.0000E+00
        6.6110E-03        0.0000E+00        6.8131E+00        0.0000E+00
        6.6292E-03        0.0000E+00        6.2559E+00        0.0000E+00
        6.6474E-03        0.0000E+00        6.3656E+00        0.0000E+00
        6.6656E-03        0.0000E+00        7.0140E+00        0.0000E+00
        6.6840E-03        0.0000E+00        6.9971E+00        0.0000E+00
        6.7024E-03        0.0000E+00        7.4588E+00        0.0000E+00
        6.7209E-03        0.0000E+00        7.6874E+00        0.0000E+00
        6.7395E-03        0.0000E+00        7.2696E+00        0.0000E+00
        6.7582E-03        0.0000E+00        6.7486E+00        0.0000E+00
        6.7769E-03        0.0000E+00        6.0458E+00        0.0000E+00
        6.7957E-03        0.0000E+00        6.0975E+00        0.0000E+00
        6.8146E-03        0.0000E+00        7.3146E+00        0.0000E+00
        6.8336E-03        0.0000E+00        7.6806E+00        0.0000E+00
        6.8526E-03        0.0000E+00        7.0571E+00        0.0000E+00
        6.8717E-03        0.0000E+00        6.6834E+00        0.0000E+00
        6.8909E-03        0.0000E+00        7.1204E+00        0.0000E+00
        6.9102E-03        0.0000E+00        6.6881E+00        0.0000E+00
        6.9296E-03        0.0000E+00        6.4427E+00        0.0000E+00
        6.9491E-03        0.0000E+00        6.5403E+00        0.0000E+00
        6.9686E-03        0.0000E+00        6.3825E+00        0.0000E+00
        6.9882E-03        0.0000E+00        5.2955E+00        0.0000E+00
        7.0079E-03        0.0000E+00        5.0035E+00        0.0000E+00
        7.0277E-03        0.0000E+00        5.4073E+00        0.0000E+00
        7.0476E-03        0.0000E+00        5.8696E+00        0.0000E+00
        7.0675E-03        0.0000E+00        6.3245E+00        0.0000E+00
        7.0875E-03        0.0000E+00        6.5726E+00        0.0000E+00
        7.1077E-03        0.0000E+00        6.2227E+00        0.0000E+00
        7.1279E-03        0.0000E+00        6.3968E+00        0.0000E+00
        7.1482E-03        0.0000E+00        6.6296E+00        0.0000E+00
        7.1685E-03        0.0000E+00        6.9628E+00        0.0000E+00
        7.1890E-03        0.0000E+00        6.8496E+00        0.0000E+00
        7.2096E-03        0.0000E+00        6.2276E+00        0.0000E+00
        7.2302E-03        0.0000E+00        6.6277E+00        0.0000E+00
        7.2509E-03        0.0000E+00        6.9831E+00        0.0000E+00
        7.2718E-03        0.0000E+00        6.7901E+00        0.0000E+00
        7.2927E-03        0.0000E+00        5.7397E+00        0.0000E+00
        7.3137E-03        0.0000E+00        5.5721E+00        0.0000E+00
        7.3348E-03        0.0000E+00        6.2228E+00        0.0000E+00
        7.3559E-03        0.0000E+00        6.5284E+00        0.0000E+00
        7.3772E-03        0.0000E+00        6.3628E+00        0.0000E+00
        7.3986E-03        0.0000E+00        6.6811E+00        0.0000E+00
        7.4200E-03        0.0000E+00        6.5328E+00        0.0000E+00
        7.4416E-03        0.0000E+00        5.9785E+00        0.0000E+00
        7.4632E-03        0.0000E+00        6.6762E+00        0.0000E+00
        7.4850E-03        0.0000E+00        7.0821E+00        0.0000E+00
        7.5068E-03        0.0000E+00        6.7612E+00        0.0000E+00
        7.5288E-03        0.0000E+00        6.2301E+00        0.0000E+00
        7.5508E-03        0.0000E+00        6.8067E+00        0.0000E+00
        7.5729E-03        0.0000E+00        6.3425E+00        0.0000E+00
        7.5951E-03        0.0000E+00        6.1067E+00        0.0000E+00
        7.6175E-03        0.0000E+00        6.2465E+00        0.0000E+00
        7.6399E-03        0.0000E+00        6.1858E+00        0.0000E+00
        7.6624E-03        0.0000E+00        5.8986E+00        0.0000E+00
        7.6850E-03        0.0000E+00        5.8016E+00        0.0000E+00
        7.7077E-03        0.0000E+00        6.2361E+00        0.0000E+00
        7.7306E-03        0.0000E+00        6.2576E+00        0.0000E+00
        7.7535E-03        0.0000E+00        5.9834E+00        0.0000E+00
        7.7765E-03        0.0000E+00        5.8621E+00        0.0000E+00
        7.7996E-03        0.0000E+00        5.8857E+00        0.0000E+00
        7.8229E-03        0.0000E+00        5.7290E+00        0.0000E+00
        7.8462E-03        0.0000E+00        5.8797E+00        0.0000E+00
        7.8696E-03        0.0000E+00        6.0996E+00        0.0000E+00
        7.8932E-03        0.0000E+00        5.9971E+00        0.0000E+00
        7.9168E-03        0.0000E+00        6.5101E+00        0.0000E+00
        7.9406E-03        0.0000E+00        6.8086E+00        0.0000E+00
        7.9645E-03        0.0000E+00        6.6400E+00        0.0000E+00
        7.9884E-03        0.0000E+00        6.1210E+00        0.0000E+00
        8.0125E-03        0.0000E+00        5.9225E+00        0.0000E+00
        8.0367E-03        0.0000E+00        6.1068E+00        0.0000E+00
        8.0610E-03        0.0000E+00        5.7254E+00        0.0000E+00
        8.0854E-03        0.0000E+00        5.2927E+00        0.0000E+00
        8.1099E-03        0.0000E+00        5.3755E+00        0.0000E+00
        8.1346E-03        0.0000E+00        5.7443E+00        0.0000E+00
        8.1593E-03        0.0000E+00        6.1342E+00        0.0000E+00
        8.1842E-03        0.0000E+00        6.4021E+00        0.0000E+00
        8.2091E-03        0.0000E+00        6.1585E+00        0.0000E+00
        8.2342E-03        0.0000E+00        5.9064E+00        0.0000E+00
        8.2594E-03        0.0000E+00        6.0286E+00        0.0000E+00
        8.2847E-03        0.0000E+00        6.2080E+00        0.0000E+00
        8.3102E-03        0.0000E+00        5.9951E+00        0.0000E+00
        8.3357E-03        0.0000E+00        5.9308E+00        0.0000E+00
        8.3614E-03        0.0000E+00        5.9160E+00        0.0000E+00
        8.3872E-03        0.0000E+00        5.5765E+00        0.0000E+00
        8.4131E-03        0.0000E+00        5.4476E+00        0.0000E+00
        8.4391E-03        0.0000E+00        5.4130E+00        0.0000E+00
        8.4652E-03        0.0000E+00        5.3214E+00        0.0000E+00
        8.4915E-03        0.0000E+00        5.2885E+00        0.0000E+00
        8.5179E-03        0.0000E+00        5.5222E+00        0.0000E+00
        8.5444E-03        0.0000E+00        5.4018E+00        0.0000E+00
        8.5711E-03        0.0000E+00        5.5120E+00        0.0000E+00
        8.5978E-03        0.0000E+00        5.6126E+00        0.0000E+00
        8.6247E-03        0.0000E+00        6.0979E+00        0.0000E+00
        8.6517E-03        0.0000E+00        6.0640E+00        0.0000E+00
        8.6789E-03        0.0000E+00        5.8348E+00        0.0000E+00
        8.7061E-03        0.0000E+00        5.8115E+00        0.0000E+00
        8.7335E-03        0.0000E+00        5.6102E+00        0.0000E+00
        8.7611E-03        0.0000E+00        5.5748E+00        0.0000E+00
        8.7887E-03        0.0000E+00        5.7490E+00        0.0000E+00
        8.8165E-03        0.0000E+00        5.4402E+00        0.0000E+00
        8.8444E-03        0.0000E+00        5.4145E+00        0.0000E+00
        8.8725E-03        0.0000E+00        5.5644E+00        0.0000E+00
        8.9007E-03        0.0000E+00        5.3539E+00        0.0000E+00
        8.9290E-03        0.0000E+00        5.3735E+00        0.0000E+00
        8.9575E-03        0.0000E+00        5.1902E+00        0.0000E+00
        8.9861E-03        0.0000E+00        5.5003E+00        0.0000E+00
        9.0148E-03        0.0000E+00        5.8177E+00        0.0000E+00
        9.0437E-03        0.0000E+00        5.9759E+00        0.0000E+00
        9.0727E-03        0.0000E+00        6.0807E+00        0.0000E+00
        9.1018E-03        0.0000E+00        6.1084E+00        0.0000E+00
        9.1311E-03        0.0000E+00        5.9102E+00        0.0000E+00
        9.1605E-03        0.0000E+00        6.1133E+00        0.0000E+00
        9.1901E-03        0.0000E+00        6.3640E+00        0.0000E+00
        9.2198E-03        0.0000E+00        6.3272E+00        0.0000E+00
        9.2497E-03        0.0000E+00        5.9452E+00        0.0000E+00
        9.2797E-03        0.0000E+00        6.0152E+00        0.0000E+00
        9.3099E-03        0.0000E+00        5.7382E+00        0.0000E+00
        9.3402E-03        0.0000E+00        6.1500E+00        0.0000E+00
        9.3706E-03        0.0000E+00        5.9875E+00        0.0000E+00
        9.4012E-03        0.0000E+00        6.0132E+00        0.0000E+00
        9.4320E-03        0.0000E+00        6.0417E+00        0.0000E+00
        9.4629E-03        0.0000E+00        5.7544E+00        0.0000E+00
        9.4939E-03        0.0000E+00        5.4854E+00        0.0000E+00
        9.5251E-03        0.0000E+00        5.0989E+00        0.0000E+00
        9.5565E-03        0.0000E+00        5.5608E+00        0.0000E+00
        9.5880E-03        0.0000E+00        5.8644E+00        0.0000E+00
        9.6197E-03        0.0000E+00        5.8981E+00        0.0000E+00
        9.6515E-03        0.0000E+00        5.9167E+00        0.0000E+00
        9.6835E-03        0.0000E+00        6.0007E+00        0.0000E+00
        9.7156E-03        0.0000E+00        5.8923E+00        0.0000E+00
        9.7479E-03        0.0000E+00        5.3300E+00        0.0000E+00
        9.7804E-03        0.0000E+00        5.2449E+00        0.0000E+00
        9.8130E-03        0.0000E+00        5.5685E+00        0.0000E+00
        9.8458E-03        0.0000E+00        5.5502E+00        0.0000E+00
        9.8788E-03        0.0000E+00        5.5516E+00        0.0000E+00
        9.9119E-03        0.0000E+00        5.6381E+00        0.0000E+00
        9.9452E-03        0.0000E+00        5.3028E+00        0.0000E+00
        9.9786E-03        0.0000E+00        5.0693E+00        0.0000E+00
        1.0012E-02        0.0000E+00        5.4019E+00        0.0000E+00
        1.0046E-02        0.0000E+00        5.7794E+00        0.0000E+00
        1.0080E-02        0.0000E+00        5.7054E+00        0.0000E+00
        1.0114E-02        0.0000E+00        5.9068E+00        0.0000E+00
        1.0148E-02        0.0000E+00        6.0215E+00        0.0000E+00
        1.0183E-02        0.0000E+00        5.6617E+00        0.0000E+00
        1.0218E-02        0.0000E+00        5.4501E+00        0.0000E+00
        1.0252E-02        0.0000E+00        5.6853E+00        0.0000E+00
        1.0287E-02        0.0000E+00        5.7728E+00        0.0000E+00
        1.0323E-02        0.0000E+00        5.5831E+00        0.0000E+00
        1.0358E-02        0.0000E+00        5.4032E+00        0.0000E+00
        1.0394E-02        0.0000E+00        5.3478E+00        0.0000E+00
        1.0429E-02        0.0000E+00        5.4185E+00        0.0000E+00
        1.0465E-02        0.0000E+00        5.2208E+00        0.0000E+00
        1.0501E-02        0.0000E+00        4.9746E+00        0.0000E+00
        1.0538E-02        0.0000E+00        4.9258E+00        0.0000E+00
        1.0574E-02        0.0000E+00        5.1635E+00        0.0000E+00
        1.0611E-02        0.0000E+00        5.1103E+00        0.0000E+00
        1.0648E-02        0.0000E+00        4.8263E+00        0.0000E+00
        1.0685E-02        0.0000E+00        5.0508E+00        0.0000E+00
        1.0722E-02        0.0000E+00        5.3206E+00        0.0000E+00
        1.0760E-02        0.0000E+00        4.8985E+00        0.0000E+00
        1.0797E-02        0.0000E+00        4.7087E+00        0.0000E+00
        1.0835E-02        0.0000E+00        4.6604E+00        0.0000E+00
        1.0873E-02        0.0000E+00        4.6832E+00        0.0000E+00
        1.0911E-02        0.0000E+00        4.8073E+00        0.0000E+00
        1.0950E-02        0.0000E+00        5.0498E+00        0.0000E+00
        1.0989E-02        0.0000E+00        4.7668E+00        0.0000E+00
        1.1027E-02        0.0000E+00        4.8899E+00        0.0000E+00
        1.1066E-02        0.0000E+00        5.0777E+00        0.0000E+00
        1.1106E-02        0.0000E+00        5.0204E+00        0.0000E+00
        1.1145E-02        0.0000E+00        5.1192E+00        0.0000E+00
        1.1185E-02        0.0000E+00        4.8815E+00        0.0000E+00
        1.1225E-02        0.0000E+00        4.8904E+00        0.0000E+00
        1.1265E-02        0.0000E+00        5.2449E+00        0.0000E+00
        1.1305E-02        0.0000E+00        5.3212E+00        0.0000E+00
        1.1346E-02        0.0000E+00        5.0388E+00        0.0000E+00
        1.1387E-02        0.0000E+00        5.0771E+00        0.0000E+00
        1.1428E-02        0.0000E+00        5.3034E+00        0.0000E+00
        1.1469E-02        0.0000E+00        5.1795E+00        0.0000E+00
        1.1510E-02        0.0000E+00        5.1671E+00        0.0000E+00
        1.1552E-02        0.0000E+00        4.9703E+00        0.0000E+00
        1.1594E-02        0.0000E+00        5.2321E+00        0.0000E+00
        1.1636E-02        0.0000E+00        5.1288E+00        0.0000E+00
        1.1678E-02        0.0000E+00        4.9303E+00        0.0000E+00
        1.1721E-02        0.0000E+00        4.7208E+00        0.0000E+00
        1.1764E-02        0.0000E+00        5.0583E+00        0.0000E+00
        1.1807E-02        0.0000E+00        5.3391E+00        0.0000E+00
        1.1850E-02        0.0000E+00        5.1701E+00        0.0000E+00
        1.1894E-02        0.0000E+00        5.2367E+00        0.0000E+00
        1.1937E-02        0.0000E+00        5.1055E+00        0.0000E+00
        1.1981E-02        0.0000E+00        4.5658E+00        0.0000E+00
        1.2026E-02        0.0000E+00        4.6072E+00        0.0000E+00
        1.2070E-02        0.0000E+00        4.8904E+00        0.0000E+00
        1.2115E-02        0.0000E+00        4.9340E+00        0.0000E+00
        1.2160E-02        0.0000E+00        5.0914E+00        0.0000E+00
        1.2205E-02        0.0000E+00        5.0424E+00        0.0000E+00
        1.2251E-02        0.0000E+00        4.8217E+00        0.0000E+00
        1.2296E-02        0.0000E+00        4.7306E+00        0.0000E+00
        1.2342E-02        0.0000E+00        4.9357E+00        0.0000E+00
        1.2389E-02        0.0000E+00        4.9976E+00        0.0000E+00
        1.2435E-02        0.0000E+00        4.9300E+00        0.0000E+00
        1.2482E-02        0.0000E+00        4.6225E+00        0.0000E+00
        1.2529E-02        0.0000E+00        4.5804E+00        0.0000E+00
        1.2576E-02        0.0000E+00        4.9752E+00        0.0000E+00
        1.2624E-02        0.0000E+00        5.0627E+00        0.0000E+00
        1.2672E-02        0.0000E+00        4.8269E+00        0.0000E+00
        1.2720E-02        0.0000E+00        5.0944E+00        0.0000E+00
        1.2768E-02        0.0000E+00        5.0640E+00        0.0000E+00
        1.2817E-02        0.0000E+00        5.0446E+00        0.0000E+00
        1.2866E-02        0.0000E+00        4.9897E+00        0.0000E+00
        1.2915E-02        0.0000E+00        4.9911E+00        0.0000E+00
        1.2965E-02        0.0000E+00        4.7076E+00        0.0000E+00
        1.3015E-02        0.0000E+00        4.5925E+00        0.0000E+00
        1.3065E-02        0.0000E+00        4.5020E+00        0.0000E+00
        1.3115E-02        0.0000E+00        4.6130E+00        0.0000E+00
        1.3166E-02        0.0000E+00        4.8151E+00        0.0000E+00
        1.3217E-02        0.0000E+00        4.6724E+00        0.0000E+00
        1.3268E-02        0.0000E+00        4.5595E+00        0.0000E+00
        1.3320E-02        0.0000E+00        4.4753E+00        0.0000E+00
        1.3371E-02        0.0000E+00        4.4713E+00        0.0000E+00
        1.3424E-02        0.0000E+00        4.4946E+00        0.0000E+00
        1.3476E-02        0.0000E+00        4.6313E+00        0.0000E+00
        1.3529E-02        0.0000E+00        4.7854E+00        0.0000E+00
        1.3582E-02        0.0000E+00        4.7564E+00        0.0000E+00
        1.3635E-02        0.0000E+00        4.8918E+00        0.0000E+00
        1.3689E-02        0.0000E+00        4.6402E+00        0.0000E+00
        1.3743E-02        0.0000E+00        4.5164E+00        0.0000E+00
        1.3798E-02        0.0000E+00        4.6832E+00        0.0000E+00
        1.3852E-02        0.0000E+00        4.7386E+00        0.0000E+00
        1.3907E-02        0.0000E+00        4.6908E+00        0.0000E+00
        1.3963E-02        0.0000E+00        4.6725E+00        0.0000E+00
        1.4018E-02        0.0000E+00        4.6080E+00        0.0000E+00
        1.4074E-02        0.0000E+00        4.2943E+00        0.0000E+00
        1.4131E-02        0.0000E+00        4.1006E+00        0.0000E+00
        1.4187E-02        0.0000E+00        4.1727E+00        0.0000E+00
        1.4245E-02        0.0000E+00        4.4059E+00        0.0000E+00
        1.4302E-02        0.0000E+00        4.2354E+00        0.0000E+00
        1.4360E-02        0.0000E+00        4.2664E+00        0.0000E+00
        1.4418E-02        0.0000E+00        4.3665E+00        0.0000E+00
        1.4476E-02        0.0000E+00        4.4717E+00        0.0000E+00
        1.4535E-02        0.0000E+00        4.3840E+00        0.0000E+00
        1.4594E-02        0.0000E+00        4.3478E+00        0.0000E+00
        1.4653E-02        0.0000E+00        4.2105E+00        0.0000E+00
        1.4713E-02        0.0000E+00        4.2642E+00        0.0000E+00
        1.4774E-02        0.0000E+00        4.4424E+00        0.0000E+00
        1.4834E-02        0.0000E+00        4.6259E+00        0.0000E+00
        1.4895E-02        0.0000E+00        4.5754E+00        0.0000E+00
        1.4957E-02        0.0000E+00        4.5721E+00        0.0000E+00
        1.5018E-02        0.0000E+00        4.6459E+00        0.0000E+00
        1.5080E-02        0.0000E+00        4.4249E+00        0.0000E+00
        1.5143E-02        0.0000E+00        4.3382E+00        0.0000E+00
        1.5206E-02        0.0000E+00        4.7034E+00        0.0000E+00
        1.5269E-02        0.0000E+00        4.4547E+00        0.0000E+00
        1.5333E-02        0.0000E+00        4.2058E+00        0.0000E+00
        1.5397E-02        0.0000E+00        4.0690E+00        0.0000E+00
        1.5461E-02        0.0000E+00        4.2832E+00        0.0000E+00
        1.5526E-02        0.0000E+00        4.2809E+00        0.0000E+00
        1.5592E-02        0.0000E+00        4.1475E+00        0.0000E+00
        1.5657E-02        0.0000E+00        4.3947E+00        0.0000E+00
        1.5724E-02        0.0000E+00        4.4495E+00        0.0000E+00
        1.5790E-02        0.0000E+00        4.3366E+00        0.0000E+00
        1.5857E-02        0.0000E+00        4.3202E+00        0.0000E+00
        1.5924E-02        0.0000E+00        4.3319E+00        0.0000E+00
        1.5992E-02        0.0000E+00        4.5707E+00        0.0000E+00
        1.6061E-02        0.0000E+00        4.1819E+00        0.0000E+00
        1.6129E-02        0.0000E+00        3.9021E+00        0.0000E+00
        1.6198E-02        0.0000E+00        4.0317E+00        0.0000E+00
        1.6268E-02        0.0000E+00        4.1882E+00        0.0000E+00
        1.6338E-02        0.0000E+00        3.9898E+00        0.0000E+00
        1.6408E-02        0.0000E+00        3.8190E+00        0.0000E+00
        1.6480E-02        0.0000E+00        3.9560E+00        0.0000E+00
        1.6551E-02        0.0000E+00        4.0777E+00        0.0000E+00
        1.6623E-02        0.0000E+00        3.9195E+00        0.0000E+00
        1.6695E-02        0.0000E+00        3.9771E+00        0.0000E+00
        1.6768E-02        0.0000E+00        4.2299E+00        0.0000E+00
        1.6841E-02        0.0000E+00        4.1260E+00        0.0000E+00
        1.6915E-02        0.0000E+00        4.1856E+00        0.0000E+00
        1.6989E-02        0.0000E+00        4.0734E+00        0.0000E+00
        1.7064E-02        0.0000E+00        3.8829E+00        0.0000E+00
        1.7139E-02        0.0000E+00        4.0808E+00        0.0000E+00
        1.7215E-02        0.0000E+00        3.9928E+00        0.0000E+00
        1.7291E-02        0.0000E+00        3.5906E+00        0.0000E+00
        1.7368E-02        0.0000E+00        3.6309E+00        0.0000E+00
        1.7445E-02        0.0000E+00        3.8159E+00        0.0000E+00
        1.7523E-02        0.0000E+00        3.7477E+00        0.0000E+00
        1.7601E-02        0.0000E+00        3.8837E+00        0.0000E+00
        1.7680E-02        0.0000E+00        3.9821E+00        0.0000E+00
        1.7760E-02        0.0000E+00        3.8543E+00        0.0000E+00
        1.7840E-02        0.0000E+00        3.8448E+00        0.0000E+00
        1.7920E-02        0.0000E+00        3.9047E+00        0.0000E+00
        1.8001E-02        0.0000E+00        3.9335E+00        0.0000E+00
        1.8083E-02        0.0000E+00        3.7364E+00        0.0000E+00
        1.8165E-02        0.0000E+00        3.7597E+00        0.0000E+00
        1.8247E-02        0.0000E+00        3.8134E+00        0.0000E+00
        1.8331E-02        0.0000E+00        3.8629E+00        0.0000E+00
        1.8414E-02        0.0000E+00        3.8559E+00        0.0000E+00
        1.8499E-02        0.0000E+00        3.5456E+00        0.0000E+00
        1.8584E-02        0.0000E+00        3.6824E+00        0.0000E+00
        1.8669E-02        0.0000E+00        3.6476E+00        0.0000E+00
        1.8755E-02        0.0000E+00        3.7613E+00        0.0000E+00
        1.8842E-02        0.0000E+00        3.6377E+00        0.0000E+00
        1.8929E-02        0.0000E+00        3.6892E+00        0.0000E+00
        1.9017E-02        0.0000E+00        3.6791E+00        0.0000E+00
        1.9106E-02        0.0000E+00        3.7768E+00        0.0000E+00
        1.9195E-02        0.0000E+00        3.7339E+00        0.0000E+00
        1.9285E-02        0.0000E+00        3.7336E+00        0.0000E+00
        1.9375E-02        0.0000E+00        3.7728E+00        0.0000E+00
        1.9466E-02        0.0000E+00        3.6045E+00        0.0000E+00
        1.9558E-02        0.0000E+00        3.7081E+00        0.0000E+00
        1.9651E-02        0.0000E+00        3.6641E+00        0.0000E+00
        1.9744E-02        0.0000E+00        3.8165E+00        0.0000E+00
        1.9837E-02        0.0000E+00        3.6160E+00        0.0000E+00
        1.9932E-02        0.0000E+00        3.5363E+00        0.0000E+00
        2.0027E-02        0.0000E+00        3.6741E+00        0.0000E+00
        2.0122E-02        0.0000E+00        3.6981E+00        0.0000E+00
        2.0219E-02        0.0000E+00        3.6726E+00        0.0000E+00
        2.0316E-02        0.0000E+00        3.6549E+00        0.0000E+00
        2.0414E-02        0.0000E+00        3.6119E+00        0.0000E+00
        2.0512E-02        0.0000E+00        3.6914E+00        0.0000E+00
        2.0611E-02        0.0000E+00        3.5744E+00        0.0000E+00
        2.0711E-02        0.0000E+00        3.3459E+00        0.0000E+00
        2.0812E-02        0.0000E+00        3.5664E+00        0.0000E+00
        2.0913E-02        0.0000E+00        3.5784E+00        0.0000E+00
        2.1015E-02        0.0000E+00        3.5447E+00        0.0000E+00
        2.1118E-02        0.0000E+00        3.3895E+00        0.0000E+00
        2.1222E-02        0.0000E+00        3.4157E+00        0.0000E+00
        2.1326E-02        0.0000E+00        3.4523E+00        0.0000E+00
        2.1431E-02        0.0000E+00        3.5321E+00        0.0000E+00
        2.1538E-02        0.0000E+00        3.5856E+00        0.0000E+00
        2.1644E-02        0.0000E+00        3.5856E+00        0.0000E+00
        2.1752E-02        0.0000E+00        3.2091E+00        0.0000E+00
        2.1860E-02        0.0000E+00        3.3569E+00        0.0000E+00
        2.1969E-02        0.0000E+00        3.3684E+00        0.0000E+00
        2.2079E-02        0.0000E+00        3.2933E+00        0.0000E+00
        2.2190E-02        0.0000E+00        3.2917E+00        0.0000E+00
        2.2302E-02        0.0000E+00        3.2130E+00        0.0000E+00
        2.2414E-02        0.0000E+00        3.1727E+00        0.0000E+00
        2.2528E-02        0.0000E+00        3.2456E+00        0.0000E+00
        2.2642E-02        0.0000E+00        3.2716E+00        0.0000E+00
        2.2757E-02        0.0000E+00        3.3484E+00        0.0000E+00
        2.2873E-02        0.0000E+00        3.4074E+00        0.0000E+00
        2.2990E-02        0.0000E+00        3.2125E+00        0.0000E+00
        2.3107E-02        0.0000E+00        3.4332E+00        0.0000E+00
        2.3226E-02        0.0000E+00        3.3484E+00        0.0000E+00
        2.3346E-02        0.0000E+00        3.2206E+00        0.0000E+00
        2.3466E-02        0.0000E+00        3.3227E+00        0.0000E+00
        2.3588E-02        0.0000E+00        3.3471E+00        0.0000E+00
        2.3710E-02        0.0000E+00        3.2643E+00        0.0000E+00
        2.3833E-02        0.0000E+00        3.2232E+00        0.0000E+00
        2.3957E-02        0.0000E+00        3.2683E+00        0.0000E+00
        2.4083E-02        0.0000E+00        3.1190E+00        0.0000E+00
        2.4209E-02        0.0000E+00        3.1631E+00        0.0000E+00
        2.4336E-02        0.0000E+00        3.3002E+00        0.0000E+00
        2.4465E-02        0.0000E+00        3.4011E+00        0.0000E+00
        2.4594E-02        0.0000E+00        3.4049E+00        0.0000E+00
        2.4724E-02        0.0000E+00        3.3987E+00        0.0000E+00
        2.4855E-02        0.0000E+00        3.3074E+00        0.0000E+00
        2.4988E-02        0.0000E+00        3.4277E+00        0.0000E+00
        2.5121E-02        0.0000E+00        3.4395E+00        0.0000E+00
        2.5256E-02        0.0000E+00        3.4315E+00        0.0000E+00
        2.5391E-02        0.0000E+00        3.2697E+00        0.0000E+00
        2.5528E-02        0.0000E+00        3.2130E+00        0.0000E+00
        2.5666E-02        0.0000E+00        3.2213E+00        0.0000E+00
        2.5805E-02        0.0000E+00        3.3007E+00        0.0000E+00
        2.5945E-02        0.0000E+00        3.1496E+00        0.0000E+00
        2.6086E-02        0.0000E+00        3.1381E+00        0.0000E+00
        2.6228E-02        0.0000E+00        3.1337E+00        0.0000E+00
        2.6372E-02        0.0000E+00        3.1434E+00        0.0000E+00
        2.6517E-02        0.0000E+00        3.0373E+00        0.0000E+00
        2.6663E-02        0.0000E+00        3.0049E+00        0.0000E+00
        2.6810E-02        0.0000E+00        3.0405E+00        0.0000E+00
        2.6958E-02        0.0000E+00        3.0071E+00        0.0000E+00
        2.7108E-02        0.0000E+00        3.0652E+00        0.0000E+00
        2.7258E-02        0.0000E+00        3.0088E+00        0.0000E+00
        2.7410E-02        0.0000E+00        3.1129E+00        0.0000E+00
        2.7564E-02        0.0000E+00        3.0252E+00        0.0000E+00
        2.7718E-02        0.0000E+00        2.9026E+00        0.0000E+00
        2.7874E-02        0.0000E+00        2.9552E+00        0.0000E+00
        2.8032E-02        0.0000E+00        3.1329E+00        0.0000E+00
        2.8190E-02        0.0000E+00        2.9423E+00        0.0000E+00
        2.8350E-02        0.0000E+00        2.9281E+00        0.0000E+00
        2.8511E-02        0.0000E+00        3.0287E+00        0.0000E+00
        2.8674E-02        0.0000E+00        2.9855E+00        0.0000E+00
        2.8838E-02        0.0000E+00        2.7712E+00        0.0000E+00
        2.9004E-02        0.0000E+00        2.8122E+00        0.0000E+00
        2.9171E-02        0.0000E+00        3.0520E+00        0.0000E+00
        2.9339E-02        0.0000E+00        3.0155E+00        0.0000E+00
        2.9509E-02        0.0000E+00        2.9053E+00        0.0000E+00
        2.9680E-02        0.0000E+00        2.7562E+00        0.0000E+00
        2.9853E-02        0.0000E+00        2.8632E+00        0.0000E+00
        3.0027E-02        0.0000E+00        2.7586E+00        0.0000E+00
        3.0203E-02        0.0000E+00        2.7645E+00        0.0000E+00
        3.0381E-02        0.0000E+00        3.0219E+00        0.0000E+00
        3.0559E-02        0.0000E+00        3.1834E+00        0.0000E+00
        3.0740E-02        0.0000E+00        3.2051E+00        0.0000E+00
        3.0922E-02        0.0000E+00        2.9618E+00        0.0000E+00
        3.1106E-02        0.0000E+00        2.7102E+00        0.0000E+00
        3.1291E-02        0.0000E+00        2.6967E+00        0.0000E+00
        3.1479E-02        0.0000E+00        2.7542E+00        0.0000E+00
        3.1667E-02        0.0000E+00        2.7593E+00        0.0000E+00
        3.1858E-02        0.0000E+00        2.8113E+00        0.0000E+00
        3.2050E-02        0.0000E+00        2.7357E+00        0.0000E+00
        3.2244E-02        0.0000E+00        2.7787E+00        0.0000E+00
        3.2440E-02        0.0000E+00        2.6824E+00        0.0000E+00
        3.2637E-02        0.0000E+00        2.5379E+00        0.0000E+00
        3.2836E-02        0.0000E+00        2.5161E+00        0.0000E+00
        3.9252E-02        0.0000E+00        2.5538E+00        0.0000E+00
        3.9515E-02        0.0000E+00        2.3757E+00        0.0000E+00
        3.9781E-02        0.0000E+00        2.5135E+00        0.0000E+00
        4.0049E-02        0.0000E+00        2.5621E+00        0.0000E+00
        4.0320E-02        0.0000E+00        2.5698E+00        0.0000E+00
        4.0594E-02        0.0000E+00        2.5054E+00        0.0000E+00
        4.0870E-02        0.0000E+00        2.5599E+00        0.0000E+00
        4.1150E-02        0.0000E+00        2.6010E+00        0.0000E+00
        4.1432E-02        0.0000E+00        2.6443E+00        0.0000E+00
        4.1717E-02        0.0000E+00        2.4458E+00        0.0000E+00
        4.2006E-02        0.0000E+00        2.5445E+00        0.0000E+00
        4.2297E-02        0.0000E+00        2.5097E+00        0.0000E+00
        4.2591E-02        0.0000E+00        2.5006E+00        0.0000E+00
        4.2889E-02        0.0000E+00        2.4801E+00        0.0000E+00
        4.3189E-02        0.0000E+00        2.7110E+00        0.0000E+00
        4.3493E-02        0.0000E+00        2.3743E+00        0.0000E+00
        4.3799E-02        0.0000E+00        2.5012E+00        0.0000E+00
        4.4110E-02        0.0000E+00        2.4803E+00        0.0000E+00
        4.4423E-02        0.0000E+00        2.4703E+00        0.0000E+00
        4.4740E-02        0.0000E+00        2.4866E+00        0.0000E+00
        4.5060E-02        0.0000E+00        2.2944E+00        0.0000E+00
        4.5383E-02        0.0000E+00        2.3665E+00        0.0000E+00
        4.5710E-02        0.0000E+00        2.3633E+00        0.0000E+00
        4.6041E-02        0.0000E+00        2.3712E+00        0.0000E+00
        4.6375E-02        0.0000E+00        2.4226E+00        0.0000E+00
        4.6713E-02        0.0000E+00        2.4009E+00        0.0000E+00
        4.7055E-02        0.0000E+00        2.3002E+00        0.0000E+00
        4.7400E-02        0.0000E+00        2.3768E+00        0.0000E+00
        4.7749E-02        0.0000E+00        2.3211E+00        0.0000E+00
        4.8102E-02        0.0000E+00        2.2925E+00        0.0000E+00
        4.8459E-02        0.0000E+00        2.2890E+00        0.0000E+00
        4.8820E-02        0.0000E+00        2.2725E+00        0.0000E+00
        4.9185E-02        0.0000E+00        2.2484E+00        0.0000E+00
        4.9554E-02        0.0000E+00        2.2750E+00        0.0000E+00
        4.9928E-02        0.0000E+00        2.2402E+00        0.0000E+00
        5.0305E-02        0.0000E+00        2.2783E+00        0.0000E+00
        5.0687E-02        0.0000E+00        2.3230E+00        0.0000E+00
        5.1073E-02        0.0000E+00        2.1905E+00        0.0000E+00
        5.1464E-02        0.0000E+00        2.1839E+00        0.0000E+00
        5.1859E-02        0.0000E+00        2.1886E+00        0.0000E+00
        5.2259E-02        0.0000E+00        2.2180E+00        0.0000E+00
        5.2663E-02        0.0000E+00        2.1903E+00        0.0000E+00
        5.3072E-02        0.0000E+00        2.2572E+00        0.0000E+00
        5.3486E-02        0.0000E+00        2.2885E+00        0.0000E+00
        5.3905E-02        0.0000E+00        2.2366E+00        0.0000E+00
        5.4328E-02        0.0000E+00        2.2972E+00        0.0000E+00
        5.4757E-02        0.0000E+00        2.1621E+00        0.0000E+00
        5.5190E-02        0.0000E+00        2.2029E+00        0.0000E+00
        5.5629E-02        0.0000E+00        2.1133E+00        0.0000E+00
        5.6073E-02        0.0000E+00        2.0902E+00        0.0000E+00
        5.6523E-02        0.0000E+00        2.1275E+00        0.0000E+00
        5.6978E-02        0.0000E+00        2.1332E+00        0.0000E+00
        5.7438E-02        0.0000E+00        2.1078E+00        0.0000E+00
        5.7904E-02        0.0000E+00        2.0475E+00        0.0000E+00
        5.8376E-02        0.0000E+00        2.0417E+00        0.0000E+00
        5.8854E-02        0.0000E+00        2.0650E+00        0.0000E+00
        5.9337E-02        0.0000E+00        2.0496E+00        0.0000E+00
        5.9826E-02        0.0000E+00        2.0617E+00        0.0000E+00
        6.0322E-02        0.0000E+00        2.0395E+00        0.0000E+00
        6.0823E-02        0.0000E+00        1.9973E+00        0.0000E+00
        6.1331E-02        0.0000E+00        2.0082E+00        0.0000E+00
        6.1846E-02        0.0000E+00        2.0394E+00        0.0000E+00
        6.2366E-02        0.0000E+00        2.0839E+00        0.0000E+00
        6.2894E-02        0.0000E+00        2.0946E+00        0.0000E+00
        6.3428E-02        0.0000E+00        1.9893E+00        0.0000E+00
        6.3969E-02        0.0000E+00        2.0633E+00        0.0000E+00
        6.4517E-02        0.0000E+00        2.1108E+00        0.0000E+00
        6.5072E-02        0.0000E+00        1.9942E+00        0.0000E+00
        6.5634E-02        0.0000E+00        1.9451E+00        0.0000E+00
        6.6203E-02        0.0000E+00        1.9756E+00        0.0000E+00
        6.6780E-02        0.0000E+00        2.0176E+00        0.0000E+00
        6.7365E-02        0.0000E+00        2.0455E+00        0.0000E+00
        6.7957E-02        0.0000E+00        1.9739E+00        0.0000E+00
        6.8557E-02        0.0000E+00        1.9832E+00        0.0000E+00
        6.9165E-02        0.0000E+00        1.9874E+00        0.0000E+00
        6.9781E-02        0.0000E+00        1.9533E+00        0.0000E+00
        7.0406E-02        0.0000E+00        1.9811E+00        0.0000E+00
        7.1039E-02        0.0000E+00        1.9663E+00        0.0000E+00
        7.1680E-02        0.0000E+00        1.9065E+00        0.0000E+00
        7.2330E-02        0.0000E+00        1.8868E+00        0.0000E+00
        7.2989E-02        0.0000E+00        1.9292E+00        0.0000E+00
        7.3657E-02        0.0000E+00        1.8494E+00        0.0000E+00
        7.4335E-02        0.0000E+00        1.8160E+00        0.0000E+00
        7.5021E-02        0.0000E+00        1.7894E+00        0.0000E+00
        7.5718E-02        0.0000E+00        1.7651E+00        0.0000E+00
        7.6424E-02        0.0000E+00        1.7535E+00        0.0000E+00
        7.7140E-02        0.0000E+00        1.7875E+00        0.0000E+00
        7.7866E-02        0.0000E+00        1.7650E+00        0.0000E+00
        7.8602E-02        0.0000E+00        1.8125E+00        0.0000E+00
        7.9349E-02        0.0000E+00        1.7445E+00        0.0000E+00
        8.0106E-02        0.0000E+00        1.7455E+00        0.0000E+00
        8.0875E-02        0.0000E+00        1.7140E+00        0.0000E+00
        8.1654E-02        0.0000E+00        1.6101E+00        0.0000E+00
        8.2445E-02        0.0000E+00        1.4044E+00        0.0000E+00
        8.3247E-02        0.0000E+00        1.5709E+00        0.0000E+00
        8.4061E-02        0.0000E+00        1.5690E+00        0.0000E+00
        1.2976E-01        0.0000E+00        1.1495E+00        0.0000E+00
        1.3135E-01        0.0000E+00        1.1616E+00        0.0000E+00
        1.3296E-01        0.0000E+00        1.0871E+00        0.0000E+00
        1.3461E-01        0.0000E+00        1.1228E+00        0.0000E+00
        1.3629E-01        0.0000E+00        1.0739E+00        0.0000E+00
        1.3800E-01        0.0000E+00        1.0728E+00        0.0000E+00
        1.3974E-01        0.0000E+00        1.0898E+00        0.0000E+00
        1.4151E-01        0.0000E+00        9.1870E-01        0.0000E+00
        1.4332E-01        0.0000E+00        1.0664E+00        0.0000E+00
        1.4516E-01        0.0000E+00        9.9190E-01        0.0000E+00
        1.4704E-01        0.0000E+00        1.1358E+00        0.0000E+00
        1.4896E-01        0.0000E+00        1.1885E+00        0.0000E+00
        1.5091E-01        0.0000E+00        1.1459E+00        0.0000E+00
        1.5290E-01        0.0000E+00        1.2152E+00        0.0000E+00
        1.5494E-01        0.0000E+00        1.1224E+00        0.0000E+00
        1.5701E-01        0.0000E+00        1.0648E+00        0.0000E+00
        1.5912E-01        0.0000E+00        1.1816E+00        0.0000E+00
        1.6128E-01        0.0000E+00        1.2162E+00        0.0000E+00
        1.6348E-01        0.0000E+00        1.2747E+00        0.0000E+00
        1.6573E-01        0.0000E+00        1.0853E+00        0.0000E+00
        1.6802E-01        0.0000E+00        1.0144E+00        0.0000E+00
        1.7036E-01        0.0000E+00        9.8940E-01        0.0000E+00
        1.7276E-01        0.0000E+00        9.6780E-01        0.0000E+00
        1.7520E-01        0.0000E+00        9.8500E-01        0.0000E+00
        1.7769E-01        0.0000E+00        9.4450E-01        0.0000E+00
        1.8024E-01        0.0000E+00        8.9300E-01        0.0000E+00
        1.8284E-01        0.0000E+00        9.1970E-01        0.0000E+00
        1.8550E-01        0.0000E+00        9.4590E-01        0.0000E+00
        1.8822E-01        0.0000E+00        8.1970E-01        0.0000E+00
        1.9100E-01        0.0000E+00        8.4730E-01        0.0000E+00
        1.9384E-01        0.0000E+00        7.9990E-01        0.0000E+00
        1.9674E-01        0.0000E+00        7.7980E-01        0.0000E+00
        1.9971E-01        0.0000E+00        8.0190E-01        0.0000E+00
        2.2975E-01        0.0000E+00        7.7370E-01        0.0000E+00
        2.3350E-01        0.0000E+00        7.7870E-01        0.0000E+00
        2.3735E-01        0.0000E+00        7.7790E-01        0.0000E+00
        2.4129E-01        0.0000E+00        7.4860E-01        0.0000E+00
        2.4533E-01        0.0000E+00        7.9490E-01        0.0000E+00
        2.4947E-01        0.0000E+00        7.9610E-01        0.0000E+00
        2.5371E-01        0.0000E+00        7.0580E-01        0.0000E+00
        2.5807E-01        0.0000E+00        7.2920E-01        0.0000E+00
        2.6254E-01        0.0000E+00        7.1300E-01        0.0000E+00
        2.6712E-01        0.0000E+00        6.8410E-01        0.0000E+00
        2.7183E-01        0.0000E+00        7.0900E-01        0.0000E+00
        2.7666E-01        0.0000E+00        6.9600E-01        0.0000E+00
        2.8162E-01        0.0000E+00        7.0180E-01        0.0000E+00
        2.8672E-01        0.0000E+00        7.6120E-01        0.0000E+00
        2.9196E-01        0.0000E+00        7.0870E-01        0.0000E+00
        2.9734E-01        0.0000E+00        6.3410E-01        0.0000E+00
