# entry-subent-pointer  : 30702-005-0 
# EXFOR reaction        : ['14-SI-28', ['N,A'], '12-MG-25,PAR,SIG'] 
# incident energy       : 1.2801e+01 MeV - 1.6242e+01 MeV 
# target                : Si-28 
# product               : Mg-25 
# level energy          : 1.6120e+00 MeV 
# MF-MT number          : 3 - 803 
# first author          : D.W.Mingay 
# institute             : (3SAFWIT): University of the Witwatersrand, Johannesburg 
# reference             : (J,NIM,94,497,197103) 
# year                  : 1971 
# facility              : None 
# git                   : https://github.com/IAEA-NDS/exfor_master/blob/main/exforall/307/30702.x4 
# nds                   : https://nds.iaea.org/EXFOR/30702
#
#       E_in(MeV)       dE_in(MeV)            XS(B)           dXS(B)
      1.28010E+01      0.00000E+00      1.61600E-02      0.00000E+00
      1.28130E+01      0.00000E+00      1.59400E-02      0.00000E+00
      1.28260E+01      0.00000E+00      1.68900E-02      0.00000E+00
      1.28400E+01      0.00000E+00      1.88900E-02      0.00000E+00
      1.28530E+01      0.00000E+00      1.74300E-02      0.00000E+00
      1.28680E+01      0.00000E+00      2.08400E-02      0.00000E+00
      1.28820E+01      0.00000E+00      2.35900E-02      0.00000E+00
      1.28980E+01      0.00000E+00      2.40900E-02      0.00000E+00
      1.29130E+01      0.00000E+00      2.11500E-02      0.00000E+00
      1.29290E+01      0.00000E+00      2.13500E-02      0.00000E+00
      1.29460E+01      0.00000E+00      2.03900E-02      0.00000E+00
      1.29620E+01      0.00000E+00      2.01500E-02      0.00000E+00
      1.29800E+01      0.00000E+00      2.05700E-02      0.00000E+00
      1.29970E+01      0.00000E+00      1.73700E-02      0.00000E+00
      1.30150E+01      0.00000E+00      1.56300E-02      0.00000E+00
      1.30340E+01      0.00000E+00      1.39400E-02      0.00000E+00
      1.30530E+01      0.00000E+00      1.27000E-02      0.00000E+00
      1.30720E+01      0.00000E+00      1.12500E-02      0.00000E+00
      1.30920E+01      0.00000E+00      1.13200E-02      0.00000E+00
      1.31120E+01      0.00000E+00      1.02600E-02      0.00000E+00
      1.31320E+01      0.00000E+00      1.27300E-02      0.00000E+00
      1.31530E+01      0.00000E+00      1.26400E-02      0.00000E+00
      1.31750E+01      0.00000E+00      1.24300E-02      0.00000E+00
      1.31960E+01      0.00000E+00      1.31300E-02      0.00000E+00
      1.32180E+01      0.00000E+00      1.39700E-02      0.00000E+00
      1.32400E+01      0.00000E+00      1.35500E-02      0.00000E+00
      1.32630E+01      0.00000E+00      1.26800E-02      0.00000E+00
      1.32860E+01      0.00000E+00      1.23900E-02      0.00000E+00
      1.33100E+01      0.00000E+00      1.29500E-02      0.00000E+00
      1.33330E+01      0.00000E+00      1.33200E-02      0.00000E+00
      1.33570E+01      0.00000E+00      1.18300E-02      0.00000E+00
      1.33820E+01      0.00000E+00      1.05600E-02      0.00000E+00
      1.34070E+01      0.00000E+00      1.00600E-02      0.00000E+00
      1.34320E+01      0.00000E+00      1.04700E-02      0.00000E+00
      1.34570E+01      0.00000E+00      1.13900E-02      0.00000E+00
      1.34830E+01      0.00000E+00      1.19300E-02      0.00000E+00
      1.35090E+01      0.00000E+00      1.01300E-02      0.00000E+00
      1.35350E+01      0.00000E+00      9.12000E-03      0.00000E+00
      1.35610E+01      0.00000E+00      8.38000E-03      0.00000E+00
      1.35880E+01      0.00000E+00      7.75000E-03      0.00000E+00
      1.36150E+01      0.00000E+00      9.39000E-03      0.00000E+00
      1.36430E+01      0.00000E+00      1.15200E-02      0.00000E+00
      1.36700E+01      0.00000E+00      1.27300E-02      0.00000E+00
      1.36980E+01      0.00000E+00      1.10300E-02      0.00000E+00
      1.37260E+01      0.00000E+00      1.03100E-02      0.00000E+00
      1.37550E+01      0.00000E+00      1.07300E-02      0.00000E+00
      1.37830E+01      0.00000E+00      1.06400E-02      0.00000E+00
      1.38120E+01      0.00000E+00      1.05000E-02      0.00000E+00
      1.38410E+01      0.00000E+00      9.93000E-03      0.00000E+00
      1.38700E+01      0.00000E+00      8.89000E-03      0.00000E+00
      1.39000E+01      0.00000E+00      8.86000E-03      0.00000E+00
      1.39290E+01      0.00000E+00      9.21000E-03      0.00000E+00
      1.39590E+01      0.00000E+00      9.12000E-03      0.00000E+00
      1.39890E+01      0.00000E+00      8.40000E-03      0.00000E+00
      1.40190E+01      0.00000E+00      7.85000E-03      0.00000E+00
      1.40500E+01      0.00000E+00      7.86000E-03      0.00000E+00
      1.40800E+01      0.00000E+00      6.83000E-03      0.00000E+00
      1.41110E+01      0.00000E+00      6.16000E-03      0.00000E+00
      1.41420E+01      0.00000E+00      6.22000E-03      0.00000E+00
      1.41720E+01      0.00000E+00      6.99000E-03      0.00000E+00
      1.42030E+01      0.00000E+00      6.27000E-03      0.00000E+00
      1.42340E+01      0.00000E+00      5.12000E-03      0.00000E+00
      1.42660E+01      0.00000E+00      5.03000E-03      0.00000E+00
      1.42970E+01      0.00000E+00      4.52000E-03      0.00000E+00
      1.43280E+01      0.00000E+00      4.54000E-03      0.00000E+00
      1.43600E+01      0.00000E+00      5.26000E-03      0.00000E+00
      1.43910E+01      0.00000E+00      7.65000E-03      0.00000E+00
      1.44230E+01      0.00000E+00      8.68000E-03      0.00000E+00
      1.44540E+01      0.00000E+00      8.44000E-03      0.00000E+00
      1.44860E+01      0.00000E+00      8.52000E-03      0.00000E+00
      1.45170E+01      0.00000E+00      8.08000E-03      0.00000E+00
      1.45490E+01      0.00000E+00      6.97000E-03      0.00000E+00
      1.45810E+01      0.00000E+00      6.24000E-03      0.00000E+00
      1.46120E+01      0.00000E+00      6.05000E-03      0.00000E+00
      1.46440E+01      0.00000E+00      5.40000E-03      0.00000E+00
      1.46750E+01      0.00000E+00      5.39000E-03      0.00000E+00
      1.47070E+01      0.00000E+00      5.58000E-03      0.00000E+00
      1.47390E+01      0.00000E+00      4.92000E-03      0.00000E+00
      1.47700E+01      0.00000E+00      4.74000E-03      0.00000E+00
      1.48010E+01      0.00000E+00      4.96000E-03      0.00000E+00
      1.48330E+01      0.00000E+00      4.17000E-03      0.00000E+00
      1.48640E+01      0.00000E+00      4.14000E-03      0.00000E+00
      1.48950E+01      0.00000E+00      4.11000E-03      0.00000E+00
      1.49260E+01      0.00000E+00      4.89000E-03      0.00000E+00
      1.49570E+01      0.00000E+00      4.96000E-03      0.00000E+00
      1.49870E+01      0.00000E+00      4.62000E-03      0.00000E+00
      1.50180E+01      0.00000E+00      4.89000E-03      0.00000E+00
      1.50480E+01      0.00000E+00      5.95000E-03      0.00000E+00
      1.50790E+01      0.00000E+00      6.84000E-03      0.00000E+00
      1.51090E+01      0.00000E+00      7.47000E-03      0.00000E+00
      1.51390E+01      0.00000E+00      7.62000E-03      0.00000E+00
      1.51680E+01      0.00000E+00      7.78000E-03      0.00000E+00
      1.51980E+01      0.00000E+00      6.56000E-03      0.00000E+00
      1.52270E+01      0.00000E+00      6.64000E-03      0.00000E+00
      1.52560E+01      0.00000E+00      6.11000E-03      0.00000E+00
      1.52850E+01      0.00000E+00      6.70000E-03      0.00000E+00
      1.53130E+01      0.00000E+00      6.02000E-03      0.00000E+00
      1.53420E+01      0.00000E+00      6.77000E-03      0.00000E+00
      1.53700E+01      0.00000E+00      6.88000E-03      0.00000E+00
      1.53970E+01      0.00000E+00      7.72000E-03      0.00000E+00
      1.54250E+01      0.00000E+00      6.79000E-03      0.00000E+00
      1.54520E+01      0.00000E+00      6.87000E-03      0.00000E+00
      1.54790E+01      0.00000E+00      6.80000E-03      0.00000E+00
      1.55050E+01      0.00000E+00      6.24000E-03      0.00000E+00
      1.55320E+01      0.00000E+00      6.50000E-03      0.00000E+00
      1.55580E+01      0.00000E+00      6.87000E-03      0.00000E+00
      1.55830E+01      0.00000E+00      6.48000E-03      0.00000E+00
      1.56080E+01      0.00000E+00      6.73000E-03      0.00000E+00
      1.56330E+01      0.00000E+00      7.27000E-03      0.00000E+00
      1.56570E+01      0.00000E+00      7.30000E-03      0.00000E+00
      1.56810E+01      0.00000E+00      6.86000E-03      0.00000E+00
      1.57050E+01      0.00000E+00      6.44000E-03      0.00000E+00
      1.57280E+01      0.00000E+00      6.24000E-03      0.00000E+00
      1.57510E+01      0.00000E+00      5.75000E-03      0.00000E+00
      1.57740E+01      0.00000E+00      5.76000E-03      0.00000E+00
      1.58060E+01      0.00000E+00      5.16000E-03      0.00000E+00
      1.58380E+01      0.00000E+00      5.24000E-03      0.00000E+00
      1.58690E+01      0.00000E+00      4.92000E-03      0.00000E+00
      1.58990E+01      0.00000E+00      4.59000E-03      0.00000E+00
      1.59270E+01      0.00000E+00      4.37000E-03      0.00000E+00
      1.59550E+01      0.00000E+00      4.44000E-03      0.00000E+00
      1.59810E+01      0.00000E+00      4.67000E-03      0.00000E+00
      1.60060E+01      0.00000E+00      4.03000E-03      0.00000E+00
      1.60310E+01      0.00000E+00      4.84000E-03      0.00000E+00
      1.60530E+01      0.00000E+00      4.57000E-03      0.00000E+00
      1.60750E+01      0.00000E+00      4.58000E-03      0.00000E+00
      1.60950E+01      0.00000E+00      4.25000E-03      0.00000E+00
      1.61140E+01      0.00000E+00      4.66000E-03      0.00000E+00
      1.61320E+01      0.00000E+00      4.66000E-03      0.00000E+00
      1.61490E+01      0.00000E+00      4.26000E-03      0.00000E+00
      1.61640E+01      0.00000E+00      3.87000E-03      0.00000E+00
      1.61780E+01      0.00000E+00      3.59000E-03      0.00000E+00
      1.61910E+01      0.00000E+00      3.82000E-03      0.00000E+00
      1.62020E+01      0.00000E+00      3.92000E-03      0.00000E+00
      1.62120E+01      0.00000E+00      3.97000E-03      0.00000E+00
      1.62210E+01      0.00000E+00      3.56000E-03      0.00000E+00
      1.62280E+01      0.00000E+00      3.90000E-03      0.00000E+00
      1.62340E+01      0.00000E+00      3.40000E-03      0.00000E+00
      1.62380E+01      0.00000E+00      3.48000E-03      0.00000E+00
      1.62410E+01      0.00000E+00      3.91000E-03      0.00000E+00
      1.62420E+01      0.00000E+00      3.42000E-03      0.00000E+00
